0 0.016981 0.039623 0.007547 0.041509
1 0.043396 0.038679 0.015094 0.039623
2 0.066981 0.037736 0.024528 0.037736
3 0.104717 0.041509 0.024528 0.045283
4 0.152830 0.039623 0.045283 0.041509
5 0.203774 0.039623 0.049057 0.041509
6 0.234906 0.038679 0.005660 0.039623
7 0.250000 0.046226 0.016981 0.054717
8 0.270755 0.046226 0.016981 0.054717
9 0.290566 0.027358 0.015094 0.016981
10 0.016981 0.107547 0.030189 0.030189
11 0.036792 0.112264 0.005660 0.039623
12 0.058491 0.098113 0.011321 0.011321
13 0.082075 0.106604 0.005660 0.028302
14 0.100000 0.113208 0.022642 0.041509
15 0.142453 0.113208 0.028302 0.041509
16 0.175472 0.113208 0.011321 0.041509
17 0.198113 0.113208 0.026415 0.041509
18 0.229245 0.113208 0.024528 0.041509
19 0.257547 0.113208 0.028302 0.041509
20 0.026415 0.173585 0.026415 0.041509
21 0.070755 0.173585 0.028302 0.041509
22 0.101887 0.173585 0.026415 0.041509
23 0.133962 0.173585 0.026415 0.041509
24 0.166981 0.173585 0.028302 0.041509
25 0.199057 0.166981 0.005660 0.028302
26 0.219811 0.170755 0.005660 0.035849
27 0.238679 0.165094 0.028302 0.024528
28 0.273585 0.160377 0.030189 0.015094
29 0.306604 0.166981 0.028302 0.028302
30 0.021698 0.233962 0.016981 0.041509
31 0.057547 0.233962 0.043396 0.041509
32 0.111321 0.233019 0.037736 0.039623
33 0.148113 0.233962 0.028302 0.041509
34 0.183962 0.233962 0.039623 0.041509
35 0.242453 0.233962 0.043396 0.041509
36 0.280189 0.233962 0.028302 0.041509
37 0.322642 0.233962 0.026415 0.041509
38 0.359434 0.233962 0.039623 0.041509
39 0.401887 0.233962 0.037736 0.041509
40 0.022642 0.294340 0.011321 0.041509
41 0.050000 0.300943 0.016981 0.054717
42 0.097170 0.294340 0.043396 0.041509
43 0.146226 0.294340 0.028302 0.041509
44 0.198113 0.294340 0.049057 0.041509
45 0.257547 0.294340 0.043396 0.041509
46 0.316981 0.294340 0.041509 0.041509
47 0.356604 0.294340 0.026415 0.041509
48 0.411321 0.300000 0.049057 0.052830
49 0.458491 0.294340 0.037736 0.041509
50 0.016038 0.367925 0.024528 0.041509
51 0.046226 0.367925 0.032075 0.041509
52 0.083019 0.367925 0.037736 0.041509
53 0.126415 0.367925 0.037736 0.041509
54 0.191509 0.367925 0.058491 0.041509
55 0.243396 0.367925 0.037736 0.041509
56 0.282075 0.367925 0.032075 0.041509
57 0.333962 0.367925 0.037736 0.041509
58 0.373585 0.373585 0.011321 0.052830
59 0.394340 0.367925 0.022642 0.041509
60 0.020755 0.445283 0.011321 0.052830
61 0.057547 0.447170 0.028302 0.056604
62 0.099057 0.433962 0.028302 0.030189
63 0.133962 0.433019 0.007547 0.028302
64 0.173585 0.438679 0.037736 0.039623
65 0.210377 0.439623 0.028302 0.041509
66 0.259434 0.439623 0.039623 0.041509
67 0.317925 0.439623 0.043396 0.041509
68 0.355660 0.439623 0.028302 0.041509
69 0.398113 0.439623 0.026415 0.041509
70 0.033019 0.515094 0.039623 0.041509
71 0.084906 0.515094 0.037736 0.041509
72 0.111321 0.515094 0.011321 0.041509
73 0.129245 0.521698 0.016981 0.054717
74 0.165094 0.515094 0.043396 0.041509
75 0.206604 0.515094 0.028302 0.041509
76 0.258491 0.515094 0.049057 0.041509
77 0.308491 0.515094 0.043396 0.041509
78 0.354717 0.515094 0.041509 0.041509
79 0.390566 0.515094 0.026415 0.041509
80 0.028302 0.594340 0.049057 0.052830
81 0.088679 0.588679 0.037736 0.041509
82 0.136792 0.588679 0.024528 0.041509
83 0.178302 0.588679 0.032075 0.041509
84 0.216981 0.588679 0.037736 0.041509
85 0.269811 0.588679 0.037736 0.041509
86 0.333019 0.588679 0.058491 0.041509
87 0.398113 0.588679 0.037736 0.041509
88 0.434906 0.588679 0.032075 0.041509
89 0.486792 0.588679 0.037736 0.041509
90 0.024528 0.665094 0.015094 0.050943
91 0.047170 0.663208 0.003774 0.047170
92 0.060377 0.665094 0.015094 0.050943
93 0.094340 0.662264 0.026415 0.045283
