0 0.009434 0.038679 0.007547 0.039623
1 0.029245 0.041509 0.020755 0.045283
2 0.060377 0.039623 0.033962 0.041509
3 0.096226 0.041509 0.026415 0.045283
4 0.130189 0.038679 0.037736 0.039623
5 0.183019 0.038679 0.037736 0.039623
6 0.218868 0.041509 0.007547 0.045283
7 0.233962 0.045283 0.018868 0.052830
8 0.255660 0.045283 0.016981 0.052830
9 0.277358 0.031132 0.022642 0.024528
10 0.017925 0.105660 0.028302 0.030189
11 0.041509 0.116038 0.011321 0.050943
12 0.058491 0.113208 0.015094 0.045283
13 0.075472 0.109434 0.007547 0.037736
14 0.088679 0.110377 0.015094 0.039623
15 0.126415 0.110377 0.026415 0.039623
16 0.160377 0.110377 0.007547 0.039623
17 0.178302 0.110377 0.024528 0.039623
18 0.218868 0.110377 0.022642 0.039623
19 0.258491 0.110377 0.026415 0.039623
20 0.015094 0.180189 0.022642 0.039623
21 0.041509 0.180189 0.026415 0.039623
22 0.082075 0.180189 0.024528 0.039623
23 0.110377 0.180189 0.024528 0.039623
24 0.140566 0.180189 0.024528 0.039623
25 0.162264 0.173585 0.007547 0.026415
26 0.175472 0.178302 0.011321 0.035849
27 0.198113 0.176415 0.026415 0.032075
28 0.227358 0.170755 0.028302 0.020755
29 0.268868 0.174528 0.028302 0.028302
30 0.012264 0.238679 0.016981 0.039623
31 0.052830 0.245283 0.052830 0.052830
32 0.102830 0.238679 0.043396 0.039623
33 0.155660 0.238679 0.032075 0.039623
34 0.195283 0.238679 0.035849 0.039623
35 0.235849 0.238679 0.037736 0.039623
36 0.272642 0.238679 0.028302 0.039623
37 0.313208 0.238679 0.026415 0.039623
38 0.347170 0.238679 0.037736 0.039623
39 0.389623 0.238679 0.039623 0.039623
40 0.005660 0.310377 0.007547 0.039623
41 0.023585 0.315094 0.016981 0.049057
42 0.066981 0.310377 0.035849 0.039623
43 0.105660 0.310377 0.030189 0.039623
44 0.154717 0.310377 0.041509 0.039623
45 0.212264 0.310377 0.039623 0.039623
46 0.257547 0.310377 0.043396 0.039623
47 0.297170 0.310377 0.028302 0.039623
48 0.348113 0.315094 0.043396 0.049057
49 0.403774 0.310377 0.033962 0.039623
50 0.031132 0.378302 0.028302 0.039623
51 0.067925 0.378302 0.037736 0.039623
52 0.111321 0.378302 0.037736 0.039623
53 0.166981 0.378302 0.039623 0.039623
54 0.223585 0.378302 0.066038 0.039623
55 0.280189 0.378302 0.043396 0.039623
56 0.334906 0.378302 0.039623 0.039623
57 0.385849 0.378302 0.035849 0.039623
58 0.417925 0.384906 0.016981 0.052830
59 0.449057 0.378302 0.015094 0.039623
60 0.026415 0.456604 0.018868 0.052830
61 0.065094 0.452830 0.024528 0.045283
62 0.097170 0.437736 0.028302 0.015094
63 0.132075 0.441509 0.011321 0.022642
64 0.157547 0.443396 0.028302 0.026415
65 0.186792 0.450000 0.026415 0.039623
66 0.217925 0.443396 0.024528 0.026415
67 0.261321 0.450000 0.028302 0.039623
68 0.292453 0.443396 0.026415 0.026415
69 0.318868 0.450000 0.018868 0.039623
70 0.029245 0.521698 0.028302 0.039623
71 0.069811 0.521698 0.026415 0.039623
72 0.088679 0.521698 0.007547 0.039623
73 0.100000 0.528302 0.011321 0.052830
74 0.124528 0.521698 0.026415 0.039623
75 0.154717 0.521698 0.007547 0.039623
76 0.187736 0.515094 0.047170 0.026415
77 0.237736 0.515094 0.026415 0.026415
78 0.283019 0.515094 0.030189 0.026415
79 0.316981 0.521698 0.026415 0.039623
80 0.019811 0.593396 0.028302 0.039623
81 0.057547 0.586792 0.020755 0.026415
82 0.093396 0.586792 0.020755 0.026415
83 0.118868 0.590566 0.022642 0.033962
84 0.156604 0.586792 0.026415 0.026415
85 0.185849 0.586792 0.028302 0.026415
86 0.225472 0.586792 0.043396 0.026415
87 0.278302 0.586792 0.028302 0.026415
88 0.319811 0.593396 0.028302 0.039623
89 0.352830 0.586792 0.026415 0.026415
90 0.015094 0.658491 0.018868 0.052830
91 0.044340 0.658491 0.005660 0.052830
92 0.062264 0.658491 0.018868 0.052830
93 0.100000 0.666038 0.030189 0.067925
