94 0.020755 0.029245 0.015094 0.020755
95 0.048113 0.030189 0.013208 0.022642
96 0.063208 0.029245 0.013208 0.020755
97 0.080189 0.029245 0.013208 0.020755
98 0.096226 0.029245 0.011321 0.020755
99 0.114151 0.030189 0.013208 0.022642
100 0.128302 0.028302 0.007547 0.018868
101 0.153774 0.029245 0.009434 0.020755
102 0.182075 0.029245 0.013208 0.020755
103 0.199057 0.030189 0.013208 0.022642
104 0.023585 0.071698 0.013208 0.022642
105 0.041509 0.071698 0.018868 0.022642
106 0.062264 0.075472 0.018868 0.030189
107 0.085849 0.075472 0.016981 0.030189
108 0.116038 0.074528 0.016981 0.028302
109 0.135849 0.075472 0.011321 0.030189
110 0.150000 0.070755 0.013208 0.020755
111 0.183019 0.070755 0.018868 0.020755
112 0.204717 0.071698 0.020755 0.022642
113 0.234906 0.070755 0.013208 0.020755
114 0.009434 0.119811 0.011321 0.020755
115 0.027358 0.120755 0.013208 0.022642
116 0.046226 0.119811 0.013208 0.020755
117 0.074528 0.120755 0.009434 0.022642
118 0.089623 0.119811 0.013208 0.020755
119 0.119811 0.118868 0.013208 0.018868
120 0.150943 0.125472 0.015094 0.032075
121 0.180189 0.119811 0.013208 0.020755
122 0.211321 0.125472 0.015094 0.032075
123 0.228302 0.118868 0.015094 0.018868
124 0.021698 0.176415 0.016981 0.032075
125 0.042453 0.171698 0.016981 0.022642
126 0.061321 0.170755 0.013208 0.020755
127 0.089623 0.170755 0.013208 0.020755
128 0.112264 0.171698 0.005660 0.022642
129 0.127358 0.174528 0.013208 0.028302
130 0.156604 0.171698 0.015094 0.022642
131 0.185849 0.174528 0.016981 0.028302
132 0.200000 0.171698 0.007547 0.022642
133 0.225472 0.172642 0.013208 0.024528
134 0.023585 0.220755 0.013208 0.018868
135 0.041509 0.223585 0.015094 0.024528
136 0.068868 0.221698 0.013208 0.020755
137 0.098113 0.224528 0.015094 0.026415
138 0.114151 0.222642 0.013208 0.022642
139 0.141509 0.222642 0.011321 0.022642
140 0.159434 0.221698 0.013208 0.020755
141 0.171698 0.220755 0.007547 0.018868
142 0.182075 0.215094 0.005660 0.007547
143 0.191509 0.221698 0.005660 0.020755
144 0.023585 0.272642 0.013208 0.032075
145 0.041509 0.259434 0.011321 0.005660
146 0.069811 0.259434 0.011321 0.005660
147 0.083962 0.260377 0.013208 0.007547
148 0.101887 0.259434 0.011321 0.005660
149 0.115094 0.260377 0.003774 0.007547
150 0.125472 0.260377 0.005660 0.007547
151 0.145283 0.259434 0.003774 0.005660
152 0.154717 0.266981 0.003774 0.020755
153 0.166038 0.266981 0.011321 0.020755
154 0.012264 0.328302 0.016981 0.041509
155 0.043396 0.329245 0.011321 0.043396
156 0.069811 0.328302 0.011321 0.041509
157 0.093396 0.322642 0.005660 0.030189
158 0.117925 0.319811 0.013208 0.024528
159 0.142453 0.311321 0.005660 0.007547
160 0.151887 0.309434 0.001887 0.003774
161 0.173585 0.311321 0.007547 0.007547
162 0.185849 0.311321 0.009434 0.007547
163 0.207547 0.310377 0.007547 0.005660
164 0.005660 0.371698 0.003774 0.003774
165 0.024528 0.373585 0.003774 0.007547
166 0.034906 0.376415 0.009434 0.013208
167 0.065094 0.378302 0.016981 0.016981
168 0.085849 0.376415 0.013208 0.013208
169 0.102830 0.377358 0.013208 0.015094
170 0.133962 0.377358 0.018868 0.015094
171 0.163208 0.376415 0.013208 0.013208
172 0.193396 0.376415 0.013208 0.013208
173 0.223585 0.378302 0.013208 0.016981
174 0.013208 0.415094 0.015094 0.018868
175 0.045283 0.412264 0.018868 0.013208
176 0.066038 0.412264 0.015094 0.013208
177 0.085849 0.412264 0.016981 0.013208
178 0.119811 0.416038 0.016981 0.020755
179 0.166038 0.416038 0.041509 0.020755
180 0.196226 0.421698 0.015094 0.032075
