0 0.010377 0.037736 0.009434 0.037736
1 0.028302 0.041509 0.018868 0.045283
2 0.070755 0.035849 0.035849 0.033962
3 0.117925 0.041509 0.028302 0.045283
4 0.156604 0.035849 0.041509 0.033962
5 0.211321 0.035849 0.033962 0.033962
6 0.234906 0.041509 0.009434 0.045283
7 0.252830 0.041509 0.015094 0.045283
8 0.271698 0.041509 0.015094 0.045283
9 0.291509 0.027358 0.016981 0.016981
10 0.018868 0.097170 0.026415 0.028302
11 0.050943 0.108491 0.011321 0.050943
12 0.080189 0.105660 0.016981 0.045283
13 0.108491 0.111321 0.009434 0.056604
14 0.128302 0.105660 0.018868 0.045283
15 0.166038 0.100000 0.030189 0.033962
16 0.196226 0.100000 0.018868 0.033962
17 0.233019 0.100000 0.024528 0.033962
18 0.270755 0.100000 0.024528 0.033962
19 0.302830 0.100000 0.032075 0.033962
20 0.029245 0.175472 0.024528 0.033962
21 0.070755 0.175472 0.028302 0.033962
22 0.102830 0.175472 0.024528 0.033962
23 0.144340 0.175472 0.028302 0.033962
24 0.176415 0.175472 0.028302 0.033962
25 0.200000 0.172642 0.011321 0.028302
26 0.227358 0.175472 0.013208 0.033962
27 0.258491 0.172642 0.022642 0.028302
28 0.287736 0.167925 0.024528 0.018868
29 0.326415 0.172642 0.022642 0.028302
30 0.014151 0.228302 0.024528 0.033962
31 0.066981 0.236792 0.054717 0.050943
32 0.112264 0.228302 0.032075 0.033962
33 0.157547 0.228302 0.028302 0.033962
34 0.199057 0.228302 0.028302 0.033962
35 0.242453 0.228302 0.032075 0.033962
36 0.287736 0.228302 0.024528 0.033962
37 0.317925 0.228302 0.024528 0.033962
38 0.361321 0.228302 0.032075 0.033962
39 0.394340 0.228302 0.030189 0.033962
40 0.006604 0.298113 0.009434 0.033962
41 0.033019 0.298113 0.016981 0.033962
42 0.058491 0.298113 0.030189 0.033962
43 0.088679 0.298113 0.022642 0.033962
44 0.124528 0.298113 0.037736 0.033962
45 0.160377 0.298113 0.030189 0.033962
46 0.206604 0.298113 0.035849 0.033962
47 0.240566 0.298113 0.028302 0.033962
48 0.279245 0.301887 0.037736 0.041509
49 0.316038 0.298113 0.028302 0.033962
50 0.026415 0.358491 0.026415 0.033962
51 0.070755 0.358491 0.028302 0.033962
52 0.116981 0.358491 0.030189 0.033962
53 0.165094 0.358491 0.032075 0.033962
54 0.209434 0.358491 0.045283 0.033962
55 0.252830 0.358491 0.030189 0.033962
56 0.288679 0.358491 0.030189 0.033962
57 0.331132 0.358491 0.028302 0.033962
58 0.369811 0.364151 0.015094 0.045283
59 0.404717 0.364151 0.020755 0.045283
60 0.020755 0.428302 0.015094 0.045283
61 0.045283 0.424528 0.022642 0.037736
62 0.087736 0.435849 0.028302 0.060377
63 0.123585 0.422642 0.013208 0.033962
64 0.145283 0.419811 0.026415 0.028302
65 0.189623 0.424528 0.028302 0.037736
66 0.233019 0.419811 0.024528 0.028302
67 0.272642 0.424528 0.028302 0.037736
68 0.301887 0.419811 0.026415 0.028302
69 0.339623 0.425472 0.018868 0.039623
70 0.026415 0.503774 0.026415 0.037736
71 0.069811 0.503774 0.026415 0.037736
72 0.093396 0.504717 0.009434 0.039623
73 0.110377 0.509434 0.013208 0.049057
74 0.135849 0.503774 0.026415 0.037736
75 0.155660 0.503774 0.009434 0.037736
76 0.196226 0.499057 0.041509 0.028302
77 0.232075 0.499057 0.026415 0.028302
78 0.262264 0.499057 0.030189 0.028302
79 0.307547 0.503774 0.026415 0.037736
80 0.027358 0.571698 0.028302 0.037736
81 0.054717 0.566981 0.018868 0.028302
82 0.082075 0.566981 0.024528 0.028302
83 0.106604 0.569811 0.016981 0.033962
84 0.130189 0.566981 0.026415 0.028302
85 0.171698 0.566981 0.026415 0.028302
86 0.222642 0.566981 0.041509 0.028302
87 0.273585 0.566981 0.026415 0.028302
88 0.304717 0.571698 0.028302 0.037736
89 0.336792 0.566981 0.024528 0.028302
90 0.011321 0.632075 0.015094 0.045283
91 0.026415 0.633019 0.007547 0.047170
92 0.050943 0.632075 0.015094 0.045283
93 0.083962 0.643396 0.024528 0.067925
