94 0.016981 0.030189 0.022642 0.022642
95 0.040566 0.030189 0.020755 0.022642
96 0.064151 0.030189 0.022642 0.022642
97 0.087736 0.030189 0.020755 0.022642
98 0.112264 0.030189 0.020755 0.022642
99 0.150943 0.030189 0.026415 0.022642
100 0.175472 0.030189 0.018868 0.022642
101 0.211321 0.030189 0.022642 0.022642
102 0.249057 0.030189 0.026415 0.022642
103 0.279245 0.032075 0.022642 0.026415
104 0.015094 0.077358 0.026415 0.026415
105 0.060377 0.075472 0.033962 0.022642
106 0.112264 0.081132 0.035849 0.033962
107 0.157547 0.081132 0.024528 0.033962
108 0.195283 0.081132 0.024528 0.033962
109 0.220755 0.082075 0.022642 0.035849
110 0.252830 0.075472 0.030189 0.022642
111 0.300943 0.075472 0.035849 0.022642
112 0.355660 0.075472 0.039623 0.022642
113 0.391509 0.076415 0.024528 0.024528
114 0.026415 0.130189 0.022642 0.022642
115 0.066038 0.130189 0.022642 0.022642
116 0.107547 0.130189 0.026415 0.022642
117 0.133962 0.130189 0.022642 0.022642
118 0.177358 0.130189 0.030189 0.022642
119 0.218868 0.130189 0.026415 0.022642
120 0.258491 0.133962 0.026415 0.030189
121 0.288679 0.130189 0.022642 0.022642
122 0.316981 0.133962 0.022642 0.030189
123 0.356604 0.130189 0.030189 0.022642
124 0.020755 0.183019 0.030189 0.030189
125 0.050000 0.179245 0.024528 0.022642
126 0.089623 0.179245 0.024528 0.022642
127 0.126415 0.179245 0.022642 0.022642
128 0.166038 0.179245 0.022642 0.022642
129 0.190566 0.183962 0.022642 0.032075
130 0.228302 0.179245 0.022642 0.022642
131 0.265094 0.183962 0.024528 0.032075
132 0.293396 0.179245 0.020755 0.022642
133 0.329245 0.181132 0.024528 0.026415
134 0.019811 0.230189 0.032075 0.022642
135 0.066038 0.232075 0.026415 0.026415
136 0.107547 0.230189 0.026415 0.022642
137 0.141509 0.233019 0.033962 0.028302
138 0.176415 0.230189 0.024528 0.022642
139 0.217925 0.232075 0.024528 0.026415
140 0.245283 0.230189 0.022642 0.022642
141 0.268868 0.230189 0.020755 0.022642
142 0.304717 0.223585 0.024528 0.009434
143 0.328302 0.230189 0.018868 0.022642
144 0.031132 0.284906 0.032075 0.037736
145 0.070755 0.270755 0.020755 0.009434
146 0.097170 0.271698 0.020755 0.011321
147 0.122642 0.271698 0.022642 0.011321
148 0.148113 0.271698 0.020755 0.011321
149 0.166981 0.273585 0.009434 0.015094
150 0.186792 0.273585 0.018868 0.015094
151 0.203774 0.269811 0.007547 0.007547
152 0.216981 0.277358 0.011321 0.022642
153 0.250000 0.277358 0.024528 0.022642
154 0.015094 0.344340 0.022642 0.043396
155 0.037736 0.344340 0.018868 0.043396
156 0.060377 0.343396 0.022642 0.041509
157 0.084906 0.338679 0.018868 0.032075
158 0.120755 0.338679 0.022642 0.032075
159 0.145283 0.330189 0.018868 0.015094
160 0.169811 0.327358 0.003774 0.009434
161 0.182075 0.328302 0.016981 0.011321
162 0.217925 0.328302 0.020755 0.011321
163 0.237736 0.328302 0.011321 0.011321
164 0.022642 0.390566 0.015094 0.011321
165 0.039623 0.390566 0.011321 0.011321
166 0.052830 0.391509 0.011321 0.013208
167 0.083019 0.394340 0.018868 0.018868
168 0.105660 0.393396 0.022642 0.016981
169 0.130189 0.396226 0.022642 0.022642
170 0.170755 0.398113 0.032075 0.026415
171 0.213208 0.393396 0.026415 0.016981
172 0.253774 0.398113 0.028302 0.026415
173 0.295283 0.398113 0.028302 0.026415
174 0.015094 0.443396 0.026415 0.026415
175 0.049057 0.443396 0.037736 0.026415
176 0.087736 0.443396 0.028302 0.026415
177 0.136792 0.443396 0.035849 0.026415
178 0.185849 0.441509 0.032075 0.022642
179 0.242453 0.441509 0.050943 0.022642
180 0.283962 0.448113 0.024528 0.035849
