0 0.019811 0.037736 0.005660 0.037736
1 0.033019 0.041509 0.013208 0.045283
2 0.067925 0.037736 0.030189 0.037736
3 0.099057 0.035849 0.020755 0.033962
4 0.145283 0.037736 0.041509 0.037736
5 0.199057 0.037736 0.032075 0.037736
6 0.232075 0.041509 0.003774 0.045283
7 0.256604 0.040566 0.011321 0.043396
8 0.271698 0.042453 0.011321 0.047170
9 0.290566 0.030189 0.022642 0.022642
10 0.026415 0.097170 0.022642 0.024528
11 0.056604 0.110377 0.011321 0.050943
12 0.073585 0.096226 0.011321 0.022642
13 0.099057 0.099057 0.005660 0.028302
14 0.111321 0.107547 0.015094 0.045283
15 0.144340 0.098113 0.024528 0.026415
16 0.170755 0.098113 0.020755 0.026415
17 0.193396 0.098113 0.020755 0.026415
18 0.216038 0.103774 0.020755 0.037736
19 0.255660 0.103774 0.024528 0.037736
20 0.026415 0.173585 0.022642 0.037736
21 0.052830 0.173585 0.022642 0.037736
22 0.091509 0.173585 0.020755 0.037736
23 0.129245 0.173585 0.024528 0.037736
24 0.155660 0.173585 0.024528 0.037736
25 0.174528 0.166038 0.005660 0.022642
26 0.196226 0.171698 0.011321 0.033962
27 0.215094 0.166038 0.022642 0.022642
28 0.241509 0.161321 0.022642 0.013208
29 0.281132 0.166038 0.022642 0.022642
30 0.024528 0.230189 0.018868 0.037736
31 0.063208 0.235849 0.047170 0.049057
32 0.117925 0.230189 0.032075 0.037736
33 0.160377 0.230189 0.026415 0.037736
34 0.190566 0.230189 0.026415 0.037736
35 0.220755 0.230189 0.030189 0.037736
36 0.262264 0.230189 0.022642 0.037736
37 0.301887 0.230189 0.022642 0.037736
38 0.340566 0.230189 0.028302 0.037736
39 0.383019 0.230189 0.030189 0.037736
40 0.015094 0.298113 0.003774 0.037736
41 0.040566 0.298113 0.013208 0.037736
42 0.062264 0.298113 0.026415 0.037736
43 0.092453 0.298113 0.022642 0.037736
44 0.124528 0.298113 0.037736 0.037736
45 0.160377 0.298113 0.030189 0.037736
46 0.207547 0.298113 0.033962 0.037736
47 0.251887 0.298113 0.024528 0.037736
48 0.286792 0.298113 0.033962 0.037736
49 0.320755 0.298113 0.026415 0.037736
50 0.015094 0.354717 0.022642 0.037736
51 0.053774 0.354717 0.028302 0.037736
52 0.085849 0.354717 0.028302 0.037736
53 0.128302 0.354717 0.030189 0.037736
54 0.183019 0.354717 0.045283 0.037736
55 0.226415 0.354717 0.030189 0.037736
56 0.271698 0.354717 0.030189 0.037736
57 0.301887 0.354717 0.026415 0.037736
58 0.326415 0.358491 0.011321 0.045283
59 0.353774 0.358491 0.013208 0.045283
60 0.007547 0.422642 0.011321 0.045283
61 0.040566 0.422642 0.024528 0.045283
62 0.072642 0.415094 0.028302 0.030189
63 0.105660 0.414151 0.007547 0.028302
64 0.136792 0.413208 0.020755 0.026415
65 0.172642 0.419811 0.024528 0.039623
66 0.207547 0.413208 0.018868 0.026415
67 0.230189 0.419811 0.022642 0.039623
68 0.266038 0.413208 0.022642 0.026415
69 0.287736 0.419811 0.016981 0.039623
70 0.028302 0.483962 0.022642 0.039623
71 0.066038 0.483962 0.022642 0.039623
72 0.094340 0.483019 0.003774 0.037736
73 0.103774 0.489623 0.011321 0.050943
74 0.125472 0.483962 0.020755 0.039623
75 0.150943 0.483962 0.003774 0.039623
76 0.186792 0.477358 0.037736 0.026415
77 0.222642 0.477358 0.022642 0.026415
78 0.249057 0.477358 0.026415 0.026415
79 0.288679 0.483962 0.022642 0.039623
80 0.013208 0.553774 0.022642 0.039623
81 0.045283 0.547170 0.015094 0.026415
82 0.067925 0.547170 0.018868 0.026415
83 0.101887 0.550943 0.018868 0.033962
84 0.127358 0.547170 0.020755 0.026415
85 0.155660 0.547170 0.024528 0.026415
86 0.191509 0.547170 0.035849 0.026415
87 0.222642 0.547170 0.022642 0.026415
88 0.262264 0.553774 0.026415 0.039623
89 0.291509 0.547170 0.020755 0.026415
90 0.019811 0.615094 0.013208 0.045283
91 0.045283 0.618868 0.003774 0.052830
92 0.066038 0.615094 0.011321 0.045283
93 0.097170 0.609434 0.020755 0.033962
