0 0.019811 0.036792 0.009434 0.035849
1 0.035849 0.050000 0.018868 0.062264
2 0.075472 0.036792 0.026415 0.035849
3 0.111321 0.039623 0.018868 0.041509
4 0.138679 0.036792 0.024528 0.035849
5 0.183962 0.036792 0.035849 0.035849
6 0.218868 0.050000 0.007547 0.062264
7 0.232075 0.046226 0.015094 0.054717
8 0.250000 0.046226 0.013208 0.054717
9 0.271698 0.030189 0.022642 0.022642
10 0.014151 0.112264 0.020755 0.024528
11 0.042453 0.131132 0.009434 0.062264
12 0.066038 0.116981 0.011321 0.033962
13 0.089623 0.123585 0.009434 0.047170
14 0.103774 0.123585 0.015094 0.047170
15 0.141509 0.115094 0.026415 0.030189
16 0.174528 0.115094 0.013208 0.030189
17 0.206604 0.115094 0.020755 0.030189
18 0.230189 0.120755 0.022642 0.041509
19 0.260377 0.119811 0.026415 0.039623
20 0.016981 0.200943 0.022642 0.039623
21 0.042453 0.199057 0.024528 0.035849
22 0.079245 0.200943 0.022642 0.039623
23 0.105660 0.199057 0.026415 0.035849
24 0.133019 0.201887 0.024528 0.041509
25 0.155660 0.194340 0.009434 0.026415
26 0.178302 0.200000 0.009434 0.037736
27 0.208491 0.192453 0.020755 0.022642
28 0.246226 0.190566 0.020755 0.018868
29 0.272642 0.192453 0.020755 0.022642
30 0.021698 0.259434 0.016981 0.035849
31 0.056604 0.268868 0.049057 0.054717
32 0.112264 0.259434 0.035849 0.035849
33 0.150000 0.259434 0.028302 0.035849
34 0.193396 0.259434 0.028302 0.035849
35 0.226415 0.259434 0.030189 0.035849
36 0.257547 0.259434 0.024528 0.035849
37 0.294340 0.259434 0.022642 0.035849
38 0.322642 0.259434 0.030189 0.035849
39 0.355660 0.259434 0.028302 0.035849
40 0.005660 0.333019 0.007547 0.035849
41 0.033962 0.333019 0.018868 0.035849
42 0.072642 0.333019 0.028302 0.035849
43 0.113208 0.333019 0.022642 0.035849
44 0.150943 0.333019 0.041509 0.035849
45 0.203774 0.333019 0.030189 0.035849
46 0.251887 0.333019 0.035849 0.035849
47 0.298113 0.333019 0.026415 0.035849
48 0.334906 0.339623 0.035849 0.049057
49 0.382075 0.333019 0.028302 0.035849
50 0.029245 0.400943 0.024528 0.035849
51 0.072642 0.400943 0.028302 0.035849
52 0.116981 0.400943 0.030189 0.035849
53 0.150000 0.400943 0.032075 0.035849
54 0.197170 0.400943 0.050943 0.035849
55 0.255660 0.400943 0.032075 0.035849
56 0.292453 0.400943 0.030189 0.035849
57 0.325472 0.400943 0.024528 0.035849
58 0.348113 0.410377 0.013208 0.054717
59 0.375472 0.406604 0.015094 0.047170
60 0.021698 0.483962 0.013208 0.054717
61 0.042453 0.479245 0.024528 0.045283
62 0.083962 0.479245 0.028302 0.045283
63 0.120755 0.470755 0.011321 0.028302
64 0.154717 0.469811 0.022642 0.026415
65 0.183962 0.476415 0.024528 0.039623
66 0.221698 0.469811 0.020755 0.026415
67 0.262264 0.476415 0.026415 0.039623
68 0.300943 0.469811 0.024528 0.026415
69 0.327358 0.476415 0.016981 0.039623
70 0.016038 0.551887 0.028302 0.043396
71 0.059434 0.550000 0.024528 0.039623
72 0.079245 0.550000 0.007547 0.039623
73 0.104717 0.556604 0.009434 0.052830
74 0.123585 0.550000 0.024528 0.039623
75 0.143396 0.550000 0.007547 0.039623
76 0.184906 0.543396 0.041509 0.026415
77 0.232075 0.543396 0.026415 0.026415
78 0.265094 0.543396 0.028302 0.026415
79 0.299057 0.550000 0.028302 0.039623
80 0.016981 0.621698 0.026415 0.039623
81 0.052830 0.615094 0.018868 0.026415
82 0.084906 0.615094 0.018868 0.026415
83 0.106604 0.619811 0.016981 0.035849
84 0.133962 0.615094 0.026415 0.026415
85 0.174528 0.615094 0.024528 0.026415
86 0.220755 0.615094 0.041509 0.026415
87 0.260377 0.615094 0.026415 0.026415
88 0.289623 0.621698 0.024528 0.039623
89 0.325472 0.615094 0.020755 0.026415
90 0.023585 0.687736 0.016981 0.054717
91 0.051887 0.689623 0.005660 0.058491
92 0.080189 0.687736 0.016981 0.054717
93 0.108491 0.700000 0.028302 0.079245
