0 0.016038 0.037736 0.005660 0.037736
1 0.030189 0.038679 0.011321 0.039623
2 0.053774 0.035849 0.024528 0.033962
3 0.082075 0.035849 0.020755 0.033962
4 0.113208 0.034906 0.033962 0.032075
5 0.150943 0.037736 0.037736 0.037736
6 0.177358 0.038679 0.003774 0.039623
7 0.200943 0.043396 0.013208 0.049057
8 0.218868 0.042453 0.011321 0.047170
9 0.236792 0.028302 0.016981 0.018868
10 0.016981 0.100943 0.026415 0.028302
11 0.049057 0.106604 0.007547 0.039623
12 0.076415 0.098113 0.013208 0.022642
13 0.089623 0.100943 0.005660 0.028302
14 0.101887 0.107547 0.015094 0.041509
15 0.127358 0.100000 0.024528 0.026415
16 0.153774 0.100000 0.016981 0.026415
17 0.189623 0.100000 0.020755 0.026415
18 0.226415 0.104717 0.018868 0.035849
19 0.251887 0.104717 0.024528 0.035849
20 0.023585 0.165094 0.016981 0.035849
21 0.045283 0.165094 0.022642 0.035849
22 0.081132 0.164151 0.022642 0.033962
23 0.116038 0.165094 0.020755 0.035849
24 0.150943 0.165094 0.022642 0.035849
25 0.170755 0.159434 0.005660 0.024528
26 0.179245 0.161321 0.007547 0.028302
27 0.200943 0.161321 0.024528 0.028302
28 0.241509 0.153774 0.026415 0.013208
29 0.270755 0.161321 0.024528 0.028302
30 0.009434 0.221698 0.015094 0.039623
31 0.037736 0.221698 0.037736 0.039623
32 0.079245 0.220755 0.037736 0.037736
33 0.118868 0.220755 0.030189 0.037736
34 0.165094 0.221698 0.035849 0.039623
35 0.203774 0.220755 0.037736 0.037736
36 0.254717 0.220755 0.030189 0.037736
37 0.284906 0.220755 0.026415 0.037736
38 0.318868 0.221698 0.037736 0.039623
39 0.360377 0.220755 0.041509 0.037736
40 0.024528 0.279245 0.015094 0.037736
41 0.056604 0.283962 0.015094 0.047170
42 0.096226 0.279245 0.037736 0.037736
43 0.144340 0.279245 0.028302 0.037736
44 0.185849 0.279245 0.047170 0.037736
45 0.231132 0.279245 0.039623 0.037736
46 0.283962 0.280189 0.039623 0.039623
47 0.331132 0.279245 0.028302 0.037736
48 0.378302 0.283962 0.039623 0.047170
49 0.416981 0.279245 0.033962 0.037736
50 0.024528 0.346226 0.022642 0.039623
51 0.053774 0.346226 0.032075 0.039623
52 0.104717 0.345283 0.039623 0.037736
53 0.160377 0.345283 0.037736 0.037736
54 0.209434 0.345283 0.052830 0.037736
55 0.269811 0.345283 0.037736 0.037736
56 0.322642 0.345283 0.033962 0.037736
57 0.357547 0.345283 0.032075 0.037736
58 0.393396 0.350943 0.009434 0.049057
59 0.409434 0.347170 0.015094 0.041509
60 0.017925 0.418868 0.009434 0.049057
61 0.047170 0.416981 0.022642 0.045283
62 0.085849 0.401887 0.028302 0.015094
63 0.105660 0.405660 0.007547 0.022642
64 0.122642 0.406604 0.022642 0.024528
65 0.162264 0.414151 0.026415 0.039623
66 0.191509 0.406604 0.020755 0.024528
67 0.221698 0.414151 0.028302 0.039623
68 0.250000 0.406604 0.020755 0.024528
69 0.283962 0.414151 0.020755 0.039623
70 0.029245 0.481132 0.024528 0.037736
71 0.061321 0.482075 0.028302 0.039623
72 0.087736 0.481132 0.013208 0.037736
73 0.116981 0.487736 0.011321 0.050943
74 0.151887 0.482075 0.028302 0.039623
75 0.173585 0.482075 0.011321 0.039623
76 0.204717 0.474528 0.043396 0.024528
77 0.242453 0.474528 0.028302 0.024528
78 0.283019 0.474528 0.026415 0.024528
79 0.324528 0.482075 0.026415 0.039623
80 0.017925 0.550943 0.028302 0.037736
81 0.054717 0.544340 0.018868 0.024528
82 0.074528 0.544340 0.016981 0.024528
83 0.105660 0.548113 0.015094 0.032075
84 0.142453 0.544340 0.028302 0.024528
85 0.183962 0.544340 0.028302 0.024528
86 0.233019 0.544340 0.039623 0.024528
87 0.267925 0.544340 0.026415 0.024528
88 0.310377 0.551887 0.028302 0.039623
89 0.350943 0.545283 0.022642 0.026415
90 0.023585 0.616038 0.013208 0.050943
91 0.045283 0.618868 0.003774 0.056604
92 0.057547 0.616038 0.013208 0.050943
93 0.079245 0.607547 0.026415 0.033962
