0 0.007547 0.040566 0.007547 0.043396
1 0.032075 0.038679 0.015094 0.039623
2 0.066038 0.040566 0.026415 0.043396
3 0.095283 0.044340 0.020755 0.050943
4 0.124528 0.040566 0.033962 0.043396
5 0.168868 0.040566 0.024528 0.043396
6 0.187736 0.038679 0.005660 0.039623
7 0.200943 0.043396 0.013208 0.049057
8 0.219811 0.043396 0.013208 0.049057
9 0.239623 0.030189 0.018868 0.022642
10 0.026415 0.099057 0.022642 0.020755
11 0.046226 0.105660 0.005660 0.033962
12 0.061321 0.105660 0.013208 0.033962
13 0.087736 0.107547 0.005660 0.037736
14 0.116981 0.110377 0.022642 0.043396
15 0.152830 0.110377 0.022642 0.043396
16 0.169811 0.110377 0.007547 0.043396
17 0.200943 0.110377 0.020755 0.043396
18 0.234906 0.110377 0.020755 0.043396
19 0.262264 0.110377 0.022642 0.043396
20 0.025472 0.172642 0.020755 0.043396
21 0.048113 0.172642 0.020755 0.043396
22 0.083962 0.172642 0.020755 0.043396
23 0.120755 0.172642 0.022642 0.043396
24 0.157547 0.172642 0.020755 0.043396
25 0.187736 0.163208 0.005660 0.024528
26 0.208491 0.165094 0.005660 0.028302
27 0.221698 0.161321 0.016981 0.020755
28 0.247170 0.159434 0.022642 0.016981
29 0.270755 0.163208 0.016981 0.024528
30 0.012264 0.234906 0.020755 0.043396
31 0.040566 0.234906 0.028302 0.043396
32 0.069811 0.234906 0.022642 0.043396
33 0.109434 0.234906 0.022642 0.043396
34 0.145283 0.234906 0.022642 0.043396
35 0.183019 0.234906 0.022642 0.043396
36 0.218868 0.234906 0.018868 0.043396
37 0.243396 0.234906 0.018868 0.043396
38 0.277358 0.234906 0.022642 0.043396
39 0.313208 0.234906 0.022642 0.043396
40 0.004717 0.297170 0.005660 0.043396
41 0.023585 0.297170 0.020755 0.043396
42 0.062264 0.297170 0.022642 0.043396
43 0.085849 0.297170 0.016981 0.043396
44 0.113208 0.297170 0.026415 0.043396
45 0.154717 0.297170 0.022642 0.043396
46 0.194340 0.297170 0.022642 0.043396
47 0.231132 0.297170 0.020755 0.043396
48 0.255660 0.297170 0.024528 0.043396
49 0.292453 0.297170 0.022642 0.043396
50 0.023585 0.359434 0.020755 0.043396
51 0.046226 0.359434 0.020755 0.043396
52 0.069811 0.359434 0.022642 0.043396
53 0.109434 0.359434 0.022642 0.043396
54 0.151887 0.359434 0.032075 0.043396
55 0.183019 0.359434 0.022642 0.043396
56 0.209434 0.359434 0.022642 0.043396
57 0.245283 0.359434 0.018868 0.043396
58 0.263208 0.363208 0.013208 0.050943
59 0.285849 0.359434 0.020755 0.043396
60 0.007547 0.433019 0.011321 0.050943
61 0.026415 0.422642 0.018868 0.030189
62 0.060377 0.430189 0.022642 0.045283
63 0.092453 0.418868 0.011321 0.022642
64 0.113208 0.421698 0.018868 0.028302
65 0.147170 0.429245 0.018868 0.043396
66 0.183019 0.421698 0.018868 0.028302
67 0.215094 0.429245 0.018868 0.043396
68 0.237736 0.421698 0.018868 0.028302
69 0.260377 0.429245 0.015094 0.043396
70 0.026415 0.497170 0.018868 0.039623
71 0.050943 0.499057 0.018868 0.043396
72 0.066038 0.496226 0.007547 0.037736
73 0.077358 0.501887 0.011321 0.049057
74 0.107547 0.499057 0.018868 0.043396
75 0.125472 0.499057 0.005660 0.043396
76 0.156604 0.491509 0.030189 0.028302
77 0.186792 0.491509 0.018868 0.028302
78 0.207547 0.491509 0.018868 0.028302
79 0.239623 0.497170 0.018868 0.039623
80 0.022642 0.565094 0.018868 0.039623
81 0.057547 0.559434 0.016981 0.028302
82 0.087736 0.559434 0.016981 0.028302
83 0.103774 0.563208 0.011321 0.035849
84 0.124528 0.559434 0.018868 0.028302
85 0.158491 0.559434 0.018868 0.028302
86 0.195283 0.559434 0.028302 0.028302
87 0.224528 0.559434 0.018868 0.028302
88 0.247170 0.565094 0.018868 0.039623
89 0.281132 0.559434 0.015094 0.028302
90 0.025472 0.629245 0.016981 0.050943
91 0.050000 0.630189 0.005660 0.052830
92 0.074528 0.629245 0.016981 0.050943
93 0.099057 0.632075 0.020755 0.056604
