0 0.005660 0.038679 0.007547 0.039623
1 0.020755 0.041509 0.015094 0.045283
2 0.044340 0.035849 0.028302 0.033962
3 0.086792 0.043396 0.026415 0.049057
4 0.133019 0.038679 0.039623 0.039623
5 0.184906 0.038679 0.037736 0.039623
6 0.219811 0.041509 0.005660 0.045283
7 0.247170 0.044340 0.015094 0.050943
8 0.275472 0.044340 0.015094 0.050943
9 0.297170 0.028302 0.020755 0.018868
10 0.019811 0.103774 0.028302 0.030189
11 0.041509 0.111321 0.007547 0.045283
12 0.057547 0.100000 0.016981 0.022642
13 0.071698 0.107547 0.007547 0.037736
14 0.102830 0.115094 0.020755 0.052830
15 0.140566 0.103774 0.028302 0.030189
16 0.177358 0.103774 0.018868 0.030189
17 0.212264 0.103774 0.024528 0.030189
18 0.243396 0.108491 0.026415 0.039623
19 0.272642 0.108491 0.028302 0.039623
20 0.027358 0.180189 0.024528 0.039623
21 0.067925 0.180189 0.026415 0.039623
22 0.096226 0.180189 0.026415 0.039623
23 0.128302 0.180189 0.026415 0.039623
24 0.158491 0.180189 0.026415 0.039623
25 0.191509 0.174528 0.005660 0.028302
26 0.215094 0.178302 0.007547 0.035849
27 0.246226 0.173585 0.024528 0.026415
28 0.274528 0.166981 0.028302 0.013208
29 0.317925 0.173585 0.024528 0.026415
30 0.012264 0.238679 0.020755 0.039623
31 0.045283 0.242453 0.041509 0.047170
32 0.089623 0.238679 0.039623 0.039623
33 0.127358 0.238679 0.032075 0.039623
34 0.176415 0.238679 0.032075 0.039623
35 0.224528 0.238679 0.037736 0.039623
36 0.262264 0.238679 0.033962 0.039623
37 0.309434 0.238679 0.030189 0.039623
38 0.347170 0.238679 0.037736 0.039623
39 0.402830 0.238679 0.039623 0.039623
40 0.010377 0.304717 0.016981 0.039623
41 0.046226 0.304717 0.028302 0.039623
42 0.096226 0.304717 0.037736 0.039623
43 0.147170 0.304717 0.030189 0.039623
44 0.189623 0.304717 0.047170 0.039623
45 0.251887 0.304717 0.043396 0.039623
46 0.294340 0.304717 0.037736 0.039623
47 0.341509 0.304717 0.030189 0.039623
48 0.379245 0.310377 0.037736 0.050943
49 0.432075 0.304717 0.037736 0.039623
50 0.017925 0.374528 0.028302 0.039623
51 0.054717 0.374528 0.033962 0.039623
52 0.104717 0.374528 0.039623 0.039623
53 0.159434 0.374528 0.039623 0.039623
54 0.220755 0.374528 0.056604 0.039623
55 0.274528 0.374528 0.039623 0.039623
56 0.318868 0.374528 0.037736 0.039623
57 0.370755 0.374528 0.032075 0.039623
58 0.397170 0.380189 0.013208 0.050943
59 0.419811 0.381132 0.020755 0.052830
60 0.022642 0.451887 0.015094 0.050943
61 0.059434 0.445283 0.024528 0.037736
62 0.093396 0.433962 0.035849 0.015094
63 0.119811 0.440566 0.009434 0.028302
64 0.151887 0.440566 0.024528 0.028302
65 0.194340 0.448113 0.030189 0.043396
66 0.233962 0.440566 0.022642 0.028302
67 0.277358 0.448113 0.030189 0.043396
68 0.316981 0.440566 0.022642 0.028302
69 0.345283 0.448113 0.022642 0.043396
70 0.016981 0.516981 0.026415 0.041509
71 0.050000 0.517925 0.032075 0.043396
72 0.089623 0.517925 0.013208 0.043396
73 0.105660 0.524528 0.015094 0.056604
74 0.132075 0.517925 0.030189 0.043396
75 0.156604 0.517925 0.015094 0.043396
76 0.200943 0.510377 0.047170 0.028302
77 0.243396 0.510377 0.030189 0.028302
78 0.284906 0.510377 0.026415 0.028302
79 0.325472 0.516981 0.028302 0.041509
80 0.030189 0.592453 0.030189 0.041509
81 0.068868 0.585849 0.020755 0.028302
82 0.102830 0.585849 0.020755 0.028302
83 0.128302 0.589623 0.018868 0.035849
84 0.155660 0.585849 0.028302 0.028302
85 0.200943 0.585849 0.028302 0.028302
86 0.250943 0.585849 0.041509 0.028302
87 0.300943 0.585849 0.028302 0.028302
88 0.346226 0.592453 0.028302 0.041509
89 0.374528 0.585849 0.020755 0.028302
90 0.025472 0.657547 0.020755 0.050943
91 0.038679 0.659434 0.001887 0.054717
92 0.055660 0.657547 0.020755 0.050943
93 0.095283 0.666038 0.028302 0.067925
