0 0.018868 0.038679 0.007547 0.039623
1 0.049057 0.041509 0.018868 0.045283
2 0.074528 0.037736 0.024528 0.037736
3 0.109434 0.038679 0.033962 0.039623
4 0.160377 0.038679 0.060377 0.039623
5 0.218868 0.038679 0.052830 0.039623
6 0.252830 0.041509 0.007547 0.045283
7 0.266038 0.040566 0.015094 0.043396
8 0.284906 0.040566 0.015094 0.043396
9 0.309434 0.030189 0.022642 0.022642
10 0.019811 0.097170 0.028302 0.028302
11 0.043396 0.105660 0.007547 0.045283
12 0.062264 0.105660 0.018868 0.045283
13 0.081132 0.106604 0.007547 0.047170
14 0.116038 0.106604 0.028302 0.047170
15 0.161321 0.102830 0.032075 0.039623
16 0.194340 0.101887 0.030189 0.037736
17 0.242453 0.102830 0.032075 0.039623
18 0.280189 0.102830 0.032075 0.039623
19 0.328302 0.102830 0.033962 0.039623
20 0.032075 0.168868 0.030189 0.039623
21 0.068868 0.168868 0.032075 0.039623
22 0.116981 0.167925 0.030189 0.037736
23 0.164151 0.168868 0.033962 0.039623
24 0.214151 0.168868 0.032075 0.039623
25 0.249057 0.163208 0.007547 0.028302
26 0.260377 0.166981 0.007547 0.035849
27 0.295283 0.162264 0.028302 0.026415
28 0.340566 0.154717 0.028302 0.011321
29 0.370755 0.162264 0.028302 0.026415
30 0.019811 0.227358 0.028302 0.039623
31 0.074528 0.232075 0.047170 0.049057
32 0.124528 0.226415 0.045283 0.037736
33 0.184906 0.226415 0.045283 0.037736
34 0.229245 0.227358 0.039623 0.039623
35 0.280189 0.226415 0.050943 0.037736
36 0.343396 0.226415 0.041509 0.037736
37 0.398113 0.226415 0.041509 0.037736
38 0.460377 0.227358 0.049057 0.039623
39 0.526415 0.226415 0.052830 0.037736
40 0.027358 0.294340 0.024528 0.037736
41 0.072642 0.294340 0.035849 0.037736
42 0.121698 0.294340 0.050943 0.037736
43 0.183962 0.294340 0.043396 0.037736
44 0.250943 0.294340 0.060377 0.037736
45 0.324528 0.294340 0.052830 0.037736
46 0.387736 0.295283 0.047170 0.039623
47 0.448113 0.294340 0.043396 0.037736
48 0.509434 0.296226 0.049057 0.041509
49 0.561321 0.294340 0.050943 0.037736
50 0.033962 0.355660 0.037736 0.039623
51 0.092453 0.354717 0.045283 0.037736
52 0.145283 0.354717 0.052830 0.037736
53 0.207547 0.354717 0.045283 0.037736
54 0.266038 0.354717 0.064151 0.037736
55 0.337736 0.354717 0.052830 0.037736
56 0.402830 0.354717 0.050943 0.037736
57 0.452830 0.354717 0.037736 0.037736
58 0.483019 0.356604 0.015094 0.041509
59 0.503774 0.354717 0.015094 0.037736
60 0.020755 0.416981 0.015094 0.041509
61 0.056604 0.416981 0.022642 0.041509
62 0.083962 0.411321 0.028302 0.030189
63 0.117925 0.407547 0.013208 0.022642
64 0.160377 0.415094 0.045283 0.037736
65 0.211321 0.415094 0.045283 0.037736
66 0.257547 0.416038 0.039623 0.039623
67 0.304717 0.415094 0.050943 0.037736
68 0.366038 0.415094 0.041509 0.037736
69 0.420755 0.415094 0.041509 0.037736
70 0.037736 0.476415 0.049057 0.039623
71 0.090566 0.475472 0.052830 0.037736
72 0.146226 0.475472 0.024528 0.037736
73 0.193396 0.475472 0.035849 0.037736
74 0.253774 0.475472 0.050943 0.037736
75 0.302830 0.475472 0.043396 0.037736
76 0.371698 0.475472 0.060377 0.037736
77 0.432075 0.475472 0.052830 0.037736
78 0.497170 0.476415 0.047170 0.039623
79 0.559434 0.475472 0.043396 0.037736
80 0.037736 0.535849 0.049057 0.041509
81 0.104717 0.533962 0.050943 0.037736
82 0.154717 0.534906 0.037736 0.039623
83 0.200000 0.533962 0.045283 0.037736
84 0.262264 0.533962 0.052830 0.037736
85 0.324528 0.533962 0.045283 0.037736
86 0.381132 0.533962 0.064151 0.037736
87 0.441509 0.533962 0.052830 0.037736
88 0.506604 0.533962 0.050943 0.037736
89 0.567925 0.533962 0.037736 0.037736
90 0.008491 0.600943 0.013208 0.050943
91 0.021698 0.600943 0.001887 0.050943
92 0.031132 0.600943 0.013208 0.050943
93 0.069811 0.603774 0.030189 0.056604
