94 0.023585 0.030189 0.020755 0.022642
95 0.057547 0.030189 0.020755 0.022642
96 0.095283 0.030189 0.020755 0.022642
97 0.122642 0.030189 0.022642 0.022642
98 0.162264 0.030189 0.022642 0.022642
99 0.192453 0.030189 0.026415 0.022642
100 0.232075 0.030189 0.018868 0.022642
101 0.266038 0.030189 0.018868 0.022642
102 0.287736 0.030189 0.020755 0.022642
103 0.312264 0.032075 0.024528 0.026415
104 0.016038 0.077358 0.024528 0.026415
105 0.045283 0.075472 0.030189 0.022642
106 0.092453 0.080189 0.030189 0.032075
107 0.122642 0.081132 0.022642 0.033962
108 0.151887 0.080189 0.024528 0.032075
109 0.192453 0.081132 0.026415 0.033962
110 0.221698 0.075472 0.028302 0.022642
111 0.254717 0.075472 0.033962 0.022642
112 0.288679 0.075472 0.030189 0.022642
113 0.332075 0.075472 0.022642 0.022642
114 0.013208 0.128302 0.022642 0.022642
115 0.035849 0.128302 0.018868 0.022642
116 0.058491 0.128302 0.022642 0.022642
117 0.093396 0.128302 0.020755 0.022642
118 0.127358 0.128302 0.020755 0.022642
119 0.152830 0.128302 0.022642 0.022642
120 0.191509 0.133962 0.024528 0.033962
121 0.216981 0.128302 0.022642 0.022642
122 0.254717 0.133962 0.026415 0.033962
123 0.295283 0.128302 0.024528 0.022642
124 0.018868 0.186792 0.026415 0.033962
125 0.047170 0.181132 0.022642 0.022642
126 0.071698 0.181132 0.022642 0.022642
127 0.098113 0.181132 0.022642 0.022642
128 0.120755 0.181132 0.018868 0.022642
129 0.156604 0.185849 0.018868 0.032075
130 0.191509 0.181132 0.020755 0.022642
131 0.218868 0.185849 0.022642 0.032075
132 0.242453 0.181132 0.016981 0.022642
133 0.265094 0.183019 0.024528 0.026415
134 0.016038 0.233962 0.024528 0.022642
135 0.056604 0.235849 0.022642 0.026415
136 0.094340 0.233962 0.022642 0.022642
137 0.133019 0.238679 0.028302 0.032075
138 0.161321 0.233962 0.020755 0.022642
139 0.183962 0.234906 0.020755 0.024528
140 0.216981 0.233962 0.018868 0.022642
141 0.250000 0.233019 0.020755 0.020755
142 0.273585 0.227358 0.018868 0.009434
143 0.306604 0.233962 0.016981 0.022642
144 0.016981 0.290566 0.026415 0.033962
145 0.055660 0.279245 0.016981 0.011321
146 0.079245 0.279245 0.018868 0.011321
147 0.112264 0.279245 0.020755 0.011321
148 0.147170 0.279245 0.018868 0.011321
149 0.162264 0.279245 0.007547 0.011321
150 0.188679 0.279245 0.015094 0.011321
151 0.215094 0.276415 0.003774 0.005660
152 0.234906 0.284906 0.009434 0.022642
153 0.266038 0.284906 0.018868 0.022642
154 0.013208 0.346226 0.018868 0.039623
155 0.033019 0.347170 0.013208 0.041509
156 0.049057 0.346226 0.015094 0.039623
157 0.070755 0.342453 0.016981 0.032075
158 0.101887 0.342453 0.018868 0.032075
159 0.137736 0.333962 0.018868 0.015094
160 0.166038 0.330189 0.003774 0.007547
161 0.180189 0.331132 0.013208 0.009434
162 0.211321 0.330189 0.015094 0.007547
163 0.229245 0.330189 0.009434 0.007547
164 0.012264 0.392453 0.016981 0.011321
165 0.028302 0.390566 0.007547 0.007547
166 0.052830 0.393396 0.015094 0.013208
167 0.077358 0.398113 0.022642 0.022642
168 0.115094 0.397170 0.022642 0.020755
169 0.138679 0.398113 0.020755 0.022642
170 0.180189 0.402830 0.028302 0.032075
171 0.212264 0.397170 0.024528 0.020755
172 0.246226 0.401887 0.032075 0.030189
173 0.283962 0.401887 0.032075 0.030189
174 0.025472 0.453774 0.024528 0.032075
175 0.060377 0.451887 0.033962 0.028302
176 0.095283 0.452830 0.032075 0.030189
177 0.133962 0.452830 0.033962 0.030189
178 0.177358 0.449057 0.026415 0.022642
179 0.221698 0.449057 0.035849 0.022642
180 0.266981 0.454717 0.020755 0.033962
