94 0.023585 0.029245 0.020755 0.020755
95 0.048113 0.029245 0.016981 0.020755
96 0.066981 0.029245 0.016981 0.020755
97 0.091509 0.029245 0.020755 0.020755
98 0.127358 0.029245 0.020755 0.020755
99 0.150000 0.029245 0.020755 0.020755
100 0.182075 0.029245 0.016981 0.020755
101 0.200943 0.029245 0.013208 0.020755
102 0.233962 0.029245 0.018868 0.020755
103 0.257547 0.030189 0.016981 0.022642
104 0.025472 0.071698 0.016981 0.022642
105 0.064151 0.070755 0.030189 0.020755
106 0.112264 0.074528 0.032075 0.028302
107 0.146226 0.074528 0.024528 0.028302
108 0.186792 0.074528 0.022642 0.028302
109 0.224528 0.075472 0.022642 0.030189
110 0.250943 0.070755 0.022642 0.020755
111 0.293396 0.070755 0.028302 0.020755
112 0.328302 0.070755 0.030189 0.020755
113 0.355660 0.070755 0.020755 0.020755
114 0.027358 0.119811 0.020755 0.020755
115 0.063208 0.119811 0.020755 0.020755
116 0.087736 0.119811 0.020755 0.020755
117 0.109434 0.119811 0.018868 0.020755
118 0.133019 0.119811 0.020755 0.020755
119 0.169811 0.119811 0.018868 0.020755
120 0.206604 0.122642 0.020755 0.026415
121 0.243396 0.119811 0.022642 0.020755
122 0.280189 0.122642 0.024528 0.026415
123 0.305660 0.119811 0.022642 0.020755
124 0.027358 0.167925 0.024528 0.026415
125 0.065094 0.165094 0.020755 0.020755
126 0.099057 0.165094 0.020755 0.020755
127 0.132075 0.165094 0.018868 0.020755
128 0.154717 0.165094 0.015094 0.020755
129 0.178302 0.167925 0.020755 0.026415
130 0.202830 0.165094 0.020755 0.020755
131 0.238679 0.167925 0.020755 0.026415
132 0.257547 0.165094 0.013208 0.020755
133 0.277358 0.166038 0.022642 0.022642
134 0.024528 0.210377 0.018868 0.020755
135 0.058491 0.211321 0.022642 0.022642
136 0.082075 0.210377 0.020755 0.020755
137 0.108491 0.212264 0.024528 0.024528
138 0.134906 0.210377 0.020755 0.020755
139 0.171698 0.211321 0.022642 0.022642
140 0.208491 0.210377 0.016981 0.020755
141 0.233962 0.207547 0.007547 0.015094
142 0.246226 0.203774 0.013208 0.007547
143 0.259434 0.210377 0.009434 0.020755
144 0.022642 0.258491 0.018868 0.030189
145 0.057547 0.245283 0.016981 0.003774
146 0.088679 0.246226 0.015094 0.005660
147 0.116038 0.246226 0.013208 0.005660
148 0.132075 0.247170 0.015094 0.007547
149 0.144340 0.248113 0.005660 0.009434
150 0.169811 0.248113 0.015094 0.009434
151 0.185849 0.246226 0.009434 0.005660
152 0.210377 0.253774 0.009434 0.020755
153 0.231132 0.253774 0.020755 0.020755
154 0.023585 0.308491 0.016981 0.032075
155 0.042453 0.308491 0.013208 0.032075
156 0.068868 0.308491 0.013208 0.032075
157 0.086792 0.305660 0.011321 0.026415
158 0.104717 0.302830 0.016981 0.020755
159 0.122642 0.296226 0.011321 0.007547
160 0.144340 0.295283 0.005660 0.005660
161 0.156604 0.296226 0.015094 0.007547
162 0.185849 0.296226 0.013208 0.007547
163 0.201887 0.295283 0.011321 0.005660
164 0.019811 0.346226 0.009434 0.005660
165 0.041509 0.346226 0.007547 0.005660
166 0.069811 0.348113 0.018868 0.009434
167 0.102830 0.350000 0.013208 0.013208
168 0.122642 0.352830 0.018868 0.018868
169 0.154717 0.352830 0.011321 0.018868
170 0.184906 0.353774 0.018868 0.020755
171 0.208491 0.353774 0.016981 0.020755
172 0.230189 0.352830 0.018868 0.018868
173 0.265094 0.352830 0.016981 0.018868
174 0.012264 0.392453 0.016981 0.018868
175 0.032075 0.392453 0.015094 0.018868
176 0.054717 0.393396 0.018868 0.020755
177 0.086792 0.392453 0.018868 0.018868
178 0.120755 0.393396 0.022642 0.020755
179 0.160377 0.391509 0.045283 0.016981
180 0.197170 0.398113 0.016981 0.030189
