94 0.014151 0.031132 0.016981 0.024528
95 0.033962 0.030189 0.018868 0.022642
96 0.054717 0.030189 0.018868 0.022642
97 0.079245 0.031132 0.018868 0.024528
98 0.111321 0.030189 0.018868 0.022642
99 0.145283 0.030189 0.022642 0.022642
100 0.182075 0.031132 0.016981 0.024528
101 0.201887 0.030189 0.018868 0.022642
102 0.225472 0.030189 0.020755 0.022642
103 0.260377 0.031132 0.018868 0.024528
104 0.012264 0.074528 0.020755 0.024528
105 0.052830 0.073585 0.030189 0.022642
106 0.088679 0.079245 0.030189 0.033962
107 0.118868 0.079245 0.022642 0.033962
108 0.156604 0.080189 0.022642 0.035849
109 0.178302 0.079245 0.016981 0.033962
110 0.201887 0.073585 0.022642 0.022642
111 0.233962 0.073585 0.030189 0.022642
112 0.268868 0.073585 0.032075 0.022642
113 0.309434 0.074528 0.018868 0.024528
114 0.011321 0.128302 0.018868 0.022642
115 0.035849 0.129245 0.018868 0.024528
116 0.058491 0.128302 0.022642 0.022642
117 0.094340 0.128302 0.018868 0.022642
118 0.130189 0.128302 0.022642 0.022642
119 0.156604 0.128302 0.022642 0.022642
120 0.184906 0.132075 0.022642 0.030189
121 0.220755 0.128302 0.018868 0.022642
122 0.252830 0.132075 0.018868 0.030189
123 0.291509 0.128302 0.024528 0.022642
124 0.029245 0.181132 0.024528 0.030189
125 0.056604 0.178302 0.022642 0.024528
126 0.090566 0.177358 0.018868 0.022642
127 0.111321 0.177358 0.018868 0.022642
128 0.142453 0.177358 0.016981 0.022642
129 0.166038 0.183019 0.018868 0.033962
130 0.186792 0.177358 0.018868 0.022642
131 0.224528 0.183019 0.022642 0.033962
132 0.261321 0.177358 0.016981 0.022642
133 0.296226 0.178302 0.018868 0.024528
134 0.028302 0.230189 0.022642 0.022642
135 0.066981 0.231132 0.020755 0.024528
136 0.106604 0.230189 0.024528 0.022642
137 0.149057 0.231132 0.030189 0.024528
138 0.188679 0.230189 0.018868 0.022642
139 0.213208 0.230189 0.018868 0.022642
140 0.244340 0.230189 0.013208 0.022642
141 0.274528 0.229245 0.013208 0.020755
142 0.294340 0.222642 0.015094 0.007547
143 0.313208 0.231132 0.015094 0.024528
144 0.017925 0.279245 0.024528 0.033962
145 0.042453 0.266981 0.016981 0.009434
146 0.063208 0.266981 0.016981 0.009434
147 0.083019 0.267925 0.018868 0.011321
148 0.116038 0.266981 0.016981 0.009434
149 0.142453 0.266981 0.005660 0.009434
150 0.156604 0.266981 0.011321 0.009434
151 0.179245 0.264151 0.003774 0.003774
152 0.189623 0.273585 0.009434 0.022642
153 0.206604 0.273585 0.020755 0.022642
154 0.023585 0.333962 0.013208 0.037736
155 0.050943 0.334906 0.015094 0.039623
156 0.079245 0.333962 0.015094 0.037736
157 0.096226 0.332075 0.015094 0.033962
158 0.125472 0.331132 0.013208 0.032075
159 0.153774 0.322642 0.016981 0.015094
160 0.168868 0.318868 0.001887 0.007547
161 0.178302 0.318868 0.013208 0.007547
162 0.207547 0.320755 0.015094 0.011321
163 0.223585 0.319811 0.009434 0.009434
164 0.016981 0.379245 0.007547 0.011321
165 0.029245 0.377358 0.005660 0.007547
166 0.038679 0.379245 0.009434 0.011321
167 0.060377 0.385849 0.022642 0.024528
168 0.086792 0.383019 0.018868 0.018868
169 0.111321 0.384906 0.018868 0.022642
170 0.138679 0.385849 0.024528 0.024528
171 0.178302 0.383019 0.020755 0.018868
172 0.216038 0.384906 0.020755 0.022642
173 0.251887 0.384906 0.020755 0.022642
174 0.013208 0.429245 0.018868 0.024528
175 0.036792 0.428302 0.024528 0.022642
176 0.065094 0.429245 0.020755 0.024528
177 0.091509 0.428302 0.020755 0.022642
178 0.114151 0.428302 0.020755 0.022642
179 0.152830 0.425472 0.030189 0.016981
180 0.183019 0.435849 0.018868 0.037736
