94 0.024528 0.029245 0.018868 0.020755
95 0.048113 0.030189 0.016981 0.022642
96 0.068868 0.030189 0.016981 0.022642
97 0.100943 0.030189 0.016981 0.022642
98 0.131132 0.030189 0.016981 0.022642
99 0.153774 0.030189 0.020755 0.022642
100 0.184906 0.030189 0.015094 0.022642
101 0.202830 0.029245 0.016981 0.020755
102 0.235849 0.030189 0.018868 0.022642
103 0.266981 0.029245 0.016981 0.020755
104 0.023585 0.070755 0.016981 0.020755
105 0.048113 0.071698 0.028302 0.022642
106 0.080189 0.076415 0.028302 0.032075
107 0.116981 0.076415 0.018868 0.032075
108 0.141509 0.076415 0.018868 0.032075
109 0.176415 0.077358 0.016981 0.033962
110 0.198113 0.070755 0.022642 0.020755
111 0.229245 0.071698 0.028302 0.022642
112 0.264151 0.071698 0.030189 0.022642
113 0.300943 0.071698 0.016981 0.022642
114 0.025472 0.124528 0.016981 0.022642
115 0.058491 0.124528 0.018868 0.022642
116 0.093396 0.124528 0.020755 0.022642
117 0.129245 0.124528 0.016981 0.022642
118 0.166038 0.124528 0.022642 0.022642
119 0.191509 0.124528 0.020755 0.022642
120 0.225472 0.129245 0.020755 0.032075
121 0.248113 0.124528 0.016981 0.022642
122 0.280189 0.129245 0.016981 0.032075
123 0.302830 0.124528 0.020755 0.022642
124 0.025472 0.179245 0.020755 0.030189
125 0.058491 0.175472 0.018868 0.022642
126 0.080189 0.175472 0.020755 0.022642
127 0.116038 0.175472 0.016981 0.022642
128 0.134906 0.175472 0.016981 0.022642
129 0.167925 0.179245 0.018868 0.030189
130 0.200000 0.175472 0.018868 0.022642
131 0.222642 0.180189 0.018868 0.032075
132 0.241509 0.175472 0.015094 0.022642
133 0.275472 0.175472 0.018868 0.022642
134 0.014151 0.226415 0.020755 0.022642
135 0.050943 0.226415 0.018868 0.022642
136 0.076415 0.226415 0.020755 0.022642
137 0.112264 0.226415 0.024528 0.022642
138 0.149057 0.226415 0.018868 0.022642
139 0.168868 0.226415 0.016981 0.022642
140 0.199057 0.225472 0.016981 0.020755
141 0.216981 0.224528 0.015094 0.018868
142 0.235849 0.219811 0.015094 0.009434
143 0.256604 0.226415 0.015094 0.022642
144 0.025472 0.270755 0.024528 0.028302
145 0.050000 0.259434 0.016981 0.005660
146 0.082075 0.261321 0.016981 0.009434
147 0.101887 0.261321 0.018868 0.009434
148 0.136792 0.261321 0.016981 0.009434
149 0.151887 0.262264 0.005660 0.011321
150 0.162264 0.262264 0.011321 0.011321
151 0.172642 0.258491 0.001887 0.003774
152 0.182075 0.267925 0.005660 0.022642
153 0.194340 0.267925 0.015094 0.022642
154 0.023585 0.322642 0.013208 0.037736
155 0.052830 0.322642 0.011321 0.037736
156 0.066038 0.322642 0.011321 0.037736
157 0.092453 0.319811 0.015094 0.032075
158 0.109434 0.319811 0.015094 0.032075
159 0.138679 0.309434 0.013208 0.011321
160 0.161321 0.307547 0.001887 0.007547
161 0.184906 0.307547 0.011321 0.007547
162 0.216038 0.307547 0.016981 0.007547
163 0.229245 0.306604 0.005660 0.005660
164 0.016981 0.365094 0.007547 0.009434
165 0.025472 0.361321 0.005660 0.001887
166 0.046226 0.366981 0.009434 0.013208
167 0.075472 0.369811 0.018868 0.018868
168 0.107547 0.368868 0.018868 0.016981
169 0.128302 0.369811 0.018868 0.018868
170 0.163208 0.370755 0.020755 0.020755
171 0.199057 0.368868 0.020755 0.016981
172 0.225472 0.370755 0.020755 0.020755
173 0.248113 0.371698 0.020755 0.022642
174 0.024528 0.412264 0.018868 0.020755
175 0.061321 0.412264 0.024528 0.020755
176 0.100943 0.412264 0.020755 0.020755
177 0.123585 0.412264 0.020755 0.020755
178 0.149057 0.413208 0.022642 0.022642
179 0.190566 0.411321 0.030189 0.018868
180 0.219811 0.416981 0.020755 0.030189
