0 0.007547 0.037736 0.011321 0.037736
1 0.017925 0.030189 0.005660 0.022642
2 0.045283 0.033962 0.022642 0.030189
3 0.080189 0.040566 0.020755 0.043396
4 0.123585 0.037736 0.039623 0.037736
5 0.167925 0.037736 0.037736 0.037736
6 0.200943 0.027358 0.001887 0.016981
7 0.212264 0.043396 0.013208 0.049057
8 0.240566 0.043396 0.013208 0.049057
9 0.254717 0.022642 0.007547 0.007547
10 0.025472 0.097170 0.020755 0.020755
11 0.039623 0.098113 0.003774 0.022642
12 0.051887 0.092453 0.013208 0.011321
13 0.076415 0.096226 0.001887 0.018868
14 0.101887 0.105660 0.018868 0.037736
15 0.138679 0.103774 0.028302 0.033962
16 0.179245 0.103774 0.018868 0.033962
17 0.208491 0.104717 0.028302 0.035849
18 0.240566 0.104717 0.024528 0.035849
19 0.275472 0.104717 0.033962 0.035849
20 0.017925 0.160377 0.024528 0.033962
21 0.057547 0.160377 0.024528 0.033962
22 0.086792 0.163208 0.026415 0.039623
23 0.125472 0.161321 0.024528 0.035849
24 0.151887 0.160377 0.024528 0.033962
25 0.182075 0.150943 0.001887 0.015094
26 0.201887 0.152830 0.003774 0.018868
27 0.227358 0.153774 0.020755 0.020755
28 0.253774 0.149057 0.020755 0.011321
29 0.289623 0.153774 0.020755 0.020755
30 0.023585 0.219811 0.020755 0.035849
31 0.050000 0.216038 0.028302 0.028302
32 0.096226 0.219811 0.033962 0.035849
33 0.131132 0.222642 0.028302 0.041509
34 0.175472 0.222642 0.030189 0.041509
35 0.209434 0.219811 0.030189 0.035849
36 0.242453 0.221698 0.024528 0.039623
37 0.285849 0.219811 0.032075 0.035849
38 0.337736 0.221698 0.037736 0.039623
39 0.390566 0.224528 0.041509 0.045283
40 0.024528 0.283962 0.022642 0.035849
41 0.064151 0.286792 0.030189 0.041509
42 0.115094 0.287736 0.045283 0.043396
43 0.156604 0.288679 0.030189 0.045283
44 0.199057 0.285849 0.047170 0.039623
45 0.243396 0.289623 0.037736 0.047170
46 0.295283 0.284906 0.035849 0.037736
47 0.332075 0.284906 0.030189 0.037736
48 0.372642 0.286792 0.039623 0.041509
49 0.424528 0.283962 0.030189 0.035849
50 0.017925 0.354717 0.028302 0.045283
51 0.066981 0.350000 0.039623 0.035849
52 0.122642 0.353774 0.037736 0.043396
53 0.163208 0.353774 0.035849 0.043396
54 0.208491 0.350000 0.047170 0.035849
55 0.258491 0.355660 0.041509 0.047170
56 0.302830 0.357547 0.039623 0.050943
57 0.361321 0.354717 0.043396 0.045283
58 0.402830 0.355660 0.013208 0.047170
59 0.433962 0.350943 0.018868 0.037736
60 0.008491 0.425472 0.013208 0.047170
61 0.039623 0.418868 0.018868 0.033962
62 0.080189 0.409434 0.028302 0.015094
63 0.103774 0.413208 0.007547 0.022642
64 0.118868 0.411321 0.015094 0.018868
65 0.150000 0.419811 0.016981 0.035849
66 0.180189 0.411321 0.013208 0.018868
67 0.213208 0.419811 0.018868 0.035849
68 0.244340 0.411321 0.013208 0.018868
69 0.280189 0.426415 0.024528 0.049057
70 0.012264 0.487736 0.020755 0.035849
71 0.036792 0.487736 0.016981 0.035849
72 0.053774 0.483019 0.005660 0.026415
73 0.066981 0.490566 0.016981 0.041509
74 0.087736 0.486792 0.016981 0.033962
75 0.100943 0.486792 0.005660 0.033962
76 0.133962 0.479245 0.026415 0.018868
77 0.156604 0.479245 0.015094 0.018868
78 0.184906 0.479245 0.015094 0.018868
79 0.216981 0.487736 0.022642 0.035849
80 0.020755 0.548113 0.015094 0.035849
81 0.050943 0.539623 0.011321 0.018868
82 0.064151 0.539623 0.011321 0.018868
83 0.078302 0.543396 0.009434 0.026415
84 0.096226 0.539623 0.015094 0.018868
85 0.124528 0.539623 0.015094 0.018868
86 0.162264 0.539623 0.026415 0.018868
87 0.200943 0.539623 0.016981 0.018868
88 0.223585 0.548113 0.020755 0.035849
89 0.256604 0.539623 0.015094 0.018868
90 0.014151 0.608491 0.020755 0.047170
91 0.038679 0.613208 0.001887 0.056604
92 0.054717 0.608491 0.018868 0.047170
93 0.076415 0.596226 0.020755 0.022642
