94 0.023585 0.029245 0.016981 0.020755
95 0.045283 0.029245 0.018868 0.020755
96 0.067925 0.029245 0.018868 0.020755
97 0.089623 0.029245 0.020755 0.020755
98 0.111321 0.029245 0.018868 0.020755
99 0.135849 0.029245 0.018868 0.020755
100 0.169811 0.029245 0.015094 0.020755
101 0.201887 0.029245 0.015094 0.020755
102 0.233019 0.029245 0.020755 0.020755
103 0.266038 0.030189 0.018868 0.022642
104 0.015094 0.071698 0.018868 0.022642
105 0.040566 0.070755 0.028302 0.020755
106 0.084906 0.074528 0.026415 0.028302
107 0.113208 0.074528 0.018868 0.028302
108 0.135849 0.074528 0.018868 0.028302
109 0.155660 0.074528 0.016981 0.028302
110 0.190566 0.070755 0.018868 0.020755
111 0.229245 0.070755 0.028302 0.020755
112 0.260377 0.070755 0.030189 0.020755
113 0.302830 0.070755 0.020755 0.020755
114 0.022642 0.117925 0.018868 0.020755
115 0.053774 0.117925 0.016981 0.020755
116 0.074528 0.117925 0.020755 0.020755
117 0.099057 0.117925 0.016981 0.020755
118 0.133019 0.117925 0.024528 0.020755
119 0.159434 0.117925 0.020755 0.020755
120 0.193396 0.119811 0.020755 0.024528
121 0.228302 0.117925 0.018868 0.020755
122 0.252830 0.119811 0.018868 0.024528
123 0.275472 0.117925 0.022642 0.020755
124 0.026415 0.163208 0.022642 0.024528
125 0.050000 0.161321 0.020755 0.020755
126 0.083962 0.161321 0.020755 0.020755
127 0.106604 0.161321 0.016981 0.020755
128 0.140566 0.161321 0.016981 0.020755
129 0.172642 0.165094 0.016981 0.028302
130 0.192453 0.161321 0.018868 0.020755
131 0.214151 0.165094 0.020755 0.028302
132 0.237736 0.161321 0.015094 0.020755
133 0.269811 0.162264 0.018868 0.022642
134 0.017925 0.208491 0.024528 0.020755
135 0.054717 0.209434 0.018868 0.022642
136 0.077358 0.208491 0.022642 0.020755
137 0.105660 0.212264 0.022642 0.028302
138 0.131132 0.208491 0.016981 0.020755
139 0.163208 0.209434 0.016981 0.022642
140 0.193396 0.208491 0.013208 0.020755
141 0.212264 0.207547 0.013208 0.018868
142 0.230189 0.201887 0.018868 0.007547
143 0.260377 0.208491 0.015094 0.020755
144 0.017925 0.260377 0.024528 0.030189
145 0.055660 0.248113 0.016981 0.005660
146 0.087736 0.249057 0.016981 0.007547
147 0.111321 0.249057 0.018868 0.007547
148 0.145283 0.249057 0.018868 0.007547
149 0.171698 0.249057 0.007547 0.007547
150 0.184906 0.249057 0.011321 0.007547
151 0.206604 0.248113 0.005660 0.005660
152 0.231132 0.255660 0.009434 0.020755
153 0.250943 0.255660 0.022642 0.020755
154 0.013208 0.310377 0.018868 0.032075
155 0.035849 0.311321 0.018868 0.033962
156 0.072642 0.310377 0.020755 0.032075
157 0.092453 0.307547 0.015094 0.026415
158 0.108491 0.304717 0.013208 0.020755
159 0.135849 0.299057 0.015094 0.009434
160 0.149057 0.298113 0.003774 0.007547
161 0.170755 0.298113 0.013208 0.007547
162 0.188679 0.298113 0.015094 0.007547
163 0.206604 0.297170 0.009434 0.005660
164 0.017925 0.350943 0.009434 0.007547
165 0.030189 0.350943 0.007547 0.007547
166 0.044340 0.352830 0.016981 0.011321
167 0.065094 0.355660 0.016981 0.016981
168 0.099057 0.355660 0.016981 0.016981
169 0.129245 0.355660 0.016981 0.016981
170 0.166038 0.358491 0.022642 0.022642
171 0.190566 0.355660 0.018868 0.016981
172 0.228302 0.360377 0.022642 0.026415
173 0.255660 0.361321 0.020755 0.028302
174 0.022642 0.405660 0.018868 0.022642
175 0.049057 0.405660 0.022642 0.022642
176 0.087736 0.406604 0.020755 0.024528
177 0.120755 0.406604 0.018868 0.024528
178 0.158491 0.404717 0.022642 0.020755
179 0.208491 0.400943 0.043396 0.013208
180 0.243396 0.409434 0.018868 0.030189
