0 0.002830 0.037736 0.001887 0.037736
1 0.013208 0.033019 0.007547 0.028302
2 0.046226 0.037736 0.024528 0.037736
3 0.068868 0.041509 0.016981 0.045283
4 0.112264 0.037736 0.039623 0.037736
5 0.164151 0.037736 0.030189 0.037736
6 0.182075 0.033019 0.001887 0.028302
7 0.200943 0.043396 0.005660 0.049057
8 0.221698 0.043396 0.005660 0.049057
9 0.248113 0.027358 0.016981 0.016981
10 0.028302 0.099057 0.022642 0.024528
11 0.044340 0.098113 0.005660 0.022642
12 0.059434 0.092453 0.013208 0.011321
13 0.080189 0.096226 0.001887 0.018868
14 0.110377 0.111321 0.024528 0.049057
15 0.135849 0.105660 0.022642 0.037736
16 0.152830 0.105660 0.003774 0.037736
17 0.167925 0.105660 0.022642 0.037736
18 0.203774 0.105660 0.022642 0.037736
19 0.241509 0.105660 0.022642 0.037736
20 0.016038 0.173585 0.020755 0.037736
21 0.052830 0.173585 0.022642 0.037736
22 0.078302 0.173585 0.020755 0.037736
23 0.102830 0.173585 0.024528 0.037736
24 0.141509 0.173585 0.022642 0.037736
25 0.167925 0.168868 0.003774 0.028302
26 0.187736 0.170755 0.005660 0.032075
27 0.206604 0.166981 0.024528 0.024528
28 0.248113 0.158491 0.024528 0.007547
29 0.287736 0.166981 0.024528 0.024528
30 0.027358 0.230189 0.020755 0.037736
31 0.071698 0.230189 0.037736 0.037736
32 0.120755 0.230189 0.033962 0.037736
33 0.155660 0.230189 0.024528 0.037736
34 0.199057 0.230189 0.028302 0.037736
35 0.247170 0.230189 0.033962 0.037736
36 0.279245 0.230189 0.022642 0.037736
37 0.307547 0.230189 0.022642 0.037736
38 0.337736 0.230189 0.033962 0.037736
39 0.387736 0.230189 0.032075 0.037736
40 0.016981 0.286792 0.003774 0.037736
41 0.044340 0.286792 0.016981 0.037736
42 0.067925 0.286792 0.022642 0.037736
43 0.095283 0.286792 0.020755 0.037736
44 0.141509 0.286792 0.037736 0.037736
45 0.190566 0.286792 0.033962 0.037736
46 0.241509 0.286792 0.037736 0.037736
47 0.277358 0.286792 0.022642 0.037736
48 0.320755 0.286792 0.037736 0.037736
49 0.352830 0.286792 0.022642 0.037736
50 0.025472 0.343396 0.020755 0.037736
51 0.063208 0.343396 0.024528 0.037736
52 0.108491 0.343396 0.032075 0.037736
53 0.146226 0.343396 0.035849 0.037736
54 0.204717 0.343396 0.054717 0.037736
55 0.264151 0.343396 0.030189 0.037736
56 0.307547 0.343396 0.026415 0.037736
57 0.349057 0.343396 0.026415 0.037736
58 0.370755 0.349057 0.009434 0.049057
59 0.400000 0.349057 0.022642 0.049057
60 0.018868 0.416981 0.007547 0.049057
61 0.034906 0.407547 0.020755 0.030189
62 0.076415 0.400000 0.028302 0.015094
63 0.094340 0.400943 0.003774 0.016981
64 0.113208 0.406604 0.022642 0.028302
65 0.140566 0.411321 0.024528 0.037736
66 0.166981 0.406604 0.020755 0.028302
67 0.192453 0.411321 0.026415 0.037736
68 0.231132 0.406604 0.024528 0.028302
69 0.252830 0.411321 0.015094 0.037736
70 0.018868 0.481132 0.026415 0.041509
71 0.046226 0.479245 0.024528 0.037736
72 0.075472 0.479245 0.003774 0.037736
73 0.100943 0.485849 0.016981 0.050943
74 0.133962 0.479245 0.018868 0.037736
75 0.162264 0.479245 0.003774 0.037736
76 0.197170 0.474528 0.039623 0.028302
77 0.234906 0.474528 0.024528 0.028302
78 0.272642 0.474528 0.024528 0.028302
79 0.299057 0.480189 0.024528 0.039623
80 0.015094 0.550000 0.026415 0.039623
81 0.038679 0.544340 0.013208 0.028302
82 0.066038 0.544340 0.015094 0.028302
83 0.095283 0.547170 0.013208 0.033962
84 0.119811 0.544340 0.024528 0.028302
85 0.156604 0.544340 0.022642 0.028302
86 0.193396 0.544340 0.043396 0.028302
87 0.229245 0.544340 0.020755 0.028302
88 0.258491 0.550943 0.026415 0.041509
89 0.284906 0.544340 0.018868 0.028302
90 0.018868 0.615094 0.011321 0.049057
91 0.027358 0.614151 0.001887 0.047170
92 0.047170 0.615094 0.011321 0.049057
93 0.081132 0.607547 0.026415 0.033962
