94 0.011321 0.030189 0.018868 0.022642
95 0.033019 0.030189 0.020755 0.022642
96 0.068868 0.030189 0.020755 0.022642
97 0.095283 0.030189 0.020755 0.022642
98 0.119811 0.030189 0.020755 0.022642
99 0.144340 0.030189 0.024528 0.022642
100 0.181132 0.030189 0.015094 0.022642
101 0.202830 0.030189 0.016981 0.022642
102 0.237736 0.030189 0.018868 0.022642
103 0.264151 0.032075 0.022642 0.026415
104 0.016981 0.077358 0.022642 0.026415
105 0.049057 0.075472 0.030189 0.022642
106 0.092453 0.080189 0.030189 0.032075
107 0.136792 0.080189 0.024528 0.032075
108 0.178302 0.080189 0.024528 0.032075
109 0.205660 0.080189 0.022642 0.032075
110 0.234906 0.075472 0.024528 0.022642
111 0.280189 0.075472 0.032075 0.022642
112 0.326415 0.075472 0.030189 0.022642
113 0.366981 0.075472 0.020755 0.022642
114 0.014151 0.126415 0.020755 0.022642
115 0.037736 0.126415 0.018868 0.022642
116 0.062264 0.126415 0.022642 0.022642
117 0.088679 0.126415 0.018868 0.022642
118 0.121698 0.126415 0.020755 0.022642
119 0.145283 0.126415 0.022642 0.022642
120 0.170755 0.131132 0.024528 0.032075
121 0.210377 0.126415 0.020755 0.022642
122 0.234906 0.131132 0.024528 0.032075
123 0.261321 0.126415 0.024528 0.022642
124 0.026415 0.182075 0.026415 0.032075
125 0.053774 0.177358 0.024528 0.022642
126 0.081132 0.177358 0.022642 0.022642
127 0.117925 0.177358 0.020755 0.022642
128 0.149057 0.177358 0.015094 0.022642
129 0.181132 0.182075 0.018868 0.032075
130 0.201887 0.177358 0.018868 0.022642
131 0.236792 0.182075 0.024528 0.032075
132 0.262264 0.177358 0.015094 0.022642
133 0.294340 0.179245 0.022642 0.026415
134 0.015094 0.228302 0.022642 0.022642
135 0.038679 0.229245 0.020755 0.024528
136 0.073585 0.228302 0.022642 0.022642
137 0.113208 0.228302 0.026415 0.022642
138 0.149057 0.228302 0.018868 0.022642
139 0.185849 0.229245 0.020755 0.024528
140 0.220755 0.228302 0.015094 0.022642
141 0.253774 0.227358 0.016981 0.020755
142 0.286792 0.219811 0.015094 0.005660
143 0.305660 0.228302 0.015094 0.022642
144 0.025472 0.276415 0.024528 0.032075
145 0.061321 0.263208 0.016981 0.005660
146 0.092453 0.265094 0.018868 0.009434
147 0.116038 0.265094 0.020755 0.009434
148 0.150943 0.265094 0.018868 0.009434
149 0.166038 0.266038 0.007547 0.011321
150 0.182075 0.266038 0.013208 0.011321
151 0.204717 0.263208 0.005660 0.005660
152 0.227358 0.271698 0.009434 0.022642
153 0.244340 0.271698 0.016981 0.022642
154 0.012264 0.328302 0.013208 0.033962
155 0.040566 0.328302 0.013208 0.033962
156 0.056604 0.328302 0.011321 0.033962
157 0.075472 0.327358 0.015094 0.032075
158 0.103774 0.327358 0.015094 0.032075
159 0.132075 0.316038 0.015094 0.009434
160 0.156604 0.316038 0.003774 0.009434
161 0.182075 0.316038 0.013208 0.009434
162 0.213208 0.315094 0.015094 0.007547
163 0.227358 0.315094 0.005660 0.007547
164 0.005660 0.369811 0.007547 0.011321
165 0.027358 0.366981 0.005660 0.005660
166 0.039623 0.368868 0.011321 0.009434
167 0.059434 0.372642 0.016981 0.016981
168 0.081132 0.372642 0.018868 0.016981
169 0.117925 0.373585 0.020755 0.018868
170 0.157547 0.373585 0.024528 0.018868
171 0.194340 0.372642 0.022642 0.016981
172 0.233019 0.372642 0.024528 0.016981
173 0.274528 0.375472 0.024528 0.022642
174 0.014151 0.415094 0.020755 0.018868
175 0.053774 0.415094 0.028302 0.018868
176 0.084906 0.415094 0.022642 0.018868
177 0.122642 0.414151 0.022642 0.016981
178 0.149057 0.416981 0.022642 0.022642
179 0.196226 0.414151 0.037736 0.016981
180 0.228302 0.419811 0.018868 0.028302
