0 0.015094 0.037736 0.003774 0.037736
1 0.023585 0.035849 0.001887 0.033962
2 0.051887 0.039623 0.028302 0.041509
3 0.092453 0.037736 0.022642 0.037736
4 0.128302 0.039623 0.041509 0.041509
5 0.172642 0.037736 0.043396 0.037736
6 0.200000 0.018868 0.000000 0.000000
7 0.220755 0.046226 0.015094 0.054717
8 0.253774 0.047170 0.016981 0.056604
9 0.274528 0.028302 0.020755 0.018868
10 0.022642 0.103774 0.018868 0.018868
11 0.040566 0.105660 0.005660 0.022642
12 0.054717 0.111321 0.011321 0.033962
13 0.079245 0.103774 0.003774 0.018868
14 0.093396 0.114151 0.013208 0.039623
15 0.114151 0.113208 0.024528 0.037736
16 0.147170 0.113208 0.015094 0.037736
17 0.178302 0.113208 0.020755 0.037736
18 0.200000 0.113208 0.018868 0.037736
19 0.227358 0.113208 0.024528 0.037736
20 0.013208 0.171698 0.022642 0.037736
21 0.050943 0.171698 0.022642 0.037736
22 0.090566 0.172642 0.022642 0.039623
23 0.127358 0.171698 0.020755 0.037736
24 0.162264 0.171698 0.022642 0.037736
25 0.192453 0.166038 0.003774 0.026415
26 0.202830 0.168868 0.005660 0.032075
27 0.213208 0.165094 0.011321 0.024528
28 0.230189 0.156604 0.015094 0.007547
29 0.248113 0.165094 0.013208 0.024528
30 0.008491 0.229245 0.013208 0.035849
31 0.047170 0.230189 0.037736 0.037736
32 0.087736 0.230189 0.035849 0.037736
33 0.124528 0.230189 0.026415 0.037736
34 0.169811 0.230189 0.033962 0.037736
35 0.218868 0.230189 0.033962 0.037736
36 0.263208 0.230189 0.028302 0.037736
37 0.295283 0.230189 0.028302 0.037736
38 0.341509 0.230189 0.037736 0.037736
39 0.383962 0.230189 0.039623 0.037736
40 0.022642 0.286792 0.015094 0.037736
41 0.045283 0.294340 0.022642 0.052830
42 0.087736 0.286792 0.035849 0.037736
43 0.136792 0.286792 0.028302 0.037736
44 0.191509 0.286792 0.047170 0.037736
45 0.240566 0.286792 0.039623 0.037736
46 0.291509 0.286792 0.035849 0.037736
47 0.336792 0.286792 0.028302 0.037736
48 0.388679 0.292453 0.041509 0.049057
49 0.440566 0.286792 0.035849 0.037736
50 0.012264 0.358491 0.020755 0.037736
51 0.051887 0.358491 0.032075 0.037736
52 0.103774 0.358491 0.037736 0.037736
53 0.142453 0.357547 0.035849 0.035849
54 0.203774 0.358491 0.060377 0.037736
55 0.253774 0.358491 0.035849 0.037736
56 0.300943 0.358491 0.032075 0.037736
57 0.348113 0.358491 0.032075 0.037736
58 0.387736 0.366981 0.013208 0.054717
59 0.414151 0.358491 0.013208 0.037736
60 0.021698 0.440566 0.013208 0.054717
61 0.038679 0.426415 0.016981 0.026415
62 0.059434 0.420755 0.020755 0.015094
63 0.087736 0.424528 0.009434 0.022642
64 0.117925 0.426415 0.020755 0.026415
65 0.144340 0.434906 0.028302 0.043396
66 0.182075 0.426415 0.020755 0.026415
67 0.208491 0.434906 0.028302 0.043396
68 0.250000 0.426415 0.020755 0.026415
69 0.270755 0.433962 0.016981 0.041509
70 0.030189 0.507547 0.026415 0.041509
71 0.062264 0.508491 0.030189 0.043396
72 0.100943 0.505660 0.013208 0.037736
73 0.118868 0.513208 0.011321 0.052830
74 0.143396 0.508491 0.030189 0.043396
75 0.183019 0.508491 0.015094 0.043396
76 0.213208 0.500000 0.041509 0.026415
77 0.253774 0.500000 0.028302 0.026415
78 0.283962 0.500000 0.024528 0.026415
79 0.327358 0.507547 0.028302 0.041509
80 0.016038 0.579245 0.028302 0.041509
81 0.042453 0.571698 0.016981 0.026415
82 0.073585 0.571698 0.018868 0.026415
83 0.097170 0.573585 0.016981 0.030189
84 0.133962 0.571698 0.026415 0.026415
85 0.166038 0.570755 0.026415 0.024528
86 0.202830 0.571698 0.043396 0.026415
87 0.256604 0.571698 0.030189 0.026415
88 0.301887 0.579245 0.026415 0.041509
89 0.340566 0.571698 0.024528 0.026415
90 0.012264 0.647170 0.016981 0.056604
91 0.038679 0.645283 0.001887 0.052830
92 0.063208 0.647170 0.016981 0.056604
93 0.080189 0.635849 0.013208 0.033962
