94 0.013208 0.031132 0.018868 0.024528
95 0.038679 0.031132 0.020755 0.024528
96 0.075472 0.031132 0.022642 0.024528
97 0.103774 0.031132 0.022642 0.024528
98 0.130189 0.031132 0.022642 0.024528
99 0.166038 0.031132 0.022642 0.024528
100 0.201887 0.031132 0.018868 0.024528
101 0.233962 0.031132 0.018868 0.024528
102 0.271698 0.031132 0.026415 0.024528
103 0.309434 0.032075 0.022642 0.026415
104 0.016981 0.077358 0.022642 0.026415
105 0.050000 0.076415 0.032075 0.024528
106 0.084906 0.081132 0.030189 0.033962
107 0.127358 0.081132 0.024528 0.033962
108 0.166981 0.081132 0.024528 0.033962
109 0.195283 0.081132 0.020755 0.033962
110 0.222642 0.076415 0.022642 0.024528
111 0.267925 0.076415 0.033962 0.024528
112 0.308491 0.076415 0.035849 0.024528
113 0.352830 0.076415 0.022642 0.024528
114 0.016981 0.129245 0.022642 0.024528
115 0.050943 0.129245 0.018868 0.024528
116 0.074528 0.129245 0.024528 0.024528
117 0.100943 0.129245 0.020755 0.024528
118 0.139623 0.129245 0.030189 0.024528
119 0.180189 0.129245 0.024528 0.024528
120 0.206604 0.132075 0.024528 0.030189
121 0.246226 0.129245 0.020755 0.024528
122 0.282075 0.132075 0.020755 0.030189
123 0.320755 0.129245 0.026415 0.024528
124 0.015094 0.181132 0.026415 0.030189
125 0.044340 0.178302 0.024528 0.024528
126 0.072642 0.178302 0.024528 0.024528
127 0.110377 0.178302 0.020755 0.024528
128 0.148113 0.178302 0.020755 0.024528
129 0.169811 0.183019 0.018868 0.033962
130 0.195283 0.178302 0.020755 0.024528
131 0.221698 0.183019 0.024528 0.033962
132 0.257547 0.178302 0.016981 0.024528
133 0.280189 0.180189 0.024528 0.028302
134 0.032075 0.231132 0.030189 0.024528
135 0.064151 0.233019 0.022642 0.028302
136 0.090566 0.231132 0.026415 0.024528
137 0.118868 0.236792 0.026415 0.035849
138 0.159434 0.231132 0.020755 0.024528
139 0.183019 0.233019 0.022642 0.028302
140 0.216981 0.231132 0.015094 0.024528
141 0.246226 0.231132 0.016981 0.024528
142 0.277358 0.223585 0.015094 0.009434
143 0.310377 0.231132 0.016981 0.024528
144 0.031132 0.292453 0.028302 0.037736
145 0.058491 0.276415 0.018868 0.005660
146 0.092453 0.277358 0.018868 0.007547
147 0.127358 0.277358 0.020755 0.007547
148 0.166038 0.278302 0.022642 0.009434
149 0.183019 0.280189 0.007547 0.013208
150 0.212264 0.280189 0.016981 0.013208
151 0.231132 0.278302 0.009434 0.009434
152 0.258491 0.285849 0.011321 0.024528
153 0.289623 0.285849 0.024528 0.024528
154 0.017925 0.350943 0.024528 0.041509
155 0.043396 0.350943 0.022642 0.041509
156 0.068868 0.350000 0.024528 0.039623
157 0.091509 0.346226 0.016981 0.032075
158 0.112264 0.342453 0.016981 0.024528
159 0.133962 0.336792 0.018868 0.013208
160 0.163208 0.333962 0.005660 0.007547
161 0.175472 0.334906 0.015094 0.009434
162 0.207547 0.334906 0.018868 0.009434
163 0.224528 0.334906 0.007547 0.009434
164 0.011321 0.395283 0.011321 0.009434
165 0.036792 0.395283 0.009434 0.009434
166 0.053774 0.397170 0.016981 0.013208
167 0.085849 0.400000 0.016981 0.018868
168 0.106604 0.400943 0.020755 0.020755
169 0.144340 0.401887 0.020755 0.022642
170 0.181132 0.404717 0.026415 0.028302
171 0.219811 0.400943 0.024528 0.020755
172 0.263208 0.406604 0.028302 0.032075
173 0.306604 0.407547 0.024528 0.033962
174 0.027358 0.458491 0.020755 0.030189
175 0.053774 0.457547 0.028302 0.028302
176 0.082075 0.458491 0.024528 0.030189
177 0.109434 0.457547 0.022642 0.028302
178 0.134906 0.455660 0.024528 0.024528
179 0.172642 0.451887 0.047170 0.016981
180 0.223585 0.463208 0.028302 0.039623
