94 0.014151 0.033962 0.020755 0.030189
95 0.036792 0.033962 0.020755 0.030189
96 0.073585 0.033962 0.022642 0.030189
97 0.109434 0.034906 0.022642 0.032075
98 0.135849 0.033962 0.022642 0.030189
99 0.176415 0.033962 0.024528 0.030189
100 0.200943 0.033962 0.016981 0.030189
101 0.233019 0.033962 0.020755 0.030189
102 0.272642 0.033962 0.028302 0.030189
103 0.302830 0.034906 0.024528 0.032075
104 0.014151 0.084906 0.024528 0.030189
105 0.058491 0.084906 0.037736 0.030189
106 0.109434 0.091509 0.037736 0.043396
107 0.147170 0.091509 0.026415 0.043396
108 0.179245 0.091509 0.026415 0.043396
109 0.209434 0.093396 0.026415 0.047170
110 0.238679 0.084906 0.028302 0.030189
111 0.275472 0.084906 0.037736 0.030189
112 0.331132 0.084906 0.043396 0.030189
113 0.377358 0.084906 0.022642 0.030189
114 0.028302 0.150943 0.022642 0.030189
115 0.066981 0.150943 0.020755 0.030189
116 0.103774 0.150943 0.026415 0.030189
117 0.130189 0.150943 0.022642 0.030189
118 0.163208 0.150943 0.032075 0.030189
119 0.209434 0.150943 0.026415 0.030189
120 0.252830 0.156604 0.026415 0.041509
121 0.293396 0.150943 0.024528 0.030189
122 0.331132 0.157547 0.024528 0.043396
123 0.374528 0.150943 0.032075 0.030189
124 0.021698 0.219811 0.032075 0.043396
125 0.056604 0.213208 0.026415 0.030189
126 0.095283 0.213208 0.024528 0.030189
127 0.134906 0.213208 0.020755 0.030189
128 0.159434 0.213208 0.020755 0.030189
129 0.197170 0.219811 0.020755 0.043396
130 0.232075 0.214151 0.022642 0.032075
131 0.273585 0.219811 0.026415 0.043396
132 0.302830 0.213208 0.020755 0.030189
133 0.328302 0.214151 0.026415 0.032075
134 0.018868 0.275472 0.033962 0.030189
135 0.050943 0.276415 0.026415 0.032075
136 0.082075 0.275472 0.028302 0.030189
137 0.118868 0.282075 0.033962 0.043396
138 0.148113 0.275472 0.020755 0.030189
139 0.185849 0.276415 0.024528 0.032075
140 0.224528 0.275472 0.018868 0.030189
141 0.246226 0.272642 0.020755 0.024528
142 0.270755 0.265094 0.020755 0.009434
143 0.294340 0.275472 0.018868 0.030189
144 0.024528 0.345283 0.037736 0.045283
145 0.067925 0.326415 0.022642 0.007547
146 0.096226 0.327358 0.022642 0.009434
147 0.135849 0.327358 0.022642 0.009434
148 0.162264 0.327358 0.022642 0.009434
149 0.180189 0.328302 0.009434 0.011321
150 0.200000 0.329245 0.018868 0.013208
151 0.214151 0.325472 0.005660 0.005660
152 0.223585 0.337736 0.009434 0.030189
153 0.258491 0.337736 0.026415 0.030189
154 0.023585 0.415094 0.020755 0.056604
155 0.048113 0.415094 0.016981 0.056604
156 0.067925 0.415094 0.018868 0.056604
157 0.090566 0.408491 0.018868 0.043396
158 0.115094 0.408491 0.018868 0.043396
159 0.147170 0.393396 0.018868 0.013208
160 0.163208 0.393396 0.001887 0.013208
161 0.188679 0.392453 0.018868 0.011321
162 0.214151 0.393396 0.024528 0.013208
163 0.246226 0.393396 0.013208 0.013208
164 0.024528 0.468868 0.015094 0.013208
165 0.050000 0.466981 0.009434 0.009434
166 0.063208 0.467925 0.005660 0.011321
167 0.092453 0.475472 0.022642 0.026415
168 0.116981 0.475472 0.022642 0.026415
169 0.141509 0.475472 0.022642 0.026415
170 0.166981 0.480189 0.024528 0.035849
171 0.205660 0.475472 0.026415 0.026415
172 0.233962 0.480189 0.022642 0.035849
173 0.269811 0.480189 0.022642 0.035849
174 0.015094 0.534906 0.022642 0.035849
175 0.054717 0.530189 0.030189 0.026415
176 0.085849 0.534906 0.024528 0.035849
177 0.116981 0.534906 0.026415 0.035849
178 0.149057 0.532075 0.030189 0.030189
179 0.187736 0.527358 0.043396 0.020755
180 0.234906 0.540566 0.024528 0.047170
