0 0.016981 0.032075 0.003774 0.026415
1 0.039623 0.033019 0.011321 0.028302
2 0.068868 0.030189 0.016981 0.022642
3 0.099057 0.033962 0.016981 0.030189
4 0.134906 0.032075 0.024528 0.026415
5 0.163208 0.033019 0.028302 0.028302
6 0.184906 0.033019 0.003774 0.028302
7 0.192453 0.034906 0.007547 0.032075
8 0.216038 0.035849 0.009434 0.033962
9 0.229245 0.024528 0.009434 0.011321
10 0.024528 0.081132 0.018868 0.018868
11 0.050000 0.085849 0.005660 0.028302
12 0.061321 0.077358 0.009434 0.011321
13 0.082075 0.081132 0.005660 0.018868
14 0.102830 0.085849 0.009434 0.028302
15 0.117925 0.084906 0.016981 0.026415
16 0.133962 0.084906 0.011321 0.026415
17 0.150943 0.084906 0.018868 0.026415
18 0.183019 0.084906 0.015094 0.026415
19 0.202830 0.084906 0.016981 0.026415
20 0.014151 0.132075 0.016981 0.026415
21 0.037736 0.132075 0.018868 0.026415
22 0.059434 0.131132 0.016981 0.024528
23 0.082075 0.132075 0.016981 0.026415
24 0.112264 0.132075 0.016981 0.026415
25 0.129245 0.127358 0.005660 0.016981
26 0.148113 0.128302 0.005660 0.018868
27 0.163208 0.128302 0.016981 0.018868
28 0.196226 0.123585 0.018868 0.009434
29 0.216981 0.128302 0.018868 0.018868
30 0.011321 0.177358 0.011321 0.026415
31 0.033019 0.177358 0.028302 0.026415
32 0.065094 0.177358 0.024528 0.026415
33 0.104717 0.177358 0.020755 0.026415
34 0.128302 0.177358 0.022642 0.026415
35 0.155660 0.177358 0.028302 0.026415
36 0.197170 0.177358 0.020755 0.026415
37 0.221698 0.177358 0.020755 0.026415
38 0.257547 0.177358 0.024528 0.026415
39 0.290566 0.177358 0.030189 0.026415
40 0.023585 0.222642 0.013208 0.026415
41 0.039623 0.225472 0.015094 0.032075
42 0.075472 0.222642 0.026415 0.026415
43 0.111321 0.222642 0.018868 0.026415
44 0.145283 0.222642 0.037736 0.026415
45 0.182075 0.222642 0.032075 0.026415
46 0.224528 0.222642 0.026415 0.026415
47 0.251887 0.222642 0.020755 0.026415
48 0.290566 0.225472 0.026415 0.032075
49 0.331132 0.222642 0.020755 0.026415
50 0.025472 0.273585 0.016981 0.026415
51 0.062264 0.273585 0.022642 0.026415
52 0.101887 0.273585 0.026415 0.026415
53 0.142453 0.273585 0.024528 0.026415
54 0.187736 0.273585 0.035849 0.026415
55 0.221698 0.273585 0.028302 0.026415
56 0.262264 0.273585 0.022642 0.026415
57 0.289623 0.273585 0.024528 0.026415
58 0.319811 0.278302 0.005660 0.035849
59 0.331132 0.274528 0.009434 0.028302
60 0.019811 0.333019 0.005660 0.035849
61 0.047170 0.332075 0.015094 0.033962
62 0.078302 0.322642 0.020755 0.015094
63 0.105660 0.326415 0.003774 0.022642
64 0.121698 0.324528 0.016981 0.018868
65 0.143396 0.329245 0.015094 0.028302
66 0.170755 0.324528 0.013208 0.018868
67 0.192453 0.329245 0.018868 0.028302
68 0.221698 0.324528 0.013208 0.018868
69 0.252830 0.333962 0.022642 0.037736
70 0.025472 0.385849 0.020755 0.028302
71 0.048113 0.385849 0.016981 0.028302
72 0.076415 0.384906 0.005660 0.026415
73 0.087736 0.389623 0.013208 0.035849
74 0.116038 0.385849 0.016981 0.028302
75 0.143396 0.385849 0.007547 0.028302
76 0.165094 0.381132 0.028302 0.018868
77 0.204717 0.381132 0.016981 0.018868
78 0.227358 0.381132 0.016981 0.018868
79 0.250943 0.386792 0.018868 0.030189
80 0.010377 0.440566 0.016981 0.028302
81 0.027358 0.435849 0.013208 0.018868
82 0.053774 0.435849 0.013208 0.018868
83 0.078302 0.437736 0.009434 0.022642
84 0.108491 0.435849 0.016981 0.018868
85 0.131132 0.435849 0.016981 0.018868
86 0.158491 0.435849 0.026415 0.018868
87 0.196226 0.435849 0.018868 0.018868
88 0.221698 0.440566 0.020755 0.028302
89 0.253774 0.435849 0.013208 0.018868
90 0.007547 0.490566 0.007547 0.033962
91 0.016981 0.493396 0.003774 0.039623
92 0.036792 0.490566 0.009434 0.033962
93 0.051887 0.490566 0.016981 0.033962
