0 0.007547 0.037736 0.011321 0.037736
1 0.036792 0.038679 0.013208 0.039623
2 0.069811 0.037736 0.026415 0.037736
3 0.112264 0.043396 0.032075 0.049057
4 0.150000 0.037736 0.039623 0.037736
5 0.194340 0.037736 0.041509 0.037736
6 0.233962 0.033019 0.003774 0.028302
7 0.248113 0.045283 0.016981 0.052830
8 0.277358 0.044340 0.015094 0.050943
9 0.312264 0.028302 0.020755 0.018868
10 0.016981 0.104717 0.026415 0.028302
11 0.038679 0.113208 0.009434 0.045283
12 0.065094 0.107547 0.013208 0.033962
13 0.089623 0.104717 0.005660 0.028302
14 0.122642 0.114151 0.030189 0.047170
15 0.169811 0.109434 0.030189 0.037736
16 0.210377 0.109434 0.020755 0.037736
17 0.238679 0.110377 0.032075 0.039623
18 0.271698 0.109434 0.030189 0.037736
19 0.305660 0.109434 0.030189 0.037736
20 0.031132 0.176415 0.032075 0.039623
21 0.064151 0.175472 0.030189 0.037736
22 0.100000 0.176415 0.030189 0.039623
23 0.133962 0.175472 0.030189 0.037736
24 0.179245 0.175472 0.030189 0.037736
25 0.203774 0.169811 0.011321 0.026415
26 0.219811 0.173585 0.013208 0.033962
27 0.251887 0.168868 0.024528 0.024528
28 0.281132 0.165094 0.026415 0.016981
29 0.312264 0.168868 0.024528 0.024528
30 0.014151 0.233962 0.024528 0.037736
31 0.051887 0.240566 0.047170 0.050943
32 0.108491 0.233962 0.039623 0.037736
33 0.154717 0.233962 0.041509 0.037736
34 0.197170 0.233962 0.035849 0.037736
35 0.253774 0.233962 0.043396 0.037736
36 0.308491 0.233962 0.039623 0.037736
37 0.365094 0.233962 0.039623 0.037736
38 0.419811 0.233962 0.039623 0.037736
39 0.477358 0.233962 0.049057 0.037736
40 0.016981 0.303774 0.022642 0.037736
41 0.050943 0.303774 0.037736 0.037736
42 0.094340 0.303774 0.045283 0.037736
43 0.148113 0.303774 0.032075 0.037736
44 0.194340 0.303774 0.052830 0.037736
45 0.258491 0.303774 0.045283 0.037736
46 0.316038 0.303774 0.039623 0.037736
47 0.371698 0.303774 0.037736 0.037736
48 0.413208 0.308491 0.037736 0.047170
49 0.456604 0.303774 0.041509 0.037736
50 0.030189 0.369811 0.033962 0.037736
51 0.080189 0.370755 0.032075 0.039623
52 0.117925 0.369811 0.039623 0.037736
53 0.160377 0.369811 0.037736 0.037736
54 0.209434 0.369811 0.052830 0.037736
55 0.260377 0.369811 0.045283 0.037736
56 0.304717 0.369811 0.035849 0.037736
57 0.353774 0.369811 0.035849 0.037736
58 0.397170 0.377358 0.020755 0.052830
59 0.439623 0.374528 0.030189 0.047170
60 0.012264 0.449057 0.020755 0.052830
61 0.052830 0.445283 0.026415 0.045283
62 0.097170 0.430189 0.028302 0.015094
63 0.122642 0.436792 0.011321 0.028302
64 0.149057 0.435849 0.030189 0.026415
65 0.191509 0.442453 0.028302 0.039623
66 0.231132 0.435849 0.024528 0.026415
67 0.261321 0.442453 0.032075 0.039623
68 0.296226 0.435849 0.026415 0.026415
69 0.342453 0.449057 0.035849 0.052830
70 0.033019 0.514151 0.032075 0.039623
71 0.080189 0.514151 0.032075 0.039623
72 0.116038 0.514151 0.013208 0.039623
73 0.137736 0.520755 0.026415 0.052830
74 0.179245 0.514151 0.030189 0.039623
75 0.202830 0.514151 0.013208 0.039623
76 0.237736 0.507547 0.045283 0.026415
77 0.282075 0.507547 0.032075 0.026415
78 0.316981 0.507547 0.026415 0.026415
79 0.364151 0.514151 0.037736 0.039623
80 0.020755 0.585849 0.030189 0.039623
81 0.049057 0.579245 0.022642 0.026415
82 0.076415 0.579245 0.028302 0.026415
83 0.102830 0.583962 0.016981 0.035849
84 0.139623 0.579245 0.030189 0.026415
85 0.169811 0.579245 0.026415 0.026415
86 0.221698 0.579245 0.047170 0.026415
87 0.276415 0.579245 0.032075 0.026415
88 0.311321 0.585849 0.030189 0.039623
89 0.347170 0.579245 0.030189 0.026415
90 0.027358 0.650943 0.020755 0.052830
91 0.056604 0.650943 0.003774 0.052830
92 0.083962 0.650943 0.020755 0.052830
93 0.109434 0.647170 0.022642 0.045283
