0 0.017925 0.038679 0.005660 0.039623
1 0.040566 0.038679 0.013208 0.039623
2 0.064151 0.036792 0.030189 0.035849
3 0.106604 0.044340 0.020755 0.050943
4 0.139623 0.038679 0.041509 0.039623
5 0.185849 0.038679 0.039623 0.039623
6 0.223585 0.038679 0.005660 0.039623
7 0.249057 0.043396 0.011321 0.049057
8 0.264151 0.043396 0.011321 0.049057
9 0.291509 0.028302 0.016981 0.018868
10 0.025472 0.101887 0.024528 0.026415
11 0.042453 0.108491 0.005660 0.039623
12 0.056604 0.094340 0.015094 0.011321
13 0.070755 0.102830 0.005660 0.028302
14 0.101887 0.111321 0.022642 0.045283
15 0.132075 0.108491 0.026415 0.039623
16 0.154717 0.108491 0.015094 0.039623
17 0.175472 0.108491 0.022642 0.039623
18 0.200000 0.108491 0.022642 0.039623
19 0.238679 0.108491 0.028302 0.039623
20 0.027358 0.172642 0.020755 0.039623
21 0.066981 0.172642 0.024528 0.039623
22 0.097170 0.172642 0.024528 0.039623
23 0.124528 0.172642 0.026415 0.039623
24 0.163208 0.172642 0.024528 0.039623
25 0.195283 0.166981 0.005660 0.028302
26 0.205660 0.170755 0.007547 0.035849
27 0.226415 0.164151 0.022642 0.022642
28 0.255660 0.160377 0.024528 0.015094
29 0.281132 0.166038 0.022642 0.026415
30 0.022642 0.231132 0.018868 0.039623
31 0.057547 0.233962 0.043396 0.045283
32 0.113208 0.231132 0.033962 0.039623
33 0.148113 0.231132 0.024528 0.039623
34 0.187736 0.231132 0.028302 0.039623
35 0.219811 0.231132 0.032075 0.039623
36 0.259434 0.231132 0.020755 0.039623
37 0.296226 0.231132 0.018868 0.039623
38 0.333962 0.231132 0.030189 0.039623
39 0.378302 0.231132 0.028302 0.039623
40 0.009434 0.295283 0.011321 0.039623
41 0.039623 0.295283 0.015094 0.039623
42 0.064151 0.295283 0.026415 0.039623
43 0.093396 0.295283 0.020755 0.039623
44 0.138679 0.295283 0.039623 0.039623
45 0.178302 0.295283 0.032075 0.039623
46 0.214151 0.295283 0.035849 0.039623
47 0.245283 0.295283 0.022642 0.039623
48 0.292453 0.300943 0.037736 0.050943
49 0.326415 0.295283 0.026415 0.039623
50 0.024528 0.365094 0.022642 0.039623
51 0.052830 0.365094 0.026415 0.039623
52 0.083962 0.365094 0.028302 0.039623
53 0.116038 0.365094 0.032075 0.039623
54 0.169811 0.365094 0.049057 0.039623
55 0.222642 0.365094 0.030189 0.039623
56 0.255660 0.365094 0.028302 0.039623
57 0.299057 0.365094 0.028302 0.039623
58 0.331132 0.369811 0.009434 0.049057
59 0.350000 0.368868 0.020755 0.047170
60 0.010377 0.437736 0.009434 0.049057
61 0.042453 0.435849 0.024528 0.045283
62 0.067925 0.428302 0.022642 0.030189
63 0.084906 0.427358 0.007547 0.028302
64 0.103774 0.427358 0.022642 0.028302
65 0.131132 0.434906 0.024528 0.043396
66 0.157547 0.427358 0.020755 0.028302
67 0.195283 0.434906 0.024528 0.043396
68 0.220755 0.427358 0.022642 0.028302
69 0.257547 0.434906 0.016981 0.043396
70 0.016038 0.501887 0.024528 0.041509
71 0.045283 0.502830 0.022642 0.043396
72 0.061321 0.501887 0.005660 0.041509
73 0.075472 0.508491 0.015094 0.054717
74 0.095283 0.502830 0.020755 0.043396
75 0.109434 0.502830 0.003774 0.043396
76 0.134906 0.495283 0.039623 0.028302
77 0.183019 0.495283 0.022642 0.028302
78 0.220755 0.495283 0.026415 0.028302
79 0.261321 0.501887 0.024528 0.041509
80 0.027358 0.575472 0.024528 0.041509
81 0.059434 0.568868 0.013208 0.028302
82 0.087736 0.568868 0.016981 0.028302
83 0.107547 0.572642 0.015094 0.035849
84 0.130189 0.568868 0.022642 0.028302
85 0.171698 0.568868 0.026415 0.028302
86 0.207547 0.568868 0.037736 0.028302
87 0.241509 0.568868 0.022642 0.028302
88 0.283019 0.575472 0.026415 0.041509
89 0.324528 0.568868 0.022642 0.028302
90 0.021698 0.639623 0.013208 0.049057
91 0.035849 0.643396 0.003774 0.056604
92 0.057547 0.639623 0.013208 0.049057
93 0.092453 0.643396 0.026415 0.056604
