94 0.009434 0.030189 0.015094 0.022642
95 0.031132 0.030189 0.016981 0.022642
96 0.063208 0.030189 0.016981 0.022642
97 0.092453 0.030189 0.015094 0.022642
98 0.117925 0.030189 0.024528 0.022642
99 0.144340 0.030189 0.016981 0.022642
100 0.160377 0.030189 0.011321 0.022642
101 0.188679 0.030189 0.015094 0.022642
102 0.221698 0.030189 0.020755 0.022642
103 0.254717 0.031132 0.015094 0.024528
104 0.022642 0.074528 0.018868 0.024528
105 0.048113 0.073585 0.024528 0.022642
106 0.085849 0.076415 0.024528 0.028302
107 0.122642 0.078302 0.018868 0.032075
108 0.155660 0.077358 0.016981 0.030189
109 0.176415 0.078302 0.016981 0.032075
110 0.209434 0.073585 0.018868 0.022642
111 0.250943 0.073585 0.033962 0.022642
112 0.285849 0.073585 0.028302 0.022642
113 0.309434 0.073585 0.015094 0.022642
114 0.014151 0.124528 0.024528 0.022642
115 0.049057 0.124528 0.015094 0.022642
116 0.079245 0.124528 0.015094 0.022642
117 0.109434 0.124528 0.015094 0.022642
118 0.142453 0.124528 0.016981 0.022642
119 0.175472 0.124528 0.015094 0.022642
120 0.192453 0.128302 0.015094 0.030189
121 0.217925 0.124528 0.024528 0.022642
122 0.248113 0.127358 0.024528 0.028302
123 0.289623 0.124528 0.024528 0.022642
124 0.029245 0.176415 0.024528 0.028302
125 0.065094 0.173585 0.016981 0.022642
126 0.096226 0.173585 0.015094 0.022642
127 0.128302 0.173585 0.015094 0.022642
128 0.144340 0.173585 0.009434 0.022642
129 0.158491 0.176415 0.015094 0.028302
130 0.177358 0.173585 0.015094 0.022642
131 0.210377 0.177358 0.016981 0.030189
132 0.232075 0.173585 0.015094 0.022642
133 0.262264 0.175472 0.015094 0.026415
134 0.012264 0.222642 0.016981 0.022642
135 0.030189 0.224528 0.015094 0.026415
136 0.058491 0.222642 0.015094 0.022642
137 0.083962 0.225472 0.024528 0.028302
138 0.124528 0.222642 0.022642 0.022642
139 0.152830 0.225472 0.022642 0.028302
140 0.187736 0.222642 0.013208 0.022642
141 0.199057 0.219811 0.005660 0.016981
142 0.224528 0.214151 0.011321 0.005660
143 0.248113 0.222642 0.009434 0.022642
144 0.023585 0.275472 0.016981 0.033962
145 0.052830 0.261321 0.015094 0.005660
146 0.083019 0.262264 0.015094 0.007547
147 0.102830 0.262264 0.016981 0.007547
148 0.135849 0.262264 0.015094 0.007547
149 0.151887 0.262264 0.005660 0.007547
150 0.164151 0.264151 0.015094 0.011321
151 0.187736 0.261321 0.005660 0.005660
152 0.208491 0.269811 0.005660 0.022642
153 0.219811 0.269811 0.013208 0.022642
154 0.005660 0.328302 0.007547 0.033962
155 0.022642 0.328302 0.015094 0.033962
156 0.049057 0.328302 0.011321 0.033962
157 0.065094 0.325472 0.009434 0.028302
158 0.090566 0.322642 0.015094 0.022642
159 0.109434 0.316981 0.015094 0.011321
160 0.121698 0.315094 0.005660 0.007547
161 0.146226 0.314151 0.013208 0.005660
162 0.176415 0.315094 0.016981 0.007547
163 0.204717 0.315094 0.009434 0.007547
164 0.009434 0.366981 0.011321 0.005660
165 0.033019 0.366981 0.005660 0.005660
166 0.055660 0.369811 0.013208 0.011321
167 0.085849 0.371698 0.016981 0.015094
168 0.118868 0.374528 0.015094 0.020755
169 0.145283 0.374528 0.007547 0.020755
170 0.171698 0.375472 0.015094 0.022642
171 0.186792 0.374528 0.011321 0.020755
172 0.216981 0.375472 0.015094 0.022642
173 0.244340 0.374528 0.013208 0.020755
174 0.009434 0.416038 0.015094 0.020755
175 0.037736 0.416038 0.015094 0.020755
176 0.055660 0.416038 0.013208 0.020755
177 0.084906 0.416038 0.015094 0.020755
178 0.116038 0.416981 0.020755 0.022642
179 0.154717 0.415094 0.045283 0.018868
180 0.202830 0.421698 0.016981 0.032075
