0 0.016981 0.037736 0.007547 0.037736
1 0.031132 0.035849 0.009434 0.033962
2 0.051887 0.037736 0.024528 0.037736
3 0.076415 0.041509 0.020755 0.045283
4 0.108491 0.038679 0.039623 0.039623
5 0.147170 0.037736 0.033962 0.037736
6 0.181132 0.033019 0.003774 0.028302
7 0.200943 0.040566 0.009434 0.043396
8 0.214151 0.040566 0.009434 0.043396
9 0.238679 0.025472 0.013208 0.013208
10 0.014151 0.093396 0.024528 0.020755
11 0.032075 0.105660 0.007547 0.045283
12 0.056604 0.094340 0.011321 0.022642
13 0.068868 0.101887 0.005660 0.037736
14 0.098113 0.106604 0.018868 0.047170
15 0.120755 0.101887 0.022642 0.037736
16 0.153774 0.101887 0.016981 0.037736
17 0.189623 0.101887 0.024528 0.037736
18 0.230189 0.101887 0.022642 0.037736
19 0.259434 0.101887 0.024528 0.037736
20 0.015094 0.167925 0.022642 0.037736
21 0.052830 0.167925 0.022642 0.037736
22 0.080189 0.167925 0.020755 0.037736
23 0.117925 0.167925 0.020755 0.037736
24 0.145283 0.167925 0.022642 0.037736
25 0.161321 0.161321 0.005660 0.024528
26 0.183019 0.165094 0.007547 0.032075
27 0.199057 0.162264 0.020755 0.026415
28 0.234906 0.152830 0.024528 0.007547
29 0.260377 0.164151 0.022642 0.030189
30 0.022642 0.224528 0.018868 0.037736
31 0.065094 0.224528 0.035849 0.037736
32 0.116038 0.224528 0.039623 0.037736
33 0.166038 0.224528 0.033962 0.037736
34 0.204717 0.224528 0.032075 0.037736
35 0.257547 0.224528 0.039623 0.037736
36 0.297170 0.224528 0.032075 0.037736
37 0.333019 0.224528 0.028302 0.037736
38 0.367925 0.224528 0.037736 0.037736
39 0.423585 0.224528 0.043396 0.037736
40 0.025472 0.281132 0.016981 0.037736
41 0.049057 0.284906 0.022642 0.045283
42 0.083962 0.281132 0.039623 0.037736
43 0.125472 0.281132 0.032075 0.037736
44 0.180189 0.281132 0.047170 0.037736
45 0.236792 0.281132 0.039623 0.037736
46 0.280189 0.281132 0.039623 0.037736
47 0.330189 0.281132 0.030189 0.037736
48 0.370755 0.284906 0.039623 0.045283
49 0.423585 0.281132 0.035849 0.037736
50 0.024528 0.345283 0.022642 0.037736
51 0.069811 0.345283 0.037736 0.037736
52 0.123585 0.345283 0.039623 0.037736
53 0.176415 0.345283 0.039623 0.037736
54 0.228302 0.345283 0.060377 0.037736
55 0.294340 0.345283 0.041509 0.037736
56 0.350943 0.345283 0.037736 0.037736
57 0.390566 0.345283 0.033962 0.037736
58 0.415094 0.350000 0.007547 0.047170
59 0.429245 0.349057 0.016981 0.045283
60 0.016981 0.416038 0.007547 0.047170
61 0.048113 0.415094 0.028302 0.045283
62 0.091509 0.400000 0.024528 0.015094
63 0.122642 0.403774 0.007547 0.022642
64 0.140566 0.404717 0.020755 0.024528
65 0.167925 0.412264 0.026415 0.039623
66 0.207547 0.404717 0.018868 0.024528
67 0.235849 0.411321 0.026415 0.037736
68 0.272642 0.404717 0.020755 0.024528
69 0.307547 0.412264 0.018868 0.039623
70 0.016038 0.476415 0.020755 0.035849
71 0.044340 0.478302 0.028302 0.039623
72 0.078302 0.477358 0.013208 0.037736
73 0.109434 0.483019 0.015094 0.049057
74 0.134906 0.478302 0.028302 0.039623
75 0.170755 0.478302 0.013208 0.039623
76 0.216981 0.470755 0.045283 0.024528
77 0.270755 0.470755 0.028302 0.024528
78 0.314151 0.470755 0.024528 0.024528
79 0.342453 0.477358 0.028302 0.037736
80 0.015094 0.545283 0.026415 0.037736
81 0.054717 0.538679 0.018868 0.024528
82 0.087736 0.538679 0.013208 0.024528
83 0.102830 0.541509 0.013208 0.030189
84 0.136792 0.538679 0.028302 0.024528
85 0.168868 0.538679 0.024528 0.024528
86 0.204717 0.538679 0.035849 0.024528
87 0.240566 0.538679 0.024528 0.024528
88 0.266981 0.544340 0.024528 0.035849
89 0.293396 0.538679 0.020755 0.024528
90 0.010377 0.606604 0.013208 0.047170
91 0.023585 0.610377 0.001887 0.054717
92 0.046226 0.606604 0.013208 0.047170
93 0.066038 0.600000 0.022642 0.033962
