94 0.023585 0.030189 0.020755 0.022642
95 0.060377 0.030189 0.018868 0.022642
96 0.083019 0.030189 0.018868 0.022642
97 0.107547 0.030189 0.022642 0.022642
98 0.147170 0.030189 0.022642 0.022642
99 0.175472 0.030189 0.022642 0.022642
100 0.208491 0.030189 0.016981 0.022642
101 0.232075 0.030189 0.018868 0.022642
102 0.257547 0.030189 0.020755 0.022642
103 0.281132 0.032075 0.022642 0.026415
104 0.015094 0.077358 0.022642 0.026415
105 0.059434 0.075472 0.032075 0.022642
106 0.097170 0.080189 0.032075 0.032075
107 0.138679 0.080189 0.024528 0.032075
108 0.165094 0.081132 0.024528 0.033962
109 0.191509 0.080189 0.024528 0.032075
110 0.221698 0.075472 0.024528 0.022642
111 0.266038 0.075472 0.033962 0.022642
112 0.304717 0.075472 0.032075 0.022642
113 0.344340 0.075472 0.020755 0.022642
114 0.016038 0.128302 0.020755 0.022642
115 0.050943 0.128302 0.018868 0.022642
116 0.074528 0.128302 0.024528 0.022642
117 0.109434 0.128302 0.018868 0.022642
118 0.132075 0.128302 0.022642 0.022642
119 0.157547 0.128302 0.024528 0.022642
120 0.184906 0.133019 0.026415 0.032075
121 0.214151 0.128302 0.024528 0.022642
122 0.256604 0.133019 0.026415 0.032075
123 0.296226 0.128302 0.026415 0.022642
124 0.017925 0.183962 0.028302 0.032075
125 0.057547 0.179245 0.024528 0.022642
126 0.094340 0.179245 0.022642 0.022642
127 0.117925 0.179245 0.020755 0.022642
128 0.141509 0.179245 0.018868 0.022642
129 0.178302 0.183962 0.020755 0.032075
130 0.215094 0.179245 0.018868 0.022642
131 0.240566 0.183962 0.024528 0.032075
132 0.274528 0.179245 0.016981 0.022642
133 0.311321 0.180189 0.026415 0.024528
134 0.027358 0.230189 0.024528 0.022642
135 0.056604 0.231132 0.022642 0.024528
136 0.093396 0.230189 0.024528 0.022642
137 0.135849 0.231132 0.030189 0.024528
138 0.175472 0.230189 0.018868 0.022642
139 0.200000 0.230189 0.022642 0.022642
140 0.226415 0.230189 0.018868 0.022642
141 0.259434 0.230189 0.016981 0.022642
142 0.283019 0.224528 0.018868 0.011321
143 0.315094 0.230189 0.015094 0.022642
144 0.026415 0.279245 0.022642 0.033962
145 0.052830 0.266981 0.018868 0.009434
146 0.089623 0.266981 0.020755 0.009434
147 0.115094 0.266981 0.022642 0.009434
148 0.150000 0.267925 0.020755 0.011321
149 0.180189 0.267925 0.005660 0.011321
150 0.202830 0.267925 0.013208 0.011321
151 0.214151 0.264151 0.005660 0.003774
152 0.239623 0.273585 0.011321 0.022642
153 0.260377 0.273585 0.022642 0.022642
154 0.016038 0.334906 0.020755 0.039623
155 0.047170 0.335849 0.015094 0.041509
156 0.075472 0.334906 0.011321 0.039623
157 0.090566 0.331132 0.015094 0.032075
158 0.112264 0.331132 0.016981 0.032075
159 0.133962 0.321698 0.015094 0.013208
160 0.145283 0.318868 0.003774 0.007547
161 0.172642 0.320755 0.016981 0.011321
162 0.196226 0.320755 0.018868 0.011321
163 0.214151 0.319811 0.009434 0.009434
164 0.010377 0.382075 0.009434 0.013208
165 0.036792 0.380189 0.009434 0.009434
166 0.051887 0.382075 0.013208 0.013208
167 0.068868 0.383019 0.016981 0.015094
168 0.091509 0.383962 0.020755 0.016981
169 0.114151 0.385849 0.020755 0.020755
170 0.137736 0.386792 0.022642 0.022642
171 0.173585 0.383962 0.022642 0.016981
172 0.213208 0.386792 0.026415 0.022642
173 0.256604 0.386792 0.026415 0.022642
174 0.026415 0.427358 0.018868 0.020755
175 0.065094 0.428302 0.032075 0.022642
176 0.100000 0.428302 0.026415 0.022642
177 0.139623 0.428302 0.026415 0.022642
178 0.168868 0.428302 0.024528 0.022642
179 0.220755 0.427358 0.045283 0.020755
180 0.271698 0.433962 0.022642 0.033962
