94 0.025472 0.029245 0.016981 0.020755
95 0.055660 0.030189 0.016981 0.022642
96 0.079245 0.030189 0.018868 0.022642
97 0.111321 0.030189 0.018868 0.022642
98 0.133962 0.030189 0.018868 0.022642
99 0.155660 0.030189 0.020755 0.022642
100 0.188679 0.030189 0.011321 0.022642
101 0.218868 0.029245 0.015094 0.020755
102 0.251887 0.030189 0.016981 0.022642
103 0.271698 0.031132 0.018868 0.024528
104 0.015094 0.074528 0.022642 0.024528
105 0.042453 0.073585 0.024528 0.022642
106 0.069811 0.078302 0.026415 0.032075
107 0.096226 0.078302 0.018868 0.032075
108 0.118868 0.078302 0.018868 0.032075
109 0.139623 0.078302 0.015094 0.032075
110 0.162264 0.073585 0.022642 0.022642
111 0.187736 0.073585 0.024528 0.022642
112 0.218868 0.073585 0.026415 0.022642
113 0.246226 0.073585 0.016981 0.022642
114 0.010377 0.124528 0.016981 0.022642
115 0.040566 0.124528 0.016981 0.022642
116 0.060377 0.124528 0.018868 0.022642
117 0.090566 0.124528 0.015094 0.022642
118 0.120755 0.124528 0.018868 0.022642
119 0.141509 0.124528 0.018868 0.022642
120 0.166038 0.129245 0.018868 0.032075
121 0.200943 0.124528 0.016981 0.022642
122 0.231132 0.130189 0.016981 0.033962
123 0.253774 0.124528 0.020755 0.022642
124 0.025472 0.183019 0.020755 0.033962
125 0.058491 0.177358 0.018868 0.022642
126 0.090566 0.177358 0.018868 0.022642
127 0.113208 0.177358 0.015094 0.022642
128 0.143396 0.177358 0.015094 0.022642
129 0.173585 0.180189 0.015094 0.028302
130 0.201887 0.177358 0.015094 0.022642
131 0.223585 0.180189 0.016981 0.028302
132 0.244340 0.177358 0.013208 0.022642
133 0.266038 0.178302 0.018868 0.024528
134 0.012264 0.230189 0.020755 0.022642
135 0.046226 0.231132 0.016981 0.024528
136 0.066038 0.230189 0.018868 0.022642
137 0.102830 0.231132 0.024528 0.024528
138 0.124528 0.230189 0.015094 0.022642
139 0.155660 0.230189 0.016981 0.022642
140 0.184906 0.230189 0.015094 0.022642
141 0.216038 0.228302 0.013208 0.018868
142 0.236792 0.222642 0.016981 0.007547
143 0.255660 0.229245 0.013208 0.020755
144 0.028302 0.278302 0.026415 0.032075
145 0.052830 0.266038 0.018868 0.007547
146 0.072642 0.266038 0.016981 0.007547
147 0.104717 0.267925 0.016981 0.011321
148 0.138679 0.266038 0.016981 0.007547
149 0.151887 0.266981 0.005660 0.009434
150 0.166038 0.266981 0.011321 0.009434
151 0.180189 0.266038 0.005660 0.007547
152 0.203774 0.273585 0.007547 0.022642
153 0.220755 0.273585 0.015094 0.022642
154 0.011321 0.331132 0.015094 0.035849
155 0.033019 0.331132 0.016981 0.035849
156 0.064151 0.331132 0.015094 0.035849
157 0.095283 0.329245 0.013208 0.032075
158 0.123585 0.329245 0.016981 0.032075
159 0.153774 0.318868 0.013208 0.011321
160 0.179245 0.316981 0.003774 0.007547
161 0.203774 0.317925 0.011321 0.009434
162 0.230189 0.316981 0.011321 0.007547
163 0.252830 0.316038 0.007547 0.005660
164 0.017925 0.372642 0.009434 0.009434
165 0.039623 0.372642 0.007547 0.009434
166 0.048113 0.373585 0.005660 0.011321
167 0.072642 0.377358 0.016981 0.018868
168 0.101887 0.375472 0.015094 0.015094
169 0.119811 0.375472 0.016981 0.015094
170 0.153774 0.378302 0.020755 0.020755
171 0.188679 0.375472 0.018868 0.015094
172 0.224528 0.378302 0.018868 0.020755
173 0.256604 0.378302 0.018868 0.020755
174 0.021698 0.418868 0.016981 0.022642
175 0.043396 0.417925 0.022642 0.020755
176 0.078302 0.417925 0.020755 0.020755
177 0.101887 0.417925 0.018868 0.020755
178 0.133019 0.417925 0.016981 0.020755
179 0.163208 0.414151 0.035849 0.013208
180 0.196226 0.422642 0.018868 0.030189
