0 0.026415 0.039623 0.022642 0.041509
1 0.050943 0.044340 0.018868 0.050943
2 0.083962 0.038679 0.035849 0.039623
3 0.135849 0.043396 0.037736 0.049057
4 0.196226 0.039623 0.049057 0.041509
5 0.261321 0.044340 0.047170 0.050943
6 0.306604 0.044340 0.009434 0.050943
7 0.341509 0.045283 0.033962 0.052830
8 0.376415 0.045283 0.032075 0.052830
9 0.404717 0.029245 0.020755 0.020755
10 0.020755 0.107547 0.033962 0.033962
11 0.059434 0.116038 0.013208 0.050943
12 0.089623 0.113208 0.016981 0.045283
13 0.118868 0.118868 0.011321 0.056604
14 0.140566 0.115094 0.028302 0.049057
15 0.181132 0.111321 0.041509 0.041509
16 0.225472 0.111321 0.035849 0.041509
17 0.268868 0.111321 0.043396 0.041509
18 0.313208 0.111321 0.041509 0.041509
19 0.368868 0.111321 0.043396 0.041509
20 0.033019 0.186792 0.039623 0.041509
21 0.075472 0.186792 0.041509 0.041509
22 0.132075 0.190566 0.041509 0.049057
23 0.186792 0.186792 0.037736 0.041509
24 0.231132 0.186792 0.039623 0.041509
25 0.274528 0.180189 0.016981 0.028302
26 0.294340 0.183962 0.018868 0.035849
27 0.321698 0.180189 0.032075 0.028302
28 0.366038 0.173585 0.030189 0.015094
29 0.400943 0.180189 0.032075 0.028302
30 0.027358 0.254717 0.024528 0.041509
31 0.069811 0.258491 0.049057 0.049057
32 0.137736 0.254717 0.060377 0.041509
33 0.199057 0.254717 0.054717 0.041509
34 0.264151 0.254717 0.045283 0.041509
35 0.333019 0.254717 0.058491 0.041509
36 0.407547 0.254717 0.060377 0.041509
37 0.479245 0.254717 0.056604 0.041509
38 0.545283 0.254717 0.049057 0.041509
39 0.619811 0.254717 0.069811 0.041509
40 0.025472 0.322642 0.043396 0.041509
41 0.084906 0.322642 0.049057 0.041509
42 0.153774 0.322642 0.062264 0.041509
43 0.216981 0.322642 0.052830 0.041509
44 0.288679 0.322642 0.083019 0.041509
45 0.368868 0.322642 0.069811 0.041509
46 0.432075 0.322642 0.045283 0.041509
47 0.484906 0.322642 0.056604 0.041509
48 0.550943 0.328302 0.045283 0.052830
49 0.615094 0.322642 0.056604 0.041509
50 0.034906 0.394340 0.043396 0.041509
51 0.085849 0.394340 0.050943 0.041509
52 0.143396 0.394340 0.052830 0.041509
53 0.212264 0.394340 0.054717 0.041509
54 0.295283 0.394340 0.077358 0.041509
55 0.380189 0.394340 0.058491 0.041509
56 0.441509 0.394340 0.052830 0.041509
57 0.510377 0.394340 0.054717 0.041509
58 0.574528 0.399057 0.039623 0.050943
59 0.616981 0.398113 0.015094 0.049057
60 0.036792 0.468868 0.039623 0.050943
61 0.073585 0.469811 0.026415 0.052830
62 0.114151 0.458491 0.028302 0.030189
63 0.136792 0.457547 0.009434 0.028302
64 0.174528 0.457547 0.035849 0.028302
65 0.222642 0.464151 0.030189 0.041509
66 0.266981 0.457547 0.028302 0.028302
67 0.302830 0.464151 0.039623 0.041509
68 0.350000 0.457547 0.028302 0.028302
69 0.393396 0.470755 0.050943 0.054717
70 0.035849 0.537736 0.041509 0.041509
71 0.091509 0.537736 0.035849 0.041509
72 0.137736 0.537736 0.022642 0.041509
73 0.183962 0.544340 0.039623 0.054717
74 0.224528 0.537736 0.037736 0.041509
75 0.258491 0.537736 0.022642 0.041509
76 0.300000 0.531132 0.052830 0.028302
77 0.359434 0.531132 0.035849 0.028302
78 0.395283 0.531132 0.028302 0.028302
79 0.436792 0.537736 0.043396 0.041509
80 0.033962 0.611321 0.033962 0.041509
81 0.073585 0.604717 0.033962 0.028302
82 0.109434 0.604717 0.026415 0.028302
83 0.135849 0.610377 0.022642 0.039623
84 0.180189 0.604717 0.035849 0.028302
85 0.229245 0.604717 0.028302 0.028302
86 0.281132 0.604717 0.045283 0.028302
87 0.330189 0.604717 0.041509 0.028302
88 0.374528 0.611321 0.039623 0.041509
89 0.414151 0.604717 0.032075 0.028302
90 0.028302 0.677358 0.030189 0.052830
91 0.060377 0.679245 0.003774 0.056604
92 0.083019 0.677358 0.030189 0.052830
93 0.120755 0.684906 0.033962 0.067925
