0 0.016981 0.037736 0.007547 0.037736
1 0.032075 0.044340 0.018868 0.050943
2 0.056604 0.036792 0.026415 0.035849
3 0.097170 0.042453 0.024528 0.047170
4 0.137736 0.037736 0.045283 0.037736
5 0.199057 0.036792 0.043396 0.035849
6 0.228302 0.044340 0.007547 0.050943
7 0.251887 0.043396 0.013208 0.049057
8 0.278302 0.041509 0.013208 0.045283
9 0.298113 0.027358 0.018868 0.016981
10 0.015094 0.100000 0.022642 0.022642
11 0.036792 0.114151 0.009434 0.050943
12 0.050943 0.105660 0.015094 0.033962
13 0.067925 0.112264 0.007547 0.047170
14 0.092453 0.108491 0.015094 0.039623
15 0.115094 0.106604 0.026415 0.035849
16 0.139623 0.106604 0.018868 0.035849
17 0.165094 0.106604 0.024528 0.035849
18 0.202830 0.108491 0.024528 0.039623
19 0.232075 0.108491 0.026415 0.039623
20 0.029245 0.178302 0.024528 0.039623
21 0.058491 0.178302 0.026415 0.039623
22 0.086792 0.178302 0.026415 0.039623
23 0.117925 0.176415 0.024528 0.035849
24 0.144340 0.178302 0.024528 0.039623
25 0.175472 0.169811 0.007547 0.022642
26 0.200943 0.173585 0.009434 0.030189
27 0.218868 0.168868 0.022642 0.020755
28 0.254717 0.165094 0.022642 0.013208
29 0.292453 0.169811 0.022642 0.022642
30 0.022642 0.235849 0.015094 0.037736
31 0.055660 0.235849 0.039623 0.037736
32 0.109434 0.235849 0.037736 0.037736
33 0.146226 0.235849 0.032075 0.037736
34 0.185849 0.235849 0.035849 0.037736
35 0.229245 0.235849 0.039623 0.037736
36 0.280189 0.235849 0.032075 0.037736
37 0.323585 0.235849 0.028302 0.037736
38 0.363208 0.235849 0.039623 0.037736
39 0.418868 0.235849 0.041509 0.037736
40 0.025472 0.292453 0.016981 0.037736
41 0.050943 0.298113 0.022642 0.049057
42 0.085849 0.292453 0.039623 0.037736
43 0.138679 0.292453 0.032075 0.037736
44 0.193396 0.292453 0.047170 0.037736
45 0.238679 0.292453 0.039623 0.037736
46 0.293396 0.292453 0.039623 0.037736
47 0.333962 0.292453 0.030189 0.037736
48 0.389623 0.299057 0.047170 0.050943
49 0.449057 0.292453 0.037736 0.037736
50 0.014151 0.362264 0.024528 0.037736
51 0.060377 0.363208 0.033962 0.039623
52 0.110377 0.362264 0.039623 0.037736
53 0.152830 0.362264 0.041509 0.037736
54 0.219811 0.362264 0.058491 0.037736
55 0.283962 0.362264 0.039623 0.037736
56 0.337736 0.362264 0.037736 0.037736
57 0.386792 0.362264 0.033962 0.037736
58 0.414151 0.366038 0.009434 0.045283
59 0.441509 0.363208 0.015094 0.039623
60 0.006604 0.430189 0.009434 0.045283
61 0.038679 0.428302 0.020755 0.041509
62 0.065094 0.415094 0.028302 0.015094
63 0.099057 0.427358 0.009434 0.039623
64 0.129245 0.418868 0.024528 0.022642
65 0.167925 0.428302 0.026415 0.041509
66 0.195283 0.418868 0.020755 0.022642
67 0.223585 0.428302 0.028302 0.041509
68 0.250000 0.418868 0.020755 0.022642
69 0.288679 0.428302 0.022642 0.041509
70 0.016981 0.490566 0.026415 0.037736
71 0.046226 0.492453 0.028302 0.041509
72 0.068868 0.489623 0.013208 0.035849
73 0.087736 0.497170 0.013208 0.050943
74 0.115094 0.492453 0.030189 0.041509
75 0.150000 0.492453 0.013208 0.041509
76 0.193396 0.483019 0.043396 0.022642
77 0.231132 0.483019 0.028302 0.022642
78 0.259434 0.483019 0.024528 0.022642
79 0.298113 0.490566 0.026415 0.037736
80 0.016038 0.560377 0.028302 0.037736
81 0.045283 0.552830 0.018868 0.022642
82 0.076415 0.552830 0.016981 0.022642
83 0.099057 0.555660 0.016981 0.028302
84 0.136792 0.552830 0.028302 0.022642
85 0.179245 0.552830 0.026415 0.022642
86 0.217925 0.552830 0.039623 0.022642
87 0.264151 0.552830 0.026415 0.022642
88 0.308491 0.559434 0.028302 0.035849
89 0.334906 0.552830 0.020755 0.022642
90 0.010377 0.621698 0.013208 0.047170
91 0.025472 0.626415 0.005660 0.056604
92 0.040566 0.621698 0.013208 0.047170
93 0.073585 0.632075 0.022642 0.067925
