94 0.011321 0.030189 0.018868 0.022642
95 0.035849 0.030189 0.018868 0.022642
96 0.070755 0.030189 0.016981 0.022642
97 0.105660 0.029245 0.018868 0.020755
98 0.139623 0.029245 0.018868 0.020755
99 0.175472 0.030189 0.022642 0.022642
100 0.208491 0.030189 0.013208 0.022642
101 0.240566 0.030189 0.016981 0.022642
102 0.263208 0.030189 0.016981 0.022642
103 0.284906 0.031132 0.022642 0.024528
104 0.013208 0.075472 0.022642 0.026415
105 0.045283 0.073585 0.030189 0.022642
106 0.079245 0.078302 0.030189 0.032075
107 0.108491 0.078302 0.024528 0.032075
108 0.138679 0.078302 0.024528 0.032075
109 0.176415 0.078302 0.020755 0.032075
110 0.200943 0.073585 0.024528 0.022642
111 0.231132 0.073585 0.032075 0.022642
112 0.266038 0.073585 0.030189 0.022642
113 0.294340 0.073585 0.018868 0.022642
114 0.026415 0.124528 0.018868 0.022642
115 0.047170 0.124528 0.018868 0.022642
116 0.083962 0.124528 0.020755 0.022642
117 0.116981 0.124528 0.018868 0.022642
118 0.141509 0.124528 0.018868 0.022642
119 0.178302 0.124528 0.020755 0.022642
120 0.216981 0.129245 0.022642 0.032075
121 0.253774 0.124528 0.020755 0.022642
122 0.290566 0.129245 0.022642 0.032075
123 0.318868 0.124528 0.022642 0.022642
124 0.027358 0.180189 0.024528 0.032075
125 0.065094 0.175472 0.024528 0.022642
126 0.091509 0.175472 0.020755 0.022642
127 0.125472 0.175472 0.020755 0.022642
128 0.147170 0.175472 0.015094 0.022642
129 0.177358 0.180189 0.018868 0.032075
130 0.198113 0.175472 0.018868 0.022642
131 0.223585 0.180189 0.024528 0.032075
132 0.260377 0.175472 0.015094 0.022642
133 0.295283 0.175472 0.020755 0.022642
134 0.012264 0.226415 0.020755 0.022642
135 0.045283 0.226415 0.018868 0.022642
136 0.078302 0.226415 0.020755 0.022642
137 0.102830 0.226415 0.024528 0.022642
138 0.137736 0.226415 0.018868 0.022642
139 0.173585 0.227358 0.018868 0.024528
140 0.193396 0.226415 0.013208 0.022642
141 0.214151 0.225472 0.016981 0.020755
142 0.243396 0.217925 0.015094 0.005660
143 0.275472 0.226415 0.015094 0.022642
144 0.016038 0.274528 0.024528 0.032075
145 0.039623 0.261321 0.015094 0.005660
146 0.057547 0.263208 0.016981 0.009434
147 0.077358 0.262264 0.018868 0.007547
148 0.108491 0.262264 0.016981 0.007547
149 0.125472 0.264151 0.005660 0.011321
150 0.147170 0.264151 0.011321 0.011321
151 0.156604 0.260377 0.003774 0.003774
152 0.167925 0.268868 0.007547 0.020755
153 0.197170 0.269811 0.016981 0.022642
154 0.010377 0.326415 0.013208 0.033962
155 0.035849 0.326415 0.011321 0.033962
156 0.050943 0.326415 0.011321 0.033962
157 0.067925 0.325472 0.015094 0.032075
158 0.096226 0.324528 0.015094 0.030189
159 0.114151 0.313208 0.013208 0.007547
160 0.138679 0.313208 0.001887 0.007547
161 0.148113 0.314151 0.013208 0.009434
162 0.163208 0.312264 0.013208 0.005660
163 0.178302 0.313208 0.009434 0.007547
164 0.004717 0.366038 0.005660 0.007547
165 0.028302 0.365094 0.007547 0.005660
166 0.041509 0.366981 0.011321 0.009434
167 0.071698 0.369811 0.015094 0.015094
168 0.091509 0.370755 0.016981 0.016981
169 0.121698 0.371698 0.016981 0.018868
170 0.145283 0.371698 0.022642 0.018868
171 0.181132 0.370755 0.022642 0.016981
172 0.204717 0.370755 0.020755 0.016981
173 0.240566 0.372642 0.020755 0.020755
174 0.013208 0.411321 0.018868 0.018868
175 0.050943 0.411321 0.026415 0.018868
176 0.089623 0.410377 0.020755 0.016981
177 0.123585 0.410377 0.020755 0.016981
178 0.161321 0.413208 0.020755 0.022642
179 0.194340 0.409434 0.033962 0.015094
180 0.235849 0.416038 0.018868 0.028302
