94 0.024528 0.030189 0.022642 0.022642
95 0.065094 0.030189 0.024528 0.022642
96 0.093396 0.030189 0.024528 0.022642
97 0.131132 0.030189 0.024528 0.022642
98 0.157547 0.030189 0.024528 0.022642
99 0.199057 0.030189 0.028302 0.022642
100 0.238679 0.030189 0.020755 0.022642
101 0.266038 0.030189 0.022642 0.022642
102 0.297170 0.030189 0.028302 0.022642
103 0.336792 0.030189 0.024528 0.022642
104 0.016981 0.071698 0.026415 0.022642
105 0.065094 0.071698 0.035849 0.022642
106 0.104717 0.077358 0.035849 0.033962
107 0.142453 0.076415 0.028302 0.032075
108 0.172642 0.076415 0.028302 0.032075
109 0.214151 0.076415 0.024528 0.032075
110 0.254717 0.070755 0.030189 0.020755
111 0.304717 0.071698 0.035849 0.022642
112 0.346226 0.071698 0.035849 0.022642
113 0.381132 0.071698 0.022642 0.022642
114 0.013208 0.124528 0.022642 0.022642
115 0.050943 0.124528 0.022642 0.022642
116 0.080189 0.124528 0.028302 0.022642
117 0.117925 0.124528 0.020755 0.022642
118 0.144340 0.124528 0.028302 0.022642
119 0.176415 0.124528 0.028302 0.022642
120 0.219811 0.128302 0.028302 0.030189
121 0.260377 0.124528 0.022642 0.022642
122 0.296226 0.128302 0.022642 0.030189
123 0.324528 0.124528 0.030189 0.022642
124 0.018868 0.177358 0.030189 0.030189
125 0.053774 0.173585 0.028302 0.022642
126 0.082075 0.173585 0.024528 0.022642
127 0.109434 0.173585 0.022642 0.022642
128 0.149057 0.173585 0.022642 0.022642
129 0.173585 0.177358 0.022642 0.030189
130 0.200943 0.173585 0.024528 0.022642
131 0.229245 0.177358 0.028302 0.030189
132 0.271698 0.173585 0.022642 0.022642
133 0.299057 0.174528 0.024528 0.024528
134 0.033019 0.222642 0.032075 0.022642
135 0.066981 0.223585 0.024528 0.024528
136 0.095283 0.222642 0.028302 0.022642
137 0.127358 0.222642 0.032075 0.022642
138 0.171698 0.222642 0.022642 0.022642
139 0.210377 0.222642 0.024528 0.022642
140 0.236792 0.222642 0.020755 0.022642
141 0.260377 0.222642 0.018868 0.022642
142 0.294340 0.215094 0.018868 0.007547
143 0.326415 0.222642 0.018868 0.022642
144 0.030189 0.272642 0.030189 0.035849
145 0.061321 0.258491 0.020755 0.007547
146 0.095283 0.259434 0.020755 0.009434
147 0.123585 0.260377 0.024528 0.011321
148 0.151887 0.259434 0.020755 0.009434
149 0.168868 0.261321 0.009434 0.013208
150 0.195283 0.261321 0.016981 0.013208
151 0.221698 0.257547 0.005660 0.005660
152 0.235849 0.266038 0.011321 0.022642
153 0.260377 0.266038 0.026415 0.022642
154 0.012264 0.329245 0.020755 0.039623
155 0.036792 0.330189 0.020755 0.041509
156 0.074528 0.328302 0.024528 0.037736
157 0.098113 0.324528 0.018868 0.030189
158 0.120755 0.324528 0.018868 0.030189
159 0.154717 0.316038 0.018868 0.013208
160 0.167925 0.313208 0.003774 0.007547
161 0.180189 0.313208 0.013208 0.007547
162 0.211321 0.314151 0.018868 0.009434
163 0.241509 0.314151 0.011321 0.009434
164 0.006604 0.374528 0.009434 0.009434
165 0.033019 0.375472 0.009434 0.011321
166 0.046226 0.376415 0.009434 0.013208
167 0.065094 0.381132 0.024528 0.022642
168 0.103774 0.378302 0.022642 0.016981
169 0.132075 0.379245 0.022642 0.018868
170 0.169811 0.381132 0.026415 0.022642
171 0.198113 0.378302 0.022642 0.016981
172 0.223585 0.381132 0.024528 0.022642
173 0.253774 0.382075 0.024528 0.024528
174 0.016981 0.424528 0.026415 0.022642
175 0.050943 0.424528 0.030189 0.022642
176 0.084906 0.424528 0.026415 0.022642
177 0.131132 0.424528 0.032075 0.022642
178 0.164151 0.424528 0.030189 0.022642
179 0.205660 0.422642 0.045283 0.018868
180 0.258491 0.431132 0.026415 0.035849
