94 0.014151 0.033962 0.024528 0.030189
95 0.050943 0.033962 0.022642 0.030189
96 0.089623 0.033962 0.024528 0.030189
97 0.131132 0.033962 0.028302 0.030189
98 0.163208 0.033962 0.028302 0.030189
99 0.192453 0.033962 0.026415 0.030189
100 0.231132 0.033962 0.024528 0.030189
101 0.272642 0.033962 0.024528 0.030189
102 0.300943 0.033962 0.024528 0.030189
103 0.326415 0.033962 0.022642 0.030189
104 0.014151 0.083019 0.024528 0.030189
105 0.064151 0.083019 0.041509 0.030189
106 0.107547 0.087736 0.041509 0.039623
107 0.158491 0.087736 0.026415 0.039623
108 0.201887 0.088679 0.026415 0.041509
109 0.243396 0.089623 0.030189 0.043396
110 0.277358 0.083019 0.026415 0.030189
111 0.316038 0.083019 0.043396 0.030189
112 0.373585 0.083019 0.041509 0.030189
113 0.421698 0.083019 0.024528 0.030189
114 0.030189 0.145283 0.026415 0.030189
115 0.068868 0.145283 0.024528 0.030189
116 0.110377 0.145283 0.024528 0.030189
117 0.135849 0.145283 0.022642 0.030189
118 0.174528 0.145283 0.024528 0.030189
119 0.202830 0.145283 0.024528 0.030189
120 0.231132 0.150000 0.024528 0.039623
121 0.261321 0.145283 0.028302 0.030189
122 0.306604 0.150000 0.028302 0.039623
123 0.339623 0.145283 0.030189 0.030189
124 0.032075 0.208491 0.030189 0.039623
125 0.078302 0.203774 0.028302 0.030189
126 0.108491 0.203774 0.024528 0.030189
127 0.136792 0.203774 0.024528 0.030189
128 0.162264 0.203774 0.022642 0.030189
129 0.200943 0.209434 0.024528 0.041509
130 0.227358 0.203774 0.024528 0.030189
131 0.266981 0.209434 0.028302 0.041509
132 0.294340 0.203774 0.022642 0.030189
133 0.336792 0.203774 0.032075 0.030189
134 0.032075 0.264151 0.030189 0.030189
135 0.077358 0.264151 0.030189 0.030189
136 0.119811 0.264151 0.024528 0.030189
137 0.154717 0.264151 0.033962 0.030189
138 0.190566 0.264151 0.026415 0.030189
139 0.235849 0.264151 0.030189 0.030189
140 0.274528 0.264151 0.020755 0.030189
141 0.296226 0.259434 0.018868 0.020755
142 0.333019 0.252830 0.020755 0.007547
143 0.358491 0.264151 0.018868 0.030189
144 0.020755 0.319811 0.037736 0.043396
145 0.051887 0.300943 0.020755 0.005660
146 0.087736 0.301887 0.020755 0.007547
147 0.110377 0.302830 0.020755 0.009434
148 0.148113 0.301887 0.020755 0.007547
149 0.166038 0.304717 0.011321 0.013208
150 0.183962 0.304717 0.016981 0.013208
151 0.209434 0.301887 0.007547 0.007547
152 0.235849 0.313208 0.011321 0.030189
153 0.269811 0.313208 0.026415 0.030189
154 0.014151 0.382075 0.020755 0.043396
155 0.051887 0.382075 0.020755 0.043396
156 0.088679 0.382075 0.022642 0.043396
157 0.126415 0.381132 0.018868 0.041509
158 0.166038 0.381132 0.026415 0.041509
159 0.191509 0.366981 0.020755 0.013208
160 0.206604 0.366038 0.005660 0.011321
161 0.235849 0.365094 0.018868 0.009434
162 0.274528 0.366038 0.028302 0.011321
163 0.314151 0.366038 0.016981 0.011321
164 0.021698 0.427358 0.016981 0.009434
165 0.051887 0.428302 0.013208 0.011321
166 0.080189 0.431132 0.013208 0.016981
167 0.114151 0.434906 0.024528 0.024528
168 0.151887 0.435849 0.024528 0.026415
169 0.182075 0.436792 0.024528 0.028302
170 0.226415 0.437736 0.030189 0.030189
171 0.270755 0.435849 0.028302 0.026415
172 0.300943 0.438679 0.028302 0.032075
173 0.346226 0.438679 0.028302 0.032075
174 0.028302 0.490566 0.026415 0.033962
175 0.066038 0.488679 0.037736 0.030189
176 0.100943 0.490566 0.028302 0.033962
177 0.144340 0.489623 0.028302 0.032075
178 0.178302 0.488679 0.035849 0.030189
179 0.218868 0.481132 0.037736 0.015094
180 0.266981 0.496226 0.024528 0.045283
