94 0.023585 0.033962 0.016981 0.030189
95 0.046226 0.033962 0.016981 0.030189
96 0.077358 0.033962 0.018868 0.030189
97 0.112264 0.033962 0.016981 0.030189
98 0.143396 0.033962 0.018868 0.030189
99 0.167925 0.033962 0.022642 0.030189
100 0.187736 0.033962 0.013208 0.030189
101 0.206604 0.033962 0.016981 0.030189
102 0.240566 0.033962 0.024528 0.030189
103 0.276415 0.034906 0.020755 0.032075
104 0.012264 0.085849 0.020755 0.032075
105 0.041509 0.084906 0.030189 0.030189
106 0.084906 0.091509 0.030189 0.043396
107 0.123585 0.091509 0.020755 0.043396
108 0.161321 0.091509 0.020755 0.043396
109 0.186792 0.093396 0.022642 0.047170
110 0.225472 0.083962 0.024528 0.028302
111 0.269811 0.084906 0.030189 0.030189
112 0.317925 0.084906 0.035849 0.030189
113 0.360377 0.084906 0.018868 0.030189
114 0.026415 0.150943 0.018868 0.030189
115 0.061321 0.150943 0.016981 0.030189
116 0.098113 0.150943 0.022642 0.030189
117 0.123585 0.150943 0.016981 0.030189
118 0.147170 0.150943 0.026415 0.030189
119 0.186792 0.150943 0.022642 0.030189
120 0.213208 0.157547 0.022642 0.043396
121 0.250943 0.150943 0.018868 0.030189
122 0.271698 0.156604 0.018868 0.041509
123 0.298113 0.150943 0.026415 0.030189
124 0.015094 0.219811 0.026415 0.043396
125 0.055660 0.213208 0.020755 0.030189
126 0.089623 0.213208 0.020755 0.030189
127 0.113208 0.213208 0.018868 0.030189
128 0.134906 0.213208 0.016981 0.030189
129 0.166981 0.219811 0.016981 0.043396
130 0.197170 0.213208 0.016981 0.030189
131 0.233019 0.213208 0.020755 0.030189
132 0.264151 0.213208 0.015094 0.030189
133 0.297170 0.214151 0.020755 0.032075
134 0.028302 0.275472 0.026415 0.030189
135 0.055660 0.276415 0.020755 0.032075
136 0.080189 0.275472 0.024528 0.030189
137 0.119811 0.282075 0.028302 0.043396
138 0.155660 0.275472 0.016981 0.030189
139 0.187736 0.276415 0.020755 0.032075
140 0.207547 0.267925 0.015094 0.015094
141 0.227358 0.272642 0.016981 0.024528
142 0.246226 0.265094 0.016981 0.009434
143 0.280189 0.275472 0.016981 0.030189
144 0.018868 0.344340 0.030189 0.043396
145 0.048113 0.326415 0.016981 0.007547
146 0.079245 0.326415 0.018868 0.007547
147 0.100943 0.327358 0.020755 0.009434
148 0.122642 0.326415 0.018868 0.007547
149 0.141509 0.328302 0.007547 0.011321
150 0.154717 0.329245 0.015094 0.013208
151 0.167925 0.325472 0.003774 0.005660
152 0.188679 0.337736 0.007547 0.030189
153 0.205660 0.337736 0.022642 0.030189
154 0.022642 0.413208 0.018868 0.056604
155 0.055660 0.413208 0.013208 0.056604
156 0.083962 0.413208 0.013208 0.056604
157 0.111321 0.387736 0.015094 0.005660
158 0.141509 0.405660 0.015094 0.041509
159 0.169811 0.391509 0.015094 0.013208
160 0.182075 0.388679 0.001887 0.007547
161 0.195283 0.390566 0.016981 0.011321
162 0.216038 0.390566 0.020755 0.011321
163 0.246226 0.391509 0.009434 0.013208
164 0.022642 0.466981 0.011321 0.013208
165 0.037736 0.465094 0.007547 0.009434
166 0.057547 0.466038 0.005660 0.011321
167 0.075472 0.473585 0.018868 0.026415
168 0.096226 0.473585 0.018868 0.026415
169 0.119811 0.473585 0.020755 0.026415
170 0.143396 0.477358 0.018868 0.033962
171 0.180189 0.473585 0.020755 0.026415
172 0.202830 0.477358 0.020755 0.033962
173 0.227358 0.477358 0.020755 0.033962
174 0.011321 0.531132 0.018868 0.035849
175 0.036792 0.526415 0.024528 0.026415
176 0.074528 0.531132 0.020755 0.035849
177 0.099057 0.526415 0.020755 0.026415
178 0.136792 0.520755 0.024528 0.015094
179 0.170755 0.523585 0.035849 0.020755
180 0.203774 0.531132 0.018868 0.035849
