94 0.023585 0.030189 0.016981 0.022642
95 0.043396 0.030189 0.015094 0.022642
96 0.076415 0.030189 0.016981 0.022642
97 0.107547 0.030189 0.018868 0.022642
98 0.139623 0.030189 0.018868 0.022642
99 0.176415 0.030189 0.020755 0.022642
100 0.194340 0.030189 0.011321 0.022642
101 0.222642 0.030189 0.015094 0.022642
102 0.243396 0.030189 0.015094 0.022642
103 0.265094 0.030189 0.016981 0.022642
104 0.026415 0.072642 0.018868 0.024528
105 0.064151 0.071698 0.026415 0.022642
106 0.092453 0.076415 0.026415 0.032075
107 0.129245 0.078302 0.020755 0.035849
108 0.153774 0.078302 0.024528 0.035849
109 0.182075 0.078302 0.024528 0.035849
110 0.210377 0.071698 0.020755 0.022642
111 0.241509 0.071698 0.030189 0.022642
112 0.283019 0.071698 0.026415 0.022642
113 0.318868 0.071698 0.018868 0.022642
114 0.016038 0.126415 0.020755 0.022642
115 0.035849 0.126415 0.015094 0.022642
116 0.068868 0.125472 0.016981 0.020755
117 0.090566 0.126415 0.015094 0.022642
118 0.112264 0.126415 0.016981 0.022642
119 0.134906 0.126415 0.020755 0.022642
120 0.171698 0.131132 0.022642 0.032075
121 0.196226 0.126415 0.018868 0.022642
122 0.221698 0.131132 0.020755 0.032075
123 0.255660 0.126415 0.020755 0.022642
124 0.016981 0.182075 0.022642 0.032075
125 0.052830 0.177358 0.022642 0.022642
126 0.091509 0.177358 0.020755 0.022642
127 0.116038 0.177358 0.016981 0.022642
128 0.137736 0.177358 0.015094 0.022642
129 0.170755 0.183019 0.016981 0.033962
130 0.200943 0.177358 0.016981 0.022642
131 0.224528 0.183019 0.022642 0.033962
132 0.244340 0.177358 0.013208 0.022642
133 0.276415 0.177358 0.020755 0.022642
134 0.028302 0.230189 0.022642 0.022642
135 0.061321 0.230189 0.016981 0.022642
136 0.097170 0.230189 0.020755 0.022642
137 0.123585 0.233019 0.024528 0.028302
138 0.158491 0.230189 0.015094 0.022642
139 0.191509 0.230189 0.016981 0.022642
140 0.224528 0.229245 0.015094 0.020755
141 0.242453 0.229245 0.016981 0.020755
142 0.272642 0.222642 0.013208 0.007547
143 0.300000 0.230189 0.015094 0.022642
144 0.028302 0.283019 0.022642 0.033962
145 0.062264 0.270755 0.015094 0.009434
146 0.080189 0.270755 0.016981 0.009434
147 0.114151 0.271698 0.016981 0.011321
148 0.134906 0.270755 0.016981 0.009434
149 0.148113 0.270755 0.005660 0.009434
150 0.168868 0.271698 0.009434 0.011321
151 0.188679 0.268868 0.003774 0.005660
152 0.197170 0.276415 0.005660 0.020755
153 0.220755 0.276415 0.015094 0.020755
154 0.011321 0.336792 0.015094 0.035849
155 0.039623 0.336792 0.011321 0.035849
156 0.053774 0.336792 0.009434 0.035849
157 0.066981 0.334906 0.013208 0.032075
158 0.096226 0.334906 0.015094 0.032075
159 0.115094 0.324528 0.015094 0.011321
160 0.137736 0.323585 0.003774 0.009434
161 0.164151 0.324528 0.015094 0.011321
162 0.193396 0.324528 0.016981 0.011321
163 0.219811 0.323585 0.009434 0.009434
164 0.010377 0.377358 0.009434 0.007547
165 0.022642 0.377358 0.007547 0.007547
166 0.047170 0.382075 0.015094 0.016981
167 0.068868 0.382075 0.016981 0.016981
168 0.099057 0.381132 0.016981 0.015094
169 0.131132 0.382075 0.016981 0.016981
170 0.155660 0.383962 0.020755 0.020755
171 0.177358 0.381132 0.018868 0.015094
172 0.213208 0.383019 0.022642 0.018868
173 0.252830 0.383962 0.022642 0.020755
174 0.011321 0.422642 0.015094 0.018868
175 0.036792 0.423585 0.024528 0.020755
176 0.066038 0.422642 0.022642 0.018868
177 0.105660 0.423585 0.026415 0.020755
178 0.133962 0.423585 0.022642 0.020755
179 0.167925 0.422642 0.041509 0.018868
180 0.201887 0.427358 0.015094 0.028302
