94 0.014151 0.030189 0.016981 0.022642
95 0.047170 0.030189 0.015094 0.022642
96 0.066981 0.030189 0.016981 0.022642
97 0.087736 0.030189 0.020755 0.022642
98 0.121698 0.030189 0.020755 0.022642
99 0.144340 0.030189 0.020755 0.022642
100 0.175472 0.030189 0.015094 0.022642
101 0.205660 0.030189 0.015094 0.022642
102 0.228302 0.030189 0.018868 0.022642
103 0.261321 0.031132 0.020755 0.024528
104 0.014151 0.074528 0.020755 0.024528
105 0.052830 0.073585 0.026415 0.022642
106 0.084906 0.077358 0.026415 0.030189
107 0.115094 0.079245 0.022642 0.033962
108 0.140566 0.079245 0.024528 0.033962
109 0.177358 0.079245 0.022642 0.033962
110 0.200943 0.073585 0.020755 0.022642
111 0.240566 0.073585 0.028302 0.022642
112 0.269811 0.073585 0.026415 0.022642
113 0.305660 0.073585 0.018868 0.022642
114 0.011321 0.126415 0.018868 0.022642
115 0.043396 0.126415 0.018868 0.022642
116 0.066981 0.126415 0.020755 0.022642
117 0.099057 0.126415 0.016981 0.022642
118 0.122642 0.126415 0.018868 0.022642
119 0.159434 0.126415 0.020755 0.022642
120 0.196226 0.132075 0.022642 0.033962
121 0.221698 0.126415 0.020755 0.022642
122 0.260377 0.131132 0.022642 0.032075
123 0.284906 0.126415 0.022642 0.022642
124 0.017925 0.184906 0.024528 0.033962
125 0.058491 0.179245 0.022642 0.022642
126 0.085849 0.179245 0.020755 0.022642
127 0.118868 0.179245 0.018868 0.022642
128 0.141509 0.179245 0.015094 0.022642
129 0.159434 0.183019 0.016981 0.030189
130 0.181132 0.179245 0.018868 0.022642
131 0.216981 0.183962 0.022642 0.032075
132 0.251887 0.179245 0.013208 0.022642
133 0.287736 0.180189 0.024528 0.024528
134 0.025472 0.232075 0.020755 0.022642
135 0.064151 0.233019 0.022642 0.024528
136 0.100943 0.232075 0.020755 0.022642
137 0.141509 0.233019 0.026415 0.024528
138 0.179245 0.232075 0.018868 0.022642
139 0.215094 0.233019 0.022642 0.024528
140 0.249057 0.232075 0.015094 0.022642
141 0.278302 0.231132 0.016981 0.020755
142 0.300943 0.224528 0.016981 0.007547
143 0.333019 0.232075 0.013208 0.022642
144 0.012264 0.281132 0.020755 0.033962
145 0.033962 0.267925 0.015094 0.007547
146 0.055660 0.268868 0.016981 0.009434
147 0.079245 0.267925 0.018868 0.007547
148 0.099057 0.267925 0.016981 0.007547
149 0.112264 0.267925 0.005660 0.007547
150 0.137736 0.269811 0.011321 0.011321
151 0.160377 0.266038 0.003774 0.003774
152 0.167925 0.275472 0.007547 0.022642
153 0.185849 0.275472 0.016981 0.022642
154 0.012264 0.336792 0.013208 0.039623
155 0.030189 0.336792 0.011321 0.039623
156 0.045283 0.335849 0.007547 0.037736
157 0.059434 0.331132 0.013208 0.028302
158 0.079245 0.331132 0.015094 0.028302
159 0.096226 0.321698 0.015094 0.009434
160 0.110377 0.318868 0.001887 0.003774
161 0.134906 0.321698 0.013208 0.009434
162 0.163208 0.320755 0.013208 0.007547
163 0.186792 0.319811 0.007547 0.005660
164 0.004717 0.379245 0.005660 0.007547
165 0.028302 0.379245 0.007547 0.007547
166 0.054717 0.381132 0.011321 0.011321
167 0.084906 0.383962 0.015094 0.016981
168 0.106604 0.383962 0.020755 0.016981
169 0.140566 0.385849 0.020755 0.020755
170 0.168868 0.387736 0.024528 0.024528
171 0.198113 0.383962 0.022642 0.016981
172 0.237736 0.386792 0.026415 0.022642
173 0.266038 0.386792 0.026415 0.022642
174 0.026415 0.430189 0.018868 0.022642
175 0.057547 0.430189 0.032075 0.022642
176 0.104717 0.431132 0.028302 0.024528
177 0.137736 0.431132 0.026415 0.024528
178 0.166038 0.430189 0.018868 0.022642
179 0.213208 0.429245 0.041509 0.020755
180 0.258491 0.434906 0.018868 0.032075
