0 0.008491 0.037736 0.009434 0.037736
1 0.029245 0.044340 0.024528 0.050943
2 0.076415 0.037736 0.039623 0.037736
3 0.117925 0.041509 0.035849 0.045283
4 0.160377 0.037736 0.045283 0.037736
5 0.216038 0.037736 0.039623 0.037736
6 0.253774 0.044340 0.009434 0.050943
7 0.270755 0.041509 0.013208 0.045283
8 0.300943 0.041509 0.013208 0.045283
9 0.323585 0.029245 0.020755 0.020755
10 0.031132 0.104717 0.028302 0.032075
11 0.065094 0.114151 0.009434 0.050943
12 0.091509 0.116981 0.013208 0.056604
13 0.116038 0.112264 0.009434 0.047170
14 0.154717 0.107547 0.037736 0.037736
15 0.197170 0.107547 0.035849 0.037736
16 0.236792 0.107547 0.013208 0.037736
17 0.276415 0.108491 0.035849 0.039623
18 0.316038 0.107547 0.035849 0.037736
19 0.367925 0.107547 0.037736 0.037736
20 0.021698 0.183962 0.035849 0.039623
21 0.069811 0.183019 0.033962 0.037736
22 0.121698 0.183962 0.035849 0.039623
23 0.159434 0.183019 0.035849 0.037736
24 0.210377 0.183019 0.035849 0.037736
25 0.238679 0.179245 0.009434 0.030189
26 0.253774 0.183019 0.009434 0.037736
27 0.276415 0.181132 0.024528 0.033962
28 0.316038 0.173585 0.028302 0.018868
29 0.348113 0.181132 0.024528 0.033962
30 0.026415 0.241509 0.022642 0.037736
31 0.072642 0.241509 0.039623 0.037736
32 0.117925 0.241509 0.043396 0.037736
33 0.161321 0.241509 0.039623 0.037736
34 0.208491 0.241509 0.043396 0.037736
35 0.266038 0.241509 0.041509 0.037736
36 0.319811 0.241509 0.035849 0.037736
37 0.357547 0.242453 0.035849 0.039623
38 0.410377 0.241509 0.043396 0.037736
39 0.469811 0.241509 0.041509 0.037736
40 0.022642 0.300000 0.011321 0.037736
41 0.047170 0.300000 0.030189 0.037736
42 0.095283 0.300000 0.039623 0.037736
43 0.150000 0.300943 0.035849 0.039623
44 0.208491 0.300000 0.047170 0.037736
45 0.267925 0.300000 0.041509 0.037736
46 0.323585 0.300000 0.043396 0.037736
47 0.379245 0.300000 0.037736 0.037736
48 0.434906 0.302830 0.043396 0.043396
49 0.491509 0.300000 0.039623 0.037736
50 0.022642 0.362264 0.033962 0.037736
51 0.064151 0.363208 0.037736 0.039623
52 0.119811 0.362264 0.039623 0.037736
53 0.174528 0.362264 0.043396 0.037736
54 0.243396 0.362264 0.064151 0.037736
55 0.297170 0.362264 0.039623 0.037736
56 0.340566 0.362264 0.039623 0.037736
57 0.395283 0.363208 0.035849 0.039623
58 0.433962 0.366038 0.015094 0.045283
59 0.466038 0.362264 0.037736 0.037736
60 0.020755 0.430189 0.015094 0.045283
61 0.042453 0.426415 0.024528 0.037736
62 0.074528 0.430189 0.028302 0.045283
63 0.099057 0.418868 0.009434 0.022642
64 0.126415 0.422642 0.037736 0.030189
65 0.178302 0.422642 0.032075 0.030189
66 0.216038 0.422642 0.035849 0.030189
67 0.254717 0.422642 0.033962 0.030189
68 0.288679 0.422642 0.030189 0.030189
69 0.322642 0.422642 0.030189 0.030189
70 0.021698 0.486792 0.035849 0.030189
71 0.058491 0.486792 0.033962 0.030189
72 0.083962 0.486792 0.009434 0.030189
73 0.115094 0.486792 0.026415 0.030189
74 0.150943 0.486792 0.033962 0.030189
75 0.185849 0.487736 0.028302 0.032075
76 0.236792 0.486792 0.039623 0.030189
77 0.276415 0.486792 0.035849 0.030189
78 0.327358 0.486792 0.035849 0.030189
79 0.365094 0.486792 0.032075 0.030189
80 0.021698 0.539623 0.035849 0.033962
81 0.071698 0.537736 0.033962 0.030189
82 0.116981 0.537736 0.030189 0.030189
83 0.150000 0.538679 0.032075 0.032075
84 0.186792 0.537736 0.033962 0.030189
85 0.238679 0.537736 0.035849 0.030189
86 0.285849 0.537736 0.054717 0.030189
87 0.334906 0.537736 0.035849 0.030189
88 0.386792 0.537736 0.033962 0.030189
89 0.433962 0.537736 0.030189 0.030189
90 0.025472 0.598113 0.020755 0.045283
91 0.053774 0.599057 0.009434 0.047170
92 0.070755 0.598113 0.020755 0.045283
93 0.100000 0.609434 0.026415 0.067925
