94 0.031132 0.033962 0.028302 0.030189
95 0.064151 0.033962 0.026415 0.030189
96 0.107547 0.033962 0.026415 0.030189
97 0.139623 0.033962 0.030189 0.030189
98 0.186792 0.033962 0.030189 0.030189
99 0.217925 0.033962 0.028302 0.030189
100 0.262264 0.033962 0.026415 0.030189
101 0.294340 0.033962 0.026415 0.030189
102 0.326415 0.033962 0.026415 0.030189
103 0.367925 0.033962 0.026415 0.030189
104 0.018868 0.083019 0.030189 0.030189
105 0.057547 0.083019 0.043396 0.030189
106 0.104717 0.087736 0.043396 0.039623
107 0.147170 0.087736 0.030189 0.039623
108 0.194340 0.088679 0.030189 0.041509
109 0.229245 0.089623 0.032075 0.043396
110 0.262264 0.083019 0.030189 0.030189
111 0.313208 0.083019 0.045283 0.030189
112 0.372642 0.083019 0.043396 0.030189
113 0.412264 0.083019 0.028302 0.030189
114 0.032075 0.145283 0.030189 0.030189
115 0.076415 0.145283 0.028302 0.030189
116 0.116981 0.145283 0.026415 0.030189
117 0.146226 0.145283 0.024528 0.030189
118 0.173585 0.145283 0.026415 0.030189
119 0.215094 0.145283 0.026415 0.030189
120 0.258491 0.150000 0.026415 0.039623
121 0.289623 0.145283 0.032075 0.030189
122 0.334906 0.150000 0.032075 0.039623
123 0.368868 0.145283 0.032075 0.030189
124 0.029245 0.208491 0.032075 0.039623
125 0.062264 0.203774 0.030189 0.030189
126 0.105660 0.203774 0.026415 0.030189
127 0.134906 0.203774 0.028302 0.030189
128 0.174528 0.203774 0.024528 0.030189
129 0.204717 0.209434 0.028302 0.041509
130 0.237736 0.203774 0.026415 0.030189
131 0.267925 0.209434 0.030189 0.041509
132 0.300943 0.203774 0.024528 0.030189
133 0.343396 0.203774 0.033962 0.030189
134 0.031132 0.264151 0.032075 0.030189
135 0.065094 0.264151 0.032075 0.030189
136 0.109434 0.264151 0.026415 0.030189
137 0.144340 0.264151 0.035849 0.030189
138 0.182075 0.264151 0.028302 0.030189
139 0.216038 0.264151 0.032075 0.030189
140 0.259434 0.264151 0.024528 0.030189
141 0.295283 0.260377 0.020755 0.022642
142 0.333962 0.253774 0.022642 0.009434
143 0.370755 0.264151 0.020755 0.030189
144 0.035849 0.320755 0.041509 0.045283
145 0.069811 0.301887 0.022642 0.007547
146 0.109434 0.302830 0.022642 0.009434
147 0.149057 0.303774 0.022642 0.011321
148 0.177358 0.302830 0.022642 0.009434
149 0.207547 0.304717 0.011321 0.013208
150 0.239623 0.304717 0.018868 0.013208
151 0.266038 0.301887 0.007547 0.007547
152 0.278302 0.313208 0.013208 0.030189
153 0.313208 0.313208 0.030189 0.030189
154 0.025472 0.383962 0.024528 0.043396
155 0.063208 0.383962 0.024528 0.043396
156 0.092453 0.383962 0.026415 0.043396
157 0.133019 0.383019 0.020755 0.041509
158 0.174528 0.383019 0.028302 0.041509
159 0.212264 0.369811 0.020755 0.015094
160 0.230189 0.367925 0.007547 0.011321
161 0.257547 0.367925 0.020755 0.011321
162 0.298113 0.367925 0.030189 0.011321
163 0.339623 0.368868 0.018868 0.013208
164 0.025472 0.429245 0.020755 0.009434
165 0.058491 0.431132 0.015094 0.013208
166 0.086792 0.433962 0.015094 0.018868
167 0.119811 0.436792 0.024528 0.024528
168 0.159434 0.437736 0.028302 0.026415
169 0.191509 0.438679 0.028302 0.028302
170 0.234906 0.439623 0.032075 0.030189
171 0.268868 0.437736 0.032075 0.026415
172 0.301887 0.440566 0.030189 0.032075
173 0.337736 0.441509 0.030189 0.033962
174 0.017925 0.494340 0.028302 0.033962
175 0.054717 0.492453 0.041509 0.030189
176 0.106604 0.493396 0.032075 0.032075
177 0.151887 0.493396 0.032075 0.032075
178 0.201887 0.492453 0.037736 0.030189
179 0.244340 0.485849 0.039623 0.016981
180 0.281132 0.500000 0.026415 0.045283
