94 0.014151 0.030189 0.016981 0.022642
95 0.035849 0.030189 0.015094 0.022642
96 0.066038 0.030189 0.015094 0.022642
97 0.099057 0.030189 0.016981 0.022642
98 0.119811 0.030189 0.016981 0.022642
99 0.154717 0.031132 0.018868 0.024528
100 0.177358 0.030189 0.015094 0.022642
101 0.208491 0.030189 0.016981 0.022642
102 0.238679 0.031132 0.016981 0.024528
103 0.269811 0.032075 0.015094 0.026415
104 0.009434 0.077358 0.015094 0.026415
105 0.035849 0.075472 0.026415 0.022642
106 0.067925 0.078302 0.026415 0.028302
107 0.091509 0.078302 0.016981 0.028302
108 0.110377 0.078302 0.016981 0.028302
109 0.143396 0.081132 0.018868 0.033962
110 0.178302 0.076415 0.016981 0.024528
111 0.216038 0.075472 0.024528 0.022642
112 0.244340 0.075472 0.024528 0.022642
113 0.282075 0.075472 0.016981 0.022642
114 0.012264 0.128302 0.016981 0.022642
115 0.042453 0.128302 0.016981 0.022642
116 0.076415 0.128302 0.016981 0.022642
117 0.106604 0.128302 0.016981 0.022642
118 0.140566 0.128302 0.016981 0.022642
119 0.163208 0.128302 0.016981 0.022642
120 0.183962 0.131132 0.016981 0.028302
121 0.210377 0.128302 0.024528 0.022642
122 0.238679 0.131132 0.024528 0.028302
123 0.268868 0.128302 0.024528 0.022642
124 0.016038 0.178302 0.024528 0.028302
125 0.041509 0.176415 0.018868 0.024528
126 0.077358 0.175472 0.018868 0.022642
127 0.100943 0.176415 0.016981 0.024528
128 0.133019 0.176415 0.016981 0.024528
129 0.153774 0.178302 0.016981 0.028302
130 0.183962 0.175472 0.016981 0.022642
131 0.203774 0.179245 0.018868 0.030189
132 0.227358 0.176415 0.016981 0.024528
133 0.246226 0.177358 0.016981 0.026415
134 0.011321 0.224528 0.018868 0.022642
135 0.031132 0.226415 0.016981 0.026415
136 0.063208 0.224528 0.016981 0.022642
137 0.087736 0.226415 0.024528 0.026415
138 0.123585 0.224528 0.016981 0.022642
139 0.144340 0.225472 0.016981 0.024528
140 0.178302 0.224528 0.016981 0.022642
141 0.205660 0.222642 0.007547 0.018868
142 0.230189 0.216038 0.015094 0.005660
143 0.258491 0.224528 0.011321 0.022642
144 0.016981 0.276415 0.022642 0.035849
145 0.040566 0.260377 0.016981 0.003774
146 0.070755 0.261321 0.016981 0.005660
147 0.103774 0.262264 0.015094 0.007547
148 0.121698 0.261321 0.016981 0.005660
149 0.150943 0.262264 0.007547 0.007547
150 0.163208 0.262264 0.009434 0.007547
151 0.173585 0.261321 0.003774 0.005660
152 0.183962 0.269811 0.005660 0.022642
153 0.207547 0.269811 0.015094 0.022642
154 0.023585 0.334906 0.013208 0.043396
155 0.054717 0.334906 0.015094 0.043396
156 0.083962 0.334906 0.016981 0.043396
157 0.100000 0.327358 0.011321 0.028302
158 0.132075 0.329245 0.018868 0.032075
159 0.155660 0.317925 0.016981 0.009434
160 0.183962 0.316038 0.005660 0.005660
161 0.206604 0.316981 0.013208 0.007547
162 0.227358 0.316038 0.020755 0.005660
163 0.245283 0.316981 0.011321 0.007547
164 0.005660 0.377358 0.007547 0.003774
165 0.026415 0.380189 0.007547 0.009434
166 0.037736 0.380189 0.011321 0.009434
167 0.066038 0.384906 0.018868 0.018868
168 0.090566 0.385849 0.018868 0.020755
169 0.114151 0.384906 0.020755 0.018868
170 0.140566 0.386792 0.024528 0.022642
171 0.169811 0.384906 0.026415 0.018868
172 0.209434 0.386792 0.022642 0.022642
173 0.247170 0.386792 0.022642 0.022642
174 0.025472 0.430189 0.024528 0.026415
175 0.068868 0.427358 0.028302 0.020755
176 0.096226 0.428302 0.022642 0.022642
177 0.133962 0.427358 0.022642 0.020755
178 0.175472 0.428302 0.026415 0.022642
179 0.230189 0.428302 0.052830 0.022642
180 0.271698 0.433019 0.018868 0.032075
