0 0.008491 0.041509 0.009434 0.045283
1 0.040566 0.041509 0.020755 0.045283
2 0.081132 0.039623 0.033962 0.041509
3 0.115094 0.043396 0.026415 0.049057
4 0.163208 0.042453 0.039623 0.047170
5 0.216981 0.042453 0.033962 0.047170
6 0.251887 0.041509 0.009434 0.045283
7 0.281132 0.045283 0.015094 0.052830
8 0.309434 0.043396 0.015094 0.049057
9 0.340566 0.032075 0.020755 0.026415
10 0.032075 0.106604 0.030189 0.032075
11 0.054717 0.116038 0.007547 0.050943
12 0.068868 0.124528 0.013208 0.067925
13 0.096226 0.118868 0.007547 0.056604
14 0.125472 0.113208 0.024528 0.045283
15 0.151887 0.113208 0.024528 0.045283
16 0.177358 0.113208 0.015094 0.045283
17 0.199057 0.113208 0.024528 0.045283
18 0.225472 0.113208 0.024528 0.045283
19 0.266981 0.113208 0.024528 0.045283
20 0.014151 0.200000 0.024528 0.045283
21 0.042453 0.200000 0.024528 0.045283
22 0.083962 0.200000 0.024528 0.045283
23 0.121698 0.200000 0.024528 0.045283
24 0.148113 0.200000 0.024528 0.045283
25 0.169811 0.193396 0.007547 0.032075
26 0.190566 0.196226 0.007547 0.037736
27 0.222642 0.192453 0.030189 0.030189
28 0.266038 0.186792 0.030189 0.018868
29 0.311321 0.192453 0.030189 0.030189
30 0.014151 0.264151 0.020755 0.045283
31 0.053774 0.266981 0.047170 0.050943
32 0.094340 0.264151 0.026415 0.045283
33 0.138679 0.264151 0.028302 0.045283
34 0.178302 0.264151 0.020755 0.045283
35 0.208491 0.264151 0.028302 0.045283
36 0.238679 0.264151 0.020755 0.045283
37 0.277358 0.264151 0.022642 0.045283
38 0.317925 0.264151 0.028302 0.045283
39 0.359434 0.264151 0.028302 0.045283
40 0.010377 0.333962 0.013208 0.045283
41 0.041509 0.337736 0.018868 0.052830
42 0.070755 0.333962 0.028302 0.045283
43 0.097170 0.333962 0.020755 0.045283
44 0.137736 0.333962 0.030189 0.045283
45 0.169811 0.333962 0.022642 0.045283
46 0.209434 0.333962 0.026415 0.045283
47 0.251887 0.333962 0.028302 0.045283
48 0.293396 0.336792 0.028302 0.050943
49 0.323585 0.333962 0.028302 0.045283
50 0.011321 0.405660 0.018868 0.045283
51 0.033962 0.405660 0.022642 0.045283
52 0.058491 0.405660 0.022642 0.045283
53 0.086792 0.405660 0.026415 0.045283
54 0.124528 0.405660 0.037736 0.045283
55 0.169811 0.405660 0.026415 0.045283
56 0.212264 0.405660 0.024528 0.045283
57 0.237736 0.405660 0.018868 0.045283
58 0.254717 0.408491 0.011321 0.050943
59 0.290566 0.405660 0.026415 0.045283
60 0.021698 0.478302 0.009434 0.050943
61 0.043396 0.475472 0.022642 0.045283
62 0.085849 0.467925 0.028302 0.030189
63 0.120755 0.464151 0.011321 0.022642
64 0.151887 0.471698 0.024528 0.037736
65 0.193396 0.475472 0.024528 0.045283
66 0.218868 0.471698 0.018868 0.037736
67 0.257547 0.475472 0.024528 0.045283
68 0.294340 0.471698 0.022642 0.037736
69 0.316038 0.476415 0.013208 0.047170
70 0.016038 0.549057 0.024528 0.052830
71 0.044340 0.545283 0.024528 0.045283
72 0.067925 0.546226 0.011321 0.047170
73 0.084906 0.550000 0.011321 0.054717
74 0.108491 0.545283 0.024528 0.045283
75 0.139623 0.545283 0.011321 0.045283
76 0.166038 0.541509 0.037736 0.037736
77 0.200943 0.541509 0.024528 0.037736
78 0.231132 0.541509 0.024528 0.037736
79 0.261321 0.545283 0.024528 0.045283
80 0.017925 0.618868 0.024528 0.045283
81 0.051887 0.615094 0.016981 0.037736
82 0.084906 0.615094 0.015094 0.037736
83 0.112264 0.618868 0.013208 0.045283
84 0.144340 0.615094 0.024528 0.037736
85 0.169811 0.615094 0.022642 0.037736
86 0.213208 0.615094 0.033962 0.037736
87 0.257547 0.615094 0.020755 0.037736
88 0.284906 0.618868 0.022642 0.045283
89 0.306604 0.615094 0.016981 0.037736
90 0.013208 0.686792 0.018868 0.052830
91 0.042453 0.686792 0.005660 0.052830
92 0.058491 0.686792 0.018868 0.052830
93 0.084906 0.688679 0.030189 0.056604
