0 0.022642 0.037736 0.015094 0.037736
1 0.052830 0.041509 0.018868 0.045283
2 0.082075 0.037736 0.032075 0.037736
3 0.125472 0.038679 0.024528 0.039623
4 0.174528 0.039623 0.043396 0.041509
5 0.215094 0.037736 0.033962 0.037736
6 0.239623 0.041509 0.007547 0.045283
7 0.255660 0.041509 0.016981 0.045283
8 0.289623 0.042453 0.016981 0.047170
9 0.327358 0.031132 0.024528 0.024528
10 0.028302 0.097170 0.022642 0.024528
11 0.052830 0.113208 0.015094 0.056604
12 0.071698 0.101887 0.011321 0.033962
13 0.087736 0.103774 0.009434 0.037736
14 0.117925 0.107547 0.024528 0.045283
15 0.155660 0.098113 0.024528 0.026415
16 0.192453 0.098113 0.022642 0.026415
17 0.230189 0.098113 0.022642 0.026415
18 0.270755 0.103774 0.024528 0.037736
19 0.297170 0.103774 0.024528 0.037736
20 0.028302 0.179245 0.026415 0.037736
21 0.069811 0.179245 0.026415 0.037736
22 0.113208 0.179245 0.026415 0.037736
23 0.145283 0.179245 0.026415 0.037736
24 0.174528 0.179245 0.028302 0.037736
25 0.200943 0.172642 0.013208 0.024528
26 0.219811 0.178302 0.016981 0.035849
27 0.252830 0.173585 0.022642 0.026415
28 0.292453 0.168868 0.022642 0.016981
29 0.316981 0.173585 0.022642 0.026415
30 0.025472 0.235849 0.020755 0.037736
31 0.073585 0.241509 0.045283 0.049057
32 0.125472 0.235849 0.032075 0.037736
33 0.171698 0.235849 0.030189 0.037736
34 0.207547 0.235849 0.030189 0.037736
35 0.242453 0.235849 0.035849 0.037736
36 0.292453 0.235849 0.030189 0.037736
37 0.337736 0.235849 0.030189 0.037736
38 0.383962 0.235849 0.032075 0.037736
39 0.419811 0.235849 0.035849 0.037736
40 0.023585 0.303774 0.013208 0.037736
41 0.056604 0.303774 0.022642 0.037736
42 0.100000 0.303774 0.033962 0.037736
43 0.146226 0.303774 0.024528 0.037736
44 0.195283 0.303774 0.043396 0.037736
45 0.250943 0.303774 0.037736 0.037736
46 0.290566 0.303774 0.033962 0.037736
47 0.339623 0.303774 0.030189 0.037736
48 0.388679 0.303774 0.033962 0.037736
49 0.427358 0.303774 0.032075 0.037736
50 0.027358 0.360377 0.028302 0.037736
51 0.073585 0.360377 0.030189 0.037736
52 0.120755 0.360377 0.033962 0.037736
53 0.159434 0.360377 0.032075 0.037736
54 0.201887 0.360377 0.049057 0.037736
55 0.248113 0.360377 0.039623 0.037736
56 0.298113 0.360377 0.030189 0.037736
57 0.346226 0.360377 0.035849 0.037736
58 0.378302 0.364151 0.020755 0.045283
59 0.400943 0.364151 0.013208 0.045283
60 0.014151 0.428302 0.020755 0.045283
61 0.054717 0.430189 0.026415 0.049057
62 0.087736 0.420755 0.028302 0.030189
63 0.106604 0.419811 0.005660 0.028302
64 0.139623 0.418868 0.026415 0.026415
65 0.167925 0.425472 0.022642 0.039623
66 0.207547 0.418868 0.022642 0.026415
67 0.246226 0.425472 0.028302 0.039623
68 0.289623 0.418868 0.024528 0.026415
69 0.335849 0.432075 0.033962 0.052830
70 0.032075 0.497170 0.030189 0.039623
71 0.073585 0.497170 0.026415 0.039623
72 0.095283 0.497170 0.013208 0.039623
73 0.131132 0.503774 0.024528 0.052830
74 0.169811 0.497170 0.026415 0.039623
75 0.191509 0.497170 0.013208 0.039623
76 0.220755 0.490566 0.041509 0.026415
77 0.267925 0.490566 0.026415 0.026415
78 0.300000 0.490566 0.026415 0.026415
79 0.345283 0.497170 0.030189 0.039623
80 0.026415 0.568868 0.026415 0.039623
81 0.065094 0.562264 0.020755 0.026415
82 0.087736 0.562264 0.020755 0.026415
83 0.109434 0.566038 0.018868 0.033962
84 0.146226 0.562264 0.024528 0.026415
85 0.184906 0.562264 0.026415 0.026415
86 0.231132 0.562264 0.039623 0.026415
87 0.269811 0.562264 0.030189 0.026415
88 0.305660 0.568868 0.033962 0.039623
89 0.337736 0.562264 0.026415 0.026415
90 0.022642 0.631132 0.018868 0.047170
91 0.036792 0.633962 0.005660 0.052830
92 0.066038 0.631132 0.018868 0.047170
93 0.092453 0.630189 0.022642 0.045283
