0 0.008491 0.036792 0.005660 0.035849
1 0.032075 0.041509 0.015094 0.045283
2 0.060377 0.038679 0.033962 0.039623
3 0.100943 0.036792 0.020755 0.035849
4 0.136792 0.036792 0.043396 0.035849
5 0.194340 0.035849 0.037736 0.033962
6 0.231132 0.041509 0.005660 0.045283
7 0.253774 0.045283 0.013208 0.052830
8 0.267925 0.043396 0.011321 0.049057
9 0.286792 0.030189 0.018868 0.022642
10 0.016981 0.104717 0.030189 0.028302
11 0.049057 0.110377 0.007547 0.039623
12 0.072642 0.096226 0.013208 0.011321
13 0.087736 0.104717 0.005660 0.028302
14 0.102830 0.114151 0.020755 0.047170
15 0.128302 0.108491 0.022642 0.035849
16 0.160377 0.108491 0.011321 0.035849
17 0.181132 0.108491 0.022642 0.035849
18 0.220755 0.108491 0.022642 0.035849
19 0.259434 0.107547 0.024528 0.033962
20 0.024528 0.174528 0.018868 0.035849
21 0.057547 0.174528 0.020755 0.035849
22 0.096226 0.172642 0.022642 0.032075
23 0.131132 0.174528 0.020755 0.035849
24 0.167925 0.174528 0.022642 0.035849
25 0.199057 0.167925 0.005660 0.022642
26 0.209434 0.171698 0.007547 0.030189
27 0.232075 0.170755 0.030189 0.028302
28 0.266038 0.164151 0.030189 0.015094
29 0.309434 0.170755 0.030189 0.028302
30 0.024528 0.230189 0.015094 0.037736
31 0.072642 0.236792 0.047170 0.050943
32 0.120755 0.229245 0.037736 0.035849
33 0.171698 0.229245 0.030189 0.035849
34 0.217925 0.229245 0.032075 0.035849
35 0.270755 0.229245 0.039623 0.035849
36 0.311321 0.229245 0.033962 0.035849
37 0.348113 0.229245 0.028302 0.035849
38 0.383019 0.229245 0.037736 0.035849
39 0.438679 0.229245 0.039623 0.035849
40 0.014151 0.299057 0.016981 0.035849
41 0.045283 0.306604 0.018868 0.050943
42 0.079245 0.299057 0.041509 0.035849
43 0.121698 0.299057 0.032075 0.035849
44 0.176415 0.299057 0.047170 0.035849
45 0.226415 0.299057 0.041509 0.035849
46 0.272642 0.299057 0.039623 0.035849
47 0.308491 0.299057 0.028302 0.035849
48 0.347170 0.305660 0.037736 0.049057
49 0.396226 0.299057 0.033962 0.035849
50 0.013208 0.368868 0.022642 0.035849
51 0.058491 0.369811 0.033962 0.037736
52 0.099057 0.368868 0.035849 0.035849
53 0.141509 0.368868 0.037736 0.035849
54 0.199057 0.368868 0.050943 0.035849
55 0.246226 0.368868 0.039623 0.035849
56 0.298113 0.368868 0.037736 0.035849
57 0.336792 0.368868 0.032075 0.035849
58 0.373585 0.375472 0.011321 0.049057
59 0.393396 0.374528 0.020755 0.047170
60 0.017925 0.443396 0.009434 0.049057
61 0.048113 0.432075 0.020755 0.026415
62 0.089623 0.433962 0.028302 0.030189
63 0.109434 0.430189 0.007547 0.022642
64 0.124528 0.430189 0.018868 0.022642
65 0.159434 0.437736 0.024528 0.037736
66 0.196226 0.430189 0.018868 0.022642
67 0.221698 0.437736 0.024528 0.037736
68 0.245283 0.430189 0.018868 0.022642
69 0.279245 0.437736 0.018868 0.037736
70 0.018868 0.505660 0.026415 0.037736
71 0.062264 0.505660 0.026415 0.037736
72 0.083962 0.505660 0.013208 0.037736
73 0.106604 0.510377 0.005660 0.047170
74 0.125472 0.505660 0.024528 0.037736
75 0.148113 0.505660 0.013208 0.037736
76 0.189623 0.498113 0.039623 0.022642
77 0.237736 0.498113 0.026415 0.022642
78 0.278302 0.498113 0.024528 0.022642
79 0.305660 0.505660 0.026415 0.037736
80 0.028302 0.571698 0.026415 0.037736
81 0.066981 0.564151 0.016981 0.022642
82 0.088679 0.564151 0.015094 0.022642
83 0.118868 0.566981 0.015094 0.028302
84 0.142453 0.564151 0.024528 0.022642
85 0.173585 0.563208 0.026415 0.020755
86 0.209434 0.564151 0.037736 0.022642
87 0.241509 0.564151 0.022642 0.022642
88 0.278302 0.571698 0.024528 0.037736
89 0.315094 0.564151 0.018868 0.022642
90 0.022642 0.635849 0.015094 0.052830
91 0.036792 0.635849 0.001887 0.052830
92 0.058491 0.635849 0.015094 0.052830
93 0.083019 0.632075 0.030189 0.045283
