0 0.020755 0.036792 0.011321 0.035849
1 0.038679 0.044340 0.020755 0.050943
2 0.063208 0.038679 0.024528 0.039623
3 0.104717 0.039623 0.024528 0.041509
4 0.133019 0.036792 0.024528 0.035849
5 0.161321 0.033962 0.020755 0.030189
6 0.193396 0.044340 0.009434 0.050943
7 0.219811 0.040566 0.013208 0.043396
8 0.248113 0.040566 0.013208 0.043396
9 0.269811 0.029245 0.018868 0.020755
10 0.014151 0.102830 0.024528 0.028302
11 0.050000 0.114151 0.013208 0.050943
12 0.069811 0.094340 0.022642 0.011321
13 0.086792 0.107547 0.007547 0.037736
14 0.118868 0.109434 0.030189 0.041509
15 0.150943 0.106604 0.022642 0.035849
16 0.188679 0.106604 0.018868 0.035849
17 0.213208 0.106604 0.026415 0.035849
18 0.253774 0.106604 0.024528 0.035849
19 0.291509 0.106604 0.020755 0.035849
20 0.029245 0.176415 0.024528 0.035849
21 0.070755 0.176415 0.024528 0.035849
22 0.108491 0.175472 0.020755 0.033962
23 0.136792 0.176415 0.024528 0.035849
24 0.178302 0.176415 0.024528 0.035849
25 0.198113 0.170755 0.011321 0.024528
26 0.216038 0.173585 0.016981 0.030189
27 0.253774 0.172642 0.028302 0.028302
28 0.298113 0.163208 0.030189 0.009434
29 0.344340 0.172642 0.028302 0.028302
30 0.015094 0.230189 0.018868 0.033962
31 0.040566 0.233019 0.024528 0.039623
32 0.085849 0.230189 0.032075 0.033962
33 0.118868 0.230189 0.030189 0.033962
34 0.153774 0.230189 0.028302 0.033962
35 0.186792 0.230189 0.030189 0.033962
36 0.222642 0.230189 0.030189 0.033962
37 0.268868 0.230189 0.032075 0.033962
38 0.305660 0.230189 0.030189 0.033962
39 0.352830 0.230189 0.033962 0.033962
40 0.028302 0.288679 0.026415 0.033962
41 0.062264 0.288679 0.033962 0.033962
42 0.109434 0.288679 0.033962 0.033962
43 0.155660 0.288679 0.028302 0.033962
44 0.194340 0.288679 0.037736 0.033962
45 0.232075 0.288679 0.033962 0.033962
46 0.266981 0.288679 0.028302 0.033962
47 0.309434 0.288679 0.030189 0.033962
48 0.342453 0.292453 0.028302 0.041509
49 0.386792 0.288679 0.030189 0.033962
50 0.027358 0.349057 0.028302 0.033962
51 0.060377 0.349057 0.026415 0.033962
52 0.105660 0.349057 0.030189 0.033962
53 0.140566 0.349057 0.032075 0.033962
54 0.187736 0.349057 0.032075 0.033962
55 0.222642 0.349057 0.033962 0.033962
56 0.270755 0.349057 0.028302 0.033962
57 0.301887 0.349057 0.026415 0.033962
58 0.340566 0.353774 0.016981 0.043396
59 0.360377 0.353774 0.011321 0.043396
60 0.023585 0.416038 0.016981 0.043396
61 0.057547 0.407547 0.020755 0.026415
62 0.101887 0.401887 0.033962 0.015094
63 0.123585 0.405660 0.005660 0.022642
64 0.142453 0.406604 0.024528 0.024528
65 0.176415 0.412264 0.032075 0.035849
66 0.218868 0.406604 0.026415 0.024528
67 0.249057 0.412264 0.030189 0.035849
68 0.279245 0.406604 0.026415 0.024528
69 0.313208 0.412264 0.030189 0.035849
70 0.016981 0.474528 0.030189 0.035849
71 0.058491 0.474528 0.026415 0.035849
72 0.088679 0.474528 0.022642 0.035849
73 0.129245 0.480189 0.024528 0.047170
74 0.172642 0.474528 0.028302 0.035849
75 0.215094 0.474528 0.022642 0.035849
76 0.244340 0.468868 0.032075 0.024528
77 0.288679 0.468868 0.026415 0.024528
78 0.318868 0.468868 0.026415 0.024528
79 0.366038 0.474528 0.033962 0.035849
80 0.031132 0.540566 0.032075 0.035849
81 0.074528 0.534906 0.028302 0.024528
82 0.105660 0.534906 0.026415 0.024528
83 0.146226 0.538679 0.020755 0.032075
84 0.182075 0.534906 0.024528 0.024528
85 0.212264 0.534906 0.028302 0.024528
86 0.242453 0.534906 0.028302 0.024528
87 0.288679 0.534906 0.030189 0.024528
88 0.335849 0.540566 0.033962 0.035849
89 0.382075 0.534906 0.024528 0.024528
90 0.020755 0.599057 0.015094 0.043396
91 0.045283 0.596226 0.003774 0.037736
92 0.057547 0.599057 0.013208 0.043396
93 0.088679 0.600000 0.022642 0.045283
