94 0.011321 0.030189 0.018868 0.022642
95 0.035849 0.030189 0.018868 0.022642
96 0.060377 0.030189 0.018868 0.022642
97 0.083019 0.030189 0.022642 0.022642
98 0.122642 0.030189 0.022642 0.022642
99 0.151887 0.030189 0.024528 0.022642
100 0.185849 0.030189 0.016981 0.022642
101 0.206604 0.030189 0.016981 0.022642
102 0.230189 0.030189 0.018868 0.022642
103 0.264151 0.030189 0.018868 0.022642
104 0.026415 0.071698 0.018868 0.022642
105 0.067925 0.071698 0.030189 0.022642
106 0.103774 0.076415 0.030189 0.032075
107 0.146226 0.076415 0.024528 0.032075
108 0.177358 0.076415 0.026415 0.032075
109 0.217925 0.077358 0.024528 0.033962
110 0.258491 0.071698 0.022642 0.022642
111 0.300000 0.071698 0.033962 0.022642
112 0.335849 0.071698 0.030189 0.022642
113 0.375472 0.071698 0.022642 0.022642
114 0.028302 0.124528 0.022642 0.022642
115 0.050943 0.124528 0.018868 0.022642
116 0.073585 0.124528 0.022642 0.022642
117 0.098113 0.124528 0.018868 0.022642
118 0.124528 0.124528 0.022642 0.022642
119 0.152830 0.124528 0.022642 0.022642
120 0.191509 0.129245 0.024528 0.032075
121 0.232075 0.124528 0.022642 0.022642
122 0.257547 0.129245 0.024528 0.032075
123 0.283019 0.124528 0.022642 0.022642
124 0.027358 0.180189 0.024528 0.032075
125 0.053774 0.175472 0.024528 0.022642
126 0.083019 0.175472 0.026415 0.022642
127 0.110377 0.175472 0.020755 0.022642
128 0.143396 0.175472 0.018868 0.022642
129 0.167925 0.180189 0.018868 0.032075
130 0.191509 0.175472 0.020755 0.022642
131 0.216038 0.180189 0.024528 0.032075
132 0.237736 0.175472 0.015094 0.022642
133 0.263208 0.175472 0.024528 0.022642
134 0.026415 0.226415 0.022642 0.022642
135 0.062264 0.226415 0.022642 0.022642
136 0.086792 0.226415 0.022642 0.022642
137 0.128302 0.226415 0.026415 0.022642
138 0.166038 0.226415 0.018868 0.022642
139 0.187736 0.226415 0.020755 0.022642
140 0.208491 0.226415 0.016981 0.022642
141 0.227358 0.225472 0.016981 0.020755
142 0.246226 0.219811 0.016981 0.009434
143 0.264151 0.226415 0.015094 0.022642
144 0.026415 0.272642 0.022642 0.032075
145 0.050000 0.260377 0.016981 0.007547
146 0.084906 0.261321 0.018868 0.009434
147 0.105660 0.261321 0.018868 0.009434
148 0.126415 0.261321 0.018868 0.009434
149 0.145283 0.262264 0.007547 0.011321
150 0.170755 0.262264 0.013208 0.011321
151 0.196226 0.258491 0.003774 0.003774
152 0.218868 0.267925 0.007547 0.022642
153 0.244340 0.267925 0.016981 0.022642
154 0.012264 0.326415 0.016981 0.037736
155 0.044340 0.326415 0.013208 0.037736
156 0.070755 0.326415 0.013208 0.037736
157 0.090566 0.323585 0.015094 0.032075
158 0.123585 0.323585 0.016981 0.032075
159 0.154717 0.313208 0.015094 0.011321
160 0.177358 0.311321 0.003774 0.007547
161 0.198113 0.311321 0.011321 0.007547
162 0.216038 0.311321 0.016981 0.007547
163 0.243396 0.311321 0.007547 0.007547
164 0.008491 0.369811 0.009434 0.011321
165 0.032075 0.366038 0.007547 0.003774
166 0.045283 0.370755 0.011321 0.013208
167 0.076415 0.373585 0.020755 0.018868
168 0.099057 0.372642 0.020755 0.016981
169 0.133962 0.373585 0.018868 0.018868
170 0.166981 0.374528 0.020755 0.020755
171 0.205660 0.372642 0.022642 0.016981
172 0.241509 0.373585 0.022642 0.018868
173 0.279245 0.375472 0.022642 0.022642
174 0.015094 0.416038 0.018868 0.020755
175 0.044340 0.416038 0.028302 0.020755
176 0.086792 0.415094 0.022642 0.018868
177 0.114151 0.416038 0.024528 0.020755
178 0.151887 0.416981 0.024528 0.022642
179 0.183019 0.415094 0.030189 0.018868
180 0.216038 0.420755 0.024528 0.030189
