94 0.030189 0.034906 0.026415 0.032075
95 0.056604 0.034906 0.022642 0.032075
96 0.094340 0.034906 0.022642 0.032075
97 0.133962 0.034906 0.026415 0.032075
98 0.176415 0.034906 0.028302 0.032075
99 0.218868 0.034906 0.026415 0.032075
100 0.257547 0.034906 0.024528 0.032075
101 0.295283 0.034906 0.024528 0.032075
102 0.323585 0.034906 0.024528 0.032075
103 0.363208 0.034906 0.024528 0.032075
104 0.030189 0.085849 0.026415 0.032075
105 0.079245 0.085849 0.045283 0.032075
106 0.137736 0.090566 0.045283 0.041509
107 0.176415 0.089623 0.028302 0.039623
108 0.210377 0.089623 0.028302 0.039623
109 0.243396 0.090566 0.026415 0.041509
110 0.286792 0.085849 0.033962 0.032075
111 0.344340 0.085849 0.047170 0.032075
112 0.405660 0.085849 0.045283 0.032075
113 0.445283 0.085849 0.026415 0.032075
114 0.029245 0.146226 0.028302 0.032075
115 0.073585 0.146226 0.026415 0.032075
116 0.113208 0.146226 0.026415 0.032075
117 0.155660 0.146226 0.024528 0.032075
118 0.198113 0.146226 0.026415 0.032075
119 0.228302 0.146226 0.026415 0.032075
120 0.256604 0.150943 0.026415 0.041509
121 0.300000 0.146226 0.030189 0.032075
122 0.335849 0.150943 0.030189 0.041509
123 0.368868 0.146226 0.032075 0.032075
124 0.018868 0.211321 0.033962 0.041509
125 0.065094 0.206604 0.028302 0.032075
126 0.098113 0.206604 0.026415 0.032075
127 0.128302 0.206604 0.026415 0.032075
128 0.166981 0.206604 0.024528 0.032075
129 0.198113 0.210377 0.026415 0.039623
130 0.236792 0.206604 0.024528 0.032075
131 0.276415 0.210377 0.028302 0.039623
132 0.305660 0.206604 0.022642 0.032075
133 0.348113 0.206604 0.028302 0.032075
134 0.016038 0.266981 0.028302 0.032075
135 0.048113 0.266981 0.028302 0.032075
136 0.076415 0.266981 0.024528 0.032075
137 0.120755 0.266981 0.033962 0.032075
138 0.164151 0.266981 0.026415 0.032075
139 0.208491 0.266981 0.028302 0.032075
140 0.250000 0.266038 0.020755 0.030189
141 0.271698 0.261321 0.015094 0.020755
142 0.292453 0.255660 0.018868 0.009434
143 0.316981 0.266981 0.022642 0.032075
144 0.033019 0.326415 0.035849 0.049057
145 0.066038 0.304717 0.022642 0.005660
146 0.101887 0.305660 0.022642 0.007547
147 0.126415 0.307547 0.022642 0.011321
148 0.152830 0.305660 0.022642 0.007547
149 0.174528 0.308491 0.009434 0.013208
150 0.202830 0.308491 0.016981 0.013208
151 0.217925 0.305660 0.005660 0.007547
152 0.225472 0.317925 0.005660 0.032075
153 0.250943 0.317925 0.015094 0.032075
154 0.022642 0.394340 0.018868 0.049057
155 0.043396 0.394340 0.018868 0.049057
156 0.064151 0.394340 0.018868 0.049057
157 0.101887 0.389623 0.022642 0.039623
158 0.135849 0.384906 0.018868 0.030189
159 0.166981 0.376415 0.016981 0.013208
160 0.191509 0.374528 0.005660 0.009434
161 0.206604 0.376415 0.016981 0.013208
162 0.240566 0.375472 0.020755 0.011321
163 0.258491 0.376415 0.011321 0.013208
164 0.023585 0.442453 0.013208 0.009434
165 0.053774 0.445283 0.013208 0.015094
166 0.070755 0.444340 0.016981 0.013208
167 0.098113 0.453774 0.030189 0.032075
168 0.141509 0.451887 0.026415 0.028302
169 0.181132 0.451887 0.026415 0.028302
170 0.224528 0.451887 0.030189 0.028302
171 0.257547 0.451887 0.028302 0.028302
172 0.290566 0.450943 0.026415 0.026415
173 0.322642 0.454717 0.026415 0.033962
174 0.015094 0.504717 0.026415 0.028302
175 0.050000 0.504717 0.035849 0.028302
176 0.098113 0.504717 0.030189 0.028302
177 0.144340 0.504717 0.032075 0.028302
178 0.192453 0.505660 0.030189 0.030189
179 0.247170 0.504717 0.045283 0.028302
180 0.299057 0.511321 0.024528 0.041509
