94 0.026415 0.030189 0.026415 0.022642
95 0.066981 0.030189 0.024528 0.022642
96 0.097170 0.030189 0.024528 0.022642
97 0.124528 0.030189 0.026415 0.022642
98 0.152830 0.030189 0.026415 0.022642
99 0.185849 0.030189 0.028302 0.022642
100 0.223585 0.030189 0.020755 0.022642
101 0.248113 0.030189 0.024528 0.022642
102 0.291509 0.030189 0.032075 0.022642
103 0.323585 0.031132 0.024528 0.024528
104 0.025472 0.074528 0.024528 0.024528
105 0.060377 0.073585 0.041509 0.022642
106 0.104717 0.078302 0.043396 0.032075
107 0.157547 0.080189 0.028302 0.035849
108 0.187736 0.080189 0.028302 0.035849
109 0.216038 0.079245 0.024528 0.033962
110 0.248113 0.073585 0.028302 0.022642
111 0.296226 0.073585 0.041509 0.022642
112 0.353774 0.073585 0.047170 0.022642
113 0.405660 0.073585 0.026415 0.022642
114 0.015094 0.128302 0.026415 0.022642
115 0.043396 0.128302 0.026415 0.022642
116 0.074528 0.128302 0.028302 0.022642
117 0.116981 0.128302 0.026415 0.022642
118 0.152830 0.128302 0.033962 0.022642
119 0.185849 0.128302 0.028302 0.022642
120 0.217925 0.132075 0.028302 0.030189
121 0.262264 0.128302 0.026415 0.022642
122 0.290566 0.132075 0.026415 0.030189
123 0.333019 0.128302 0.032075 0.022642
124 0.019811 0.181132 0.032075 0.030189
125 0.066981 0.177358 0.028302 0.022642
126 0.100000 0.177358 0.030189 0.022642
127 0.142453 0.177358 0.024528 0.022642
128 0.183019 0.177358 0.022642 0.022642
129 0.213208 0.181132 0.026415 0.030189
130 0.251887 0.177358 0.024528 0.022642
131 0.282075 0.181132 0.028302 0.030189
132 0.311321 0.177358 0.022642 0.022642
133 0.352830 0.178302 0.026415 0.024528
134 0.033962 0.226415 0.033962 0.022642
135 0.080189 0.227358 0.024528 0.024528
136 0.112264 0.226415 0.028302 0.022642
137 0.157547 0.232075 0.032075 0.033962
138 0.202830 0.226415 0.024528 0.022642
139 0.229245 0.228302 0.024528 0.026415
140 0.265094 0.226415 0.020755 0.022642
141 0.297170 0.226415 0.016981 0.022642
142 0.330189 0.219811 0.018868 0.009434
143 0.363208 0.226415 0.020755 0.022642
144 0.029245 0.285849 0.032075 0.035849
145 0.072642 0.270755 0.024528 0.005660
146 0.099057 0.273585 0.024528 0.011321
147 0.125472 0.273585 0.024528 0.011321
148 0.163208 0.273585 0.024528 0.011321
149 0.185849 0.272642 0.009434 0.009434
150 0.201887 0.272642 0.018868 0.009434
151 0.218868 0.270755 0.007547 0.005660
152 0.243396 0.279245 0.011321 0.022642
153 0.278302 0.279245 0.024528 0.022642
154 0.026415 0.342453 0.018868 0.039623
155 0.050000 0.342453 0.020755 0.039623
156 0.085849 0.342453 0.020755 0.039623
157 0.121698 0.337736 0.020755 0.030189
158 0.159434 0.335849 0.020755 0.026415
159 0.194340 0.327358 0.018868 0.009434
160 0.224528 0.326415 0.007547 0.007547
161 0.241509 0.327358 0.015094 0.009434
162 0.260377 0.326415 0.018868 0.007547
163 0.280189 0.327358 0.013208 0.009434
164 0.007547 0.384906 0.011321 0.007547
165 0.031132 0.384906 0.009434 0.007547
166 0.045283 0.387736 0.015094 0.013208
167 0.081132 0.392453 0.022642 0.022642
168 0.105660 0.390566 0.022642 0.018868
169 0.143396 0.390566 0.022642 0.018868
170 0.171698 0.391509 0.026415 0.020755
171 0.201887 0.390566 0.022642 0.018868
172 0.243396 0.391509 0.026415 0.020755
173 0.284906 0.393396 0.026415 0.024528
174 0.028302 0.434906 0.026415 0.020755
175 0.058491 0.433962 0.030189 0.018868
176 0.100943 0.434906 0.024528 0.020755
177 0.142453 0.434906 0.028302 0.020755
178 0.175472 0.435849 0.030189 0.022642
179 0.215094 0.433019 0.037736 0.016981
180 0.251887 0.441509 0.024528 0.033962
