94 0.012264 0.030189 0.016981 0.022642
95 0.045283 0.030189 0.018868 0.022642
96 0.066981 0.030189 0.020755 0.022642
97 0.103774 0.030189 0.018868 0.022642
98 0.135849 0.030189 0.018868 0.022642
99 0.169811 0.030189 0.022642 0.022642
100 0.190566 0.030189 0.015094 0.022642
101 0.210377 0.030189 0.016981 0.022642
102 0.245283 0.030189 0.018868 0.022642
103 0.279245 0.032075 0.022642 0.026415
104 0.016981 0.077358 0.022642 0.026415
105 0.058491 0.075472 0.026415 0.022642
106 0.100000 0.080189 0.026415 0.032075
107 0.140566 0.081132 0.020755 0.033962
108 0.163208 0.081132 0.020755 0.033962
109 0.186792 0.083019 0.018868 0.037736
110 0.211321 0.075472 0.022642 0.022642
111 0.242453 0.075472 0.028302 0.022642
112 0.271698 0.075472 0.026415 0.022642
113 0.307547 0.075472 0.018868 0.022642
114 0.023585 0.132075 0.020755 0.022642
115 0.059434 0.132075 0.016981 0.022642
116 0.084906 0.132075 0.022642 0.022642
117 0.111321 0.132075 0.018868 0.022642
118 0.149057 0.132075 0.022642 0.022642
119 0.187736 0.132075 0.020755 0.022642
120 0.210377 0.138679 0.020755 0.035849
121 0.235849 0.132075 0.018868 0.022642
122 0.269811 0.138679 0.018868 0.035849
123 0.293396 0.132075 0.024528 0.022642
124 0.014151 0.194340 0.024528 0.037736
125 0.040566 0.186792 0.020755 0.022642
126 0.065094 0.186792 0.020755 0.022642
127 0.090566 0.186792 0.018868 0.022642
128 0.111321 0.186792 0.015094 0.022642
129 0.133019 0.192453 0.016981 0.033962
130 0.166981 0.186792 0.016981 0.022642
131 0.191509 0.192453 0.020755 0.033962
132 0.213208 0.186792 0.015094 0.022642
133 0.235849 0.188679 0.018868 0.026415
134 0.028302 0.243396 0.026415 0.022642
135 0.051887 0.245283 0.016981 0.026415
136 0.088679 0.243396 0.022642 0.022642
137 0.128302 0.245283 0.026415 0.026415
138 0.151887 0.243396 0.016981 0.022642
139 0.184906 0.245283 0.018868 0.026415
140 0.216981 0.243396 0.018868 0.022642
141 0.250000 0.243396 0.016981 0.022642
142 0.269811 0.236792 0.018868 0.009434
143 0.292453 0.243396 0.015094 0.022642
144 0.018868 0.295283 0.026415 0.035849
145 0.044340 0.281132 0.016981 0.007547
146 0.075472 0.283962 0.015094 0.013208
147 0.106604 0.283962 0.016981 0.013208
148 0.124528 0.283962 0.015094 0.013208
149 0.138679 0.283019 0.009434 0.011321
150 0.155660 0.283019 0.016981 0.011321
151 0.170755 0.281132 0.005660 0.007547
152 0.193396 0.288679 0.009434 0.022642
153 0.211321 0.288679 0.022642 0.022642
154 0.015094 0.352830 0.022642 0.041509
155 0.050943 0.352830 0.022642 0.041509
156 0.087736 0.352830 0.024528 0.041509
157 0.109434 0.349057 0.015094 0.033962
158 0.132075 0.349057 0.018868 0.033962
159 0.165094 0.340566 0.013208 0.016981
160 0.177358 0.335849 0.003774 0.007547
161 0.203774 0.336792 0.015094 0.009434
162 0.219811 0.336792 0.013208 0.009434
163 0.247170 0.337736 0.011321 0.011321
164 0.007547 0.398113 0.007547 0.011321
165 0.029245 0.398113 0.009434 0.011321
166 0.056604 0.398113 0.015094 0.011321
167 0.088679 0.403774 0.022642 0.022642
168 0.125472 0.400000 0.016981 0.015094
169 0.147170 0.400943 0.018868 0.016981
170 0.171698 0.401887 0.026415 0.018868
171 0.210377 0.400000 0.020755 0.015094
172 0.233019 0.403774 0.020755 0.022642
173 0.259434 0.403774 0.020755 0.022642
174 0.015094 0.445283 0.022642 0.022642
175 0.042453 0.444340 0.024528 0.020755
176 0.070755 0.444340 0.024528 0.020755
177 0.112264 0.445283 0.024528 0.022642
178 0.151887 0.445283 0.028302 0.022642
179 0.198113 0.441509 0.037736 0.015094
180 0.246226 0.450943 0.024528 0.033962
