0 0.006604 0.039623 0.005660 0.041509
1 0.020755 0.038679 0.011321 0.039623
2 0.042453 0.039623 0.028302 0.041509
3 0.083019 0.042453 0.022642 0.047170
4 0.116981 0.039623 0.037736 0.041509
5 0.166981 0.039623 0.035849 0.041509
6 0.193396 0.035849 0.005660 0.033962
7 0.207547 0.046226 0.011321 0.054717
8 0.235849 0.046226 0.011321 0.054717
9 0.253774 0.029245 0.016981 0.020755
10 0.026415 0.104717 0.026415 0.024528
11 0.055660 0.109434 0.005660 0.033962
12 0.066981 0.098113 0.013208 0.011321
13 0.080189 0.106604 0.005660 0.028302
14 0.098113 0.114151 0.022642 0.043396
15 0.129245 0.113208 0.028302 0.041509
16 0.164151 0.113208 0.015094 0.041509
17 0.190566 0.113208 0.026415 0.041509
18 0.233962 0.113208 0.026415 0.041509
19 0.262264 0.113208 0.026415 0.041509
20 0.026415 0.175472 0.026415 0.041509
21 0.068868 0.175472 0.028302 0.041509
22 0.100000 0.175472 0.026415 0.041509
23 0.139623 0.175472 0.026415 0.041509
24 0.179245 0.175472 0.026415 0.041509
25 0.212264 0.168868 0.005660 0.028302
26 0.221698 0.171698 0.005660 0.033962
27 0.238679 0.166038 0.024528 0.022642
28 0.267925 0.160377 0.026415 0.011321
29 0.297170 0.166038 0.024528 0.022642
30 0.028302 0.235849 0.022642 0.041509
31 0.059434 0.233962 0.035849 0.037736
32 0.107547 0.235849 0.033962 0.041509
33 0.145283 0.235849 0.030189 0.041509
34 0.176415 0.235849 0.028302 0.041509
35 0.222642 0.235849 0.033962 0.041509
36 0.266981 0.235849 0.028302 0.041509
37 0.309434 0.235849 0.026415 0.041509
38 0.340566 0.235849 0.032075 0.041509
39 0.381132 0.235849 0.037736 0.041509
40 0.020755 0.296226 0.015094 0.041509
41 0.045283 0.299057 0.022642 0.047170
42 0.086792 0.296226 0.033962 0.041509
43 0.131132 0.296226 0.028302 0.041509
44 0.174528 0.296226 0.047170 0.041509
45 0.233019 0.296226 0.035849 0.041509
46 0.273585 0.296226 0.033962 0.041509
47 0.318868 0.296226 0.030189 0.041509
48 0.366038 0.300943 0.033962 0.050943
49 0.402830 0.296226 0.032075 0.041509
50 0.017925 0.366038 0.024528 0.041509
51 0.058491 0.366038 0.030189 0.041509
52 0.108491 0.366038 0.035849 0.041509
53 0.159434 0.366038 0.035849 0.041509
54 0.206604 0.366038 0.054717 0.041509
55 0.268868 0.366038 0.035849 0.041509
56 0.309434 0.366038 0.033962 0.041509
57 0.344340 0.366038 0.028302 0.041509
58 0.364151 0.371698 0.007547 0.052830
59 0.383962 0.366981 0.020755 0.043396
60 0.006604 0.443396 0.009434 0.052830
61 0.039623 0.437736 0.022642 0.041509
62 0.068868 0.424528 0.028302 0.015094
63 0.087736 0.431132 0.005660 0.028302
64 0.108491 0.431132 0.024528 0.028302
65 0.150000 0.438679 0.028302 0.043396
66 0.179245 0.431132 0.022642 0.028302
67 0.217925 0.438679 0.028302 0.043396
68 0.248113 0.431132 0.024528 0.028302
69 0.272642 0.438679 0.020755 0.043396
70 0.019811 0.510377 0.028302 0.043396
71 0.054717 0.510377 0.030189 0.043396
72 0.081132 0.507547 0.011321 0.037736
73 0.096226 0.515094 0.015094 0.052830
74 0.131132 0.510377 0.028302 0.043396
75 0.156604 0.510377 0.011321 0.043396
76 0.188679 0.502830 0.045283 0.028302
77 0.232075 0.502830 0.030189 0.028302
78 0.266038 0.502830 0.026415 0.028302
79 0.295283 0.510377 0.028302 0.043396
80 0.029245 0.582075 0.028302 0.043396
81 0.057547 0.574528 0.020755 0.028302
82 0.095283 0.574528 0.020755 0.028302
83 0.116038 0.578302 0.016981 0.035849
84 0.142453 0.574528 0.028302 0.028302
85 0.176415 0.574528 0.028302 0.028302
86 0.216981 0.574528 0.041509 0.028302
87 0.265094 0.574528 0.028302 0.028302
88 0.307547 0.582075 0.030189 0.043396
89 0.349057 0.574528 0.022642 0.028302
90 0.008491 0.649057 0.013208 0.052830
91 0.031132 0.651887 0.001887 0.058491
92 0.042453 0.649057 0.013208 0.052830
93 0.064151 0.639623 0.022642 0.033962
