0 0.023585 0.037736 0.013208 0.037736
1 0.055660 0.041509 0.016981 0.045283
2 0.082075 0.037736 0.028302 0.037736
3 0.124528 0.043396 0.030189 0.049057
4 0.177358 0.037736 0.041509 0.037736
5 0.218868 0.037736 0.037736 0.037736
6 0.244340 0.041509 0.005660 0.045283
7 0.272642 0.042453 0.016981 0.047170
8 0.291509 0.042453 0.016981 0.047170
9 0.327358 0.030189 0.020755 0.022642
10 0.027358 0.100943 0.028302 0.028302
11 0.050000 0.115094 0.009434 0.056604
12 0.063208 0.103774 0.013208 0.033962
13 0.079245 0.110377 0.007547 0.047170
14 0.100943 0.110377 0.032075 0.047170
15 0.145283 0.105660 0.030189 0.037736
16 0.190566 0.105660 0.030189 0.037736
17 0.233962 0.105660 0.030189 0.037736
18 0.279245 0.105660 0.030189 0.037736
19 0.324528 0.105660 0.030189 0.037736
20 0.028302 0.181132 0.030189 0.037736
21 0.061321 0.181132 0.028302 0.037736
22 0.104717 0.181132 0.028302 0.037736
23 0.135849 0.181132 0.030189 0.037736
24 0.183019 0.181132 0.030189 0.037736
25 0.205660 0.176415 0.011321 0.028302
26 0.221698 0.181132 0.013208 0.037736
27 0.246226 0.176415 0.024528 0.028302
28 0.289623 0.169811 0.028302 0.015094
29 0.317925 0.178302 0.024528 0.032075
30 0.025472 0.237736 0.024528 0.037736
31 0.072642 0.237736 0.039623 0.037736
32 0.124528 0.237736 0.033962 0.037736
33 0.175472 0.237736 0.033962 0.037736
34 0.221698 0.237736 0.032075 0.037736
35 0.269811 0.237736 0.033962 0.037736
36 0.319811 0.237736 0.032075 0.037736
37 0.366038 0.237736 0.030189 0.037736
38 0.410377 0.237736 0.032075 0.037736
39 0.460377 0.237736 0.033962 0.037736
40 0.022642 0.294340 0.015094 0.037736
41 0.044340 0.294340 0.024528 0.037736
42 0.090566 0.294340 0.033962 0.037736
43 0.133019 0.294340 0.024528 0.037736
44 0.172642 0.294340 0.047170 0.037736
45 0.228302 0.294340 0.033962 0.037736
46 0.274528 0.294340 0.032075 0.037736
47 0.312264 0.294340 0.032075 0.037736
48 0.359434 0.298113 0.032075 0.045283
49 0.405660 0.294340 0.033962 0.037736
50 0.030189 0.358491 0.030189 0.037736
51 0.061321 0.358491 0.028302 0.037736
52 0.094340 0.358491 0.033962 0.037736
53 0.130189 0.358491 0.030189 0.037736
54 0.171698 0.358491 0.049057 0.037736
55 0.217925 0.358491 0.035849 0.037736
56 0.265094 0.358491 0.032075 0.037736
57 0.303774 0.358491 0.033962 0.037736
58 0.342453 0.363208 0.016981 0.047170
59 0.363208 0.363208 0.016981 0.047170
60 0.013208 0.429245 0.018868 0.047170
61 0.039623 0.424528 0.026415 0.037736
62 0.067925 0.435849 0.026415 0.060377
63 0.103774 0.419811 0.011321 0.028302
64 0.138679 0.419811 0.028302 0.028302
65 0.171698 0.424528 0.026415 0.037736
66 0.201887 0.419811 0.026415 0.028302
67 0.233019 0.424528 0.028302 0.037736
68 0.264151 0.419811 0.026415 0.028302
69 0.292453 0.424528 0.018868 0.037736
70 0.028302 0.506604 0.030189 0.043396
71 0.060377 0.503774 0.026415 0.037736
72 0.097170 0.503774 0.013208 0.037736
73 0.116038 0.508491 0.020755 0.047170
74 0.143396 0.503774 0.030189 0.037736
75 0.166981 0.503774 0.013208 0.037736
76 0.211321 0.499057 0.041509 0.028302
77 0.249057 0.499057 0.026415 0.028302
78 0.290566 0.499057 0.026415 0.028302
79 0.331132 0.503774 0.028302 0.037736
80 0.019811 0.569811 0.028302 0.037736
81 0.060377 0.565094 0.018868 0.028302
82 0.099057 0.565094 0.024528 0.028302
83 0.135849 0.568868 0.018868 0.035849
84 0.164151 0.565094 0.026415 0.028302
85 0.195283 0.565094 0.024528 0.028302
86 0.244340 0.565094 0.039623 0.028302
87 0.284906 0.565094 0.030189 0.028302
88 0.318868 0.569811 0.026415 0.037736
89 0.346226 0.565094 0.024528 0.028302
90 0.010377 0.631132 0.016981 0.047170
91 0.037736 0.631132 0.007547 0.047170
92 0.066981 0.631132 0.016981 0.047170
93 0.094340 0.635849 0.026415 0.056604
