0 0.010377 0.037736 0.013208 0.037736
1 0.042453 0.044340 0.020755 0.050943
2 0.071698 0.036792 0.030189 0.035849
3 0.118868 0.040566 0.030189 0.043396
4 0.170755 0.037736 0.043396 0.037736
5 0.229245 0.037736 0.047170 0.037736
6 0.270755 0.044340 0.009434 0.050943
7 0.304717 0.043396 0.024528 0.049057
8 0.346226 0.043396 0.024528 0.049057
9 0.371698 0.030189 0.022642 0.022642
10 0.016981 0.102830 0.026415 0.028302
11 0.051887 0.122642 0.013208 0.067925
12 0.079245 0.116981 0.015094 0.056604
13 0.110377 0.121698 0.013208 0.066038
14 0.135849 0.113208 0.026415 0.049057
15 0.166038 0.104717 0.030189 0.032075
16 0.197170 0.104717 0.028302 0.032075
17 0.230189 0.105660 0.030189 0.033962
18 0.276415 0.107547 0.032075 0.037736
19 0.325472 0.108491 0.032075 0.039623
20 0.016981 0.194340 0.030189 0.037736
21 0.051887 0.193396 0.032075 0.035849
22 0.088679 0.196226 0.030189 0.041509
23 0.133962 0.193396 0.033962 0.035849
24 0.168868 0.195283 0.032075 0.039623
25 0.204717 0.190566 0.013208 0.030189
26 0.221698 0.195283 0.013208 0.039623
27 0.244340 0.195283 0.024528 0.039623
28 0.286792 0.183019 0.026415 0.015094
29 0.314151 0.195283 0.024528 0.039623
30 0.030189 0.254717 0.026415 0.037736
31 0.077358 0.254717 0.041509 0.037736
32 0.136792 0.254717 0.047170 0.037736
33 0.181132 0.254717 0.037736 0.037736
34 0.235849 0.254717 0.037736 0.037736
35 0.288679 0.254717 0.041509 0.037736
36 0.340566 0.254717 0.035849 0.037736
37 0.393396 0.254717 0.035849 0.037736
38 0.445283 0.254717 0.041509 0.037736
39 0.490566 0.254717 0.041509 0.037736
40 0.023585 0.311321 0.020755 0.037736
41 0.054717 0.311321 0.033962 0.037736
42 0.111321 0.311321 0.045283 0.037736
43 0.164151 0.311321 0.033962 0.037736
44 0.206604 0.311321 0.047170 0.037736
45 0.253774 0.311321 0.043396 0.037736
46 0.301887 0.311321 0.041509 0.037736
47 0.342453 0.311321 0.035849 0.037736
48 0.383019 0.316038 0.041509 0.047170
49 0.426415 0.311321 0.041509 0.037736
50 0.032075 0.377358 0.033962 0.037736
51 0.082075 0.377358 0.039623 0.037736
52 0.140566 0.377358 0.043396 0.037736
53 0.188679 0.377358 0.045283 0.037736
54 0.255660 0.377358 0.058491 0.037736
55 0.313208 0.377358 0.045283 0.037736
56 0.363208 0.377358 0.043396 0.037736
57 0.420755 0.377358 0.037736 0.037736
58 0.454717 0.383019 0.018868 0.049057
59 0.479245 0.383019 0.026415 0.049057
60 0.024528 0.450943 0.018868 0.049057
61 0.050000 0.445283 0.028302 0.037736
62 0.091509 0.456604 0.028302 0.060377
63 0.130189 0.440566 0.015094 0.028302
64 0.157547 0.440566 0.028302 0.028302
65 0.194340 0.445283 0.033962 0.037736
66 0.230189 0.440566 0.026415 0.028302
67 0.275472 0.445283 0.033962 0.037736
68 0.320755 0.440566 0.026415 0.028302
69 0.363208 0.445283 0.024528 0.037736
70 0.028302 0.526415 0.030189 0.041509
71 0.079245 0.524528 0.037736 0.037736
72 0.124528 0.524528 0.018868 0.037736
73 0.157547 0.530189 0.016981 0.049057
74 0.201887 0.524528 0.041509 0.037736
75 0.238679 0.524528 0.020755 0.037736
76 0.292453 0.519811 0.052830 0.028302
77 0.350943 0.519811 0.037736 0.028302
78 0.388679 0.519811 0.030189 0.028302
79 0.436792 0.524528 0.035849 0.037736
80 0.022642 0.593396 0.033962 0.039623
81 0.056604 0.587736 0.030189 0.028302
82 0.086792 0.587736 0.022642 0.028302
83 0.124528 0.591509 0.026415 0.035849
84 0.171698 0.587736 0.037736 0.028302
85 0.210377 0.587736 0.035849 0.028302
86 0.262264 0.587736 0.056604 0.028302
87 0.320755 0.587736 0.033962 0.028302
88 0.356604 0.592453 0.033962 0.037736
89 0.400943 0.587736 0.028302 0.028302
90 0.014151 0.656604 0.024528 0.049057
91 0.036792 0.655660 0.013208 0.047170
92 0.059434 0.656604 0.024528 0.049057
93 0.100000 0.671698 0.026415 0.079245
