94 0.016981 0.033962 0.026415 0.030189
95 0.047170 0.034906 0.022642 0.032075
96 0.084906 0.033962 0.022642 0.030189
97 0.115094 0.033962 0.026415 0.030189
98 0.148113 0.033962 0.028302 0.030189
99 0.181132 0.033962 0.026415 0.030189
100 0.208491 0.033962 0.024528 0.030189
101 0.246226 0.033962 0.024528 0.030189
102 0.272642 0.033962 0.024528 0.030189
103 0.310377 0.034906 0.024528 0.032075
104 0.029245 0.084906 0.024528 0.030189
105 0.077358 0.084906 0.045283 0.030189
106 0.139623 0.089623 0.045283 0.039623
107 0.178302 0.088679 0.028302 0.037736
108 0.221698 0.088679 0.028302 0.037736
109 0.264151 0.090566 0.026415 0.041509
110 0.311321 0.084906 0.033962 0.030189
111 0.355660 0.084906 0.047170 0.030189
112 0.418868 0.084906 0.045283 0.030189
113 0.469811 0.084906 0.026415 0.030189
114 0.017925 0.145283 0.028302 0.030189
115 0.058491 0.145283 0.026415 0.030189
116 0.101887 0.145283 0.026415 0.030189
117 0.133019 0.145283 0.024528 0.030189
118 0.162264 0.145283 0.026415 0.030189
119 0.192453 0.145283 0.026415 0.030189
120 0.235849 0.150000 0.026415 0.039623
121 0.267925 0.146226 0.030189 0.032075
122 0.311321 0.150000 0.030189 0.039623
123 0.346226 0.145283 0.032075 0.030189
124 0.018868 0.208491 0.033962 0.039623
125 0.053774 0.203774 0.028302 0.030189
126 0.084906 0.203774 0.026415 0.030189
127 0.116981 0.204717 0.026415 0.032075
128 0.144340 0.203774 0.024528 0.030189
129 0.175472 0.207547 0.026415 0.037736
130 0.217925 0.203774 0.024528 0.030189
131 0.246226 0.207547 0.028302 0.037736
132 0.286792 0.203774 0.022642 0.030189
133 0.327358 0.204717 0.028302 0.032075
134 0.019811 0.262264 0.028302 0.030189
135 0.050000 0.263208 0.028302 0.032075
136 0.080189 0.262264 0.024528 0.030189
137 0.115094 0.262264 0.033962 0.030189
138 0.162264 0.262264 0.026415 0.030189
139 0.195283 0.263208 0.028302 0.032075
140 0.234906 0.261321 0.020755 0.028302
141 0.269811 0.257547 0.015094 0.020755
142 0.292453 0.251887 0.018868 0.009434
143 0.315094 0.262264 0.022642 0.030189
144 0.023585 0.321698 0.035849 0.047170
145 0.069811 0.300000 0.022642 0.003774
146 0.105660 0.301887 0.022642 0.007547
147 0.133962 0.303774 0.022642 0.011321
148 0.158491 0.301887 0.022642 0.007547
149 0.176415 0.304717 0.009434 0.013208
150 0.206604 0.304717 0.016981 0.013208
151 0.221698 0.300943 0.005660 0.005660
152 0.242453 0.313208 0.005660 0.030189
153 0.256604 0.313208 0.015094 0.030189
154 0.026415 0.387736 0.018868 0.047170
155 0.047170 0.387736 0.018868 0.047170
156 0.069811 0.387736 0.018868 0.047170
157 0.103774 0.383019 0.022642 0.037736
158 0.130189 0.379245 0.018868 0.030189
159 0.151887 0.369811 0.016981 0.011321
160 0.176415 0.368868 0.005660 0.009434
161 0.191509 0.370755 0.016981 0.013208
162 0.214151 0.368868 0.020755 0.009434
163 0.233962 0.369811 0.011321 0.011321
164 0.023585 0.433962 0.013208 0.007547
165 0.042453 0.436792 0.013208 0.013208
166 0.074528 0.436792 0.016981 0.013208
167 0.111321 0.445283 0.030189 0.030189
168 0.152830 0.443396 0.026415 0.026415
169 0.183962 0.443396 0.024528 0.026415
170 0.224528 0.443396 0.030189 0.026415
171 0.270755 0.443396 0.028302 0.026415
172 0.301887 0.443396 0.026415 0.026415
173 0.332075 0.446226 0.026415 0.032075
174 0.026415 0.495283 0.026415 0.028302
175 0.059434 0.494340 0.035849 0.026415
176 0.109434 0.494340 0.030189 0.026415
177 0.146226 0.494340 0.032075 0.026415
178 0.190566 0.495283 0.030189 0.028302
179 0.230189 0.494340 0.045283 0.026415
180 0.266981 0.500943 0.024528 0.039623
