0 0.019811 0.038679 0.005660 0.039623
1 0.034906 0.038679 0.013208 0.039623
2 0.061321 0.038679 0.032075 0.039623
3 0.096226 0.042453 0.026415 0.047170
4 0.138679 0.038679 0.032075 0.039623
5 0.172642 0.038679 0.032075 0.039623
6 0.208491 0.038679 0.005660 0.039623
7 0.233962 0.044340 0.011321 0.050943
8 0.249057 0.046226 0.011321 0.054717
9 0.280189 0.028302 0.020755 0.018868
10 0.016981 0.104717 0.022642 0.024528
11 0.033019 0.112264 0.005660 0.039623
12 0.062264 0.109434 0.018868 0.033962
13 0.091509 0.106604 0.005660 0.028302
14 0.122642 0.118868 0.022642 0.052830
15 0.150943 0.112264 0.022642 0.039623
16 0.183019 0.112264 0.011321 0.039623
17 0.203774 0.112264 0.022642 0.039623
18 0.241509 0.112264 0.022642 0.039623
19 0.270755 0.112264 0.024528 0.039623
20 0.016981 0.183962 0.022642 0.039623
21 0.043396 0.183962 0.022642 0.039623
22 0.068868 0.183962 0.020755 0.039623
23 0.106604 0.183962 0.024528 0.039623
24 0.133962 0.183962 0.022642 0.039623
25 0.163208 0.178302 0.005660 0.028302
26 0.174528 0.182075 0.005660 0.035849
27 0.199057 0.175472 0.016981 0.022642
28 0.230189 0.171698 0.018868 0.015094
29 0.251887 0.175472 0.016981 0.022642
30 0.015094 0.242453 0.018868 0.039623
31 0.062264 0.248113 0.041509 0.050943
32 0.101887 0.242453 0.033962 0.039623
33 0.137736 0.242453 0.026415 0.039623
34 0.182075 0.242453 0.028302 0.039623
35 0.224528 0.242453 0.026415 0.039623
36 0.265094 0.242453 0.024528 0.039623
37 0.295283 0.242453 0.024528 0.039623
38 0.334906 0.242453 0.028302 0.039623
39 0.366981 0.242453 0.028302 0.039623
40 0.017925 0.312264 0.005660 0.039623
41 0.036792 0.312264 0.020755 0.039623
42 0.066038 0.312264 0.030189 0.039623
43 0.097170 0.312264 0.024528 0.039623
44 0.128302 0.312264 0.033962 0.039623
45 0.174528 0.312264 0.028302 0.039623
46 0.206604 0.312264 0.028302 0.039623
47 0.237736 0.312264 0.026415 0.039623
48 0.272642 0.312264 0.032075 0.039623
49 0.319811 0.312264 0.028302 0.039623
50 0.027358 0.370755 0.028302 0.039623
51 0.061321 0.370755 0.028302 0.039623
52 0.102830 0.370755 0.028302 0.039623
53 0.147170 0.370755 0.030189 0.039623
54 0.188679 0.370755 0.045283 0.039623
55 0.242453 0.370755 0.028302 0.039623
56 0.274528 0.370755 0.028302 0.039623
57 0.304717 0.370755 0.024528 0.039623
58 0.323585 0.378302 0.009434 0.054717
59 0.356604 0.377358 0.022642 0.052830
60 0.008491 0.451887 0.009434 0.054717
61 0.036792 0.439623 0.020755 0.030189
62 0.071698 0.447170 0.022642 0.045283
63 0.100943 0.444340 0.009434 0.039623
64 0.133962 0.438679 0.022642 0.028302
65 0.160377 0.444340 0.022642 0.039623
66 0.183962 0.438679 0.020755 0.028302
67 0.222642 0.444340 0.022642 0.039623
68 0.249057 0.438679 0.022642 0.028302
69 0.281132 0.444340 0.015094 0.039623
70 0.016981 0.517925 0.022642 0.039623
71 0.043396 0.517925 0.022642 0.039623
72 0.061321 0.517925 0.005660 0.039623
73 0.075472 0.523585 0.011321 0.050943
74 0.106604 0.517925 0.024528 0.039623
75 0.128302 0.517925 0.011321 0.039623
76 0.159434 0.512264 0.039623 0.028302
77 0.196226 0.512264 0.022642 0.028302
78 0.224528 0.512264 0.022642 0.028302
79 0.252830 0.517925 0.022642 0.039623
80 0.016981 0.587736 0.022642 0.039623
81 0.041509 0.582075 0.018868 0.028302
82 0.080189 0.582075 0.024528 0.028302
83 0.112264 0.586792 0.013208 0.037736
84 0.135849 0.582075 0.022642 0.028302
85 0.161321 0.582075 0.024528 0.028302
86 0.197170 0.582075 0.039623 0.028302
87 0.246226 0.582075 0.024528 0.028302
88 0.285849 0.587736 0.024528 0.039623
89 0.321698 0.582075 0.020755 0.028302
90 0.022642 0.655660 0.015094 0.058491
91 0.038679 0.651887 0.005660 0.050943
92 0.062264 0.655660 0.015094 0.058491
93 0.095283 0.654717 0.020755 0.056604
