0 0.008491 0.037736 0.013208 0.037736
1 0.029245 0.038679 0.016981 0.039623
2 0.052830 0.034906 0.026415 0.032075
3 0.080189 0.034906 0.020755 0.032075
4 0.124528 0.034906 0.033962 0.032075
5 0.178302 0.037736 0.039623 0.037736
6 0.203774 0.038679 0.007547 0.039623
7 0.217925 0.043396 0.016981 0.049057
8 0.236792 0.043396 0.016981 0.049057
9 0.268868 0.028302 0.016981 0.018868
10 0.029245 0.100943 0.028302 0.028302
11 0.050000 0.109434 0.009434 0.045283
12 0.065094 0.098113 0.013208 0.022642
13 0.081132 0.105660 0.007547 0.037736
14 0.097170 0.107547 0.020755 0.041509
15 0.124528 0.100000 0.022642 0.026415
16 0.162264 0.100000 0.018868 0.026415
17 0.198113 0.100000 0.022642 0.026415
18 0.237736 0.104717 0.022642 0.035849
19 0.274528 0.104717 0.024528 0.035849
20 0.016038 0.168868 0.024528 0.035849
21 0.055660 0.168868 0.024528 0.035849
22 0.083019 0.167925 0.026415 0.033962
23 0.121698 0.168868 0.024528 0.035849
24 0.149057 0.168868 0.026415 0.035849
25 0.182075 0.163208 0.009434 0.024528
26 0.196226 0.166038 0.011321 0.030189
27 0.220755 0.165094 0.026415 0.028302
28 0.263208 0.158491 0.028302 0.015094
29 0.292453 0.165094 0.026415 0.028302
30 0.024528 0.224528 0.018868 0.037736
31 0.069811 0.224528 0.037736 0.037736
32 0.110377 0.224528 0.035849 0.037736
33 0.149057 0.224528 0.033962 0.037736
34 0.196226 0.225472 0.033962 0.039623
35 0.250943 0.224528 0.041509 0.037736
36 0.300943 0.224528 0.032075 0.037736
37 0.349057 0.224528 0.033962 0.037736
38 0.385849 0.225472 0.035849 0.039623
39 0.433019 0.224528 0.047170 0.037736
40 0.015094 0.283019 0.022642 0.037736
41 0.052830 0.286792 0.022642 0.045283
42 0.085849 0.283019 0.039623 0.037736
43 0.135849 0.283019 0.030189 0.037736
44 0.179245 0.283019 0.052830 0.037736
45 0.243396 0.283019 0.045283 0.037736
46 0.286792 0.283962 0.037736 0.039623
47 0.326415 0.283019 0.033962 0.037736
48 0.377358 0.287736 0.037736 0.047170
49 0.426415 0.283019 0.033962 0.037736
50 0.014151 0.349057 0.024528 0.037736
51 0.057547 0.350000 0.032075 0.039623
52 0.097170 0.349057 0.039623 0.037736
53 0.149057 0.349057 0.037736 0.037736
54 0.207547 0.349057 0.052830 0.037736
55 0.267925 0.349057 0.041509 0.037736
56 0.307547 0.349057 0.033962 0.037736
57 0.348113 0.350000 0.035849 0.039623
58 0.379245 0.354717 0.018868 0.049057
59 0.400943 0.350943 0.013208 0.041509
60 0.026415 0.422642 0.018868 0.049057
61 0.052830 0.420755 0.022642 0.045283
62 0.082075 0.405660 0.028302 0.015094
63 0.116981 0.415094 0.007547 0.033962
64 0.136792 0.410377 0.024528 0.024528
65 0.178302 0.417925 0.024528 0.039623
66 0.204717 0.410377 0.020755 0.024528
67 0.231132 0.417925 0.028302 0.039623
68 0.270755 0.410377 0.020755 0.024528
69 0.310377 0.424528 0.032075 0.052830
70 0.016981 0.488679 0.030189 0.037736
71 0.047170 0.489623 0.026415 0.039623
72 0.069811 0.488679 0.011321 0.037736
73 0.089623 0.495283 0.020755 0.050943
74 0.116038 0.489623 0.024528 0.039623
75 0.149057 0.489623 0.011321 0.039623
76 0.189623 0.482075 0.039623 0.024528
77 0.236792 0.482075 0.024528 0.024528
78 0.265094 0.482075 0.024528 0.024528
79 0.310377 0.490566 0.032075 0.041509
80 0.016038 0.558491 0.024528 0.037736
81 0.043396 0.551887 0.018868 0.024528
82 0.079245 0.551887 0.018868 0.024528
83 0.098113 0.555660 0.015094 0.032075
84 0.133019 0.551887 0.024528 0.024528
85 0.171698 0.551887 0.022642 0.024528
86 0.202830 0.551887 0.035849 0.024528
87 0.238679 0.551887 0.028302 0.024528
88 0.270755 0.558491 0.028302 0.037736
89 0.313208 0.551887 0.022642 0.024528
90 0.021698 0.621698 0.016981 0.050943
91 0.037736 0.624528 0.003774 0.056604
92 0.050000 0.621698 0.016981 0.050943
93 0.088679 0.624528 0.026415 0.056604
