94 0.011321 0.029245 0.015094 0.020755
95 0.029245 0.030189 0.013208 0.022642
96 0.045283 0.030189 0.015094 0.022642
97 0.076415 0.030189 0.016981 0.022642
98 0.099057 0.030189 0.016981 0.022642
99 0.133962 0.030189 0.018868 0.022642
100 0.149057 0.030189 0.007547 0.022642
101 0.166038 0.030189 0.015094 0.022642
102 0.196226 0.029245 0.015094 0.020755
103 0.225472 0.030189 0.016981 0.022642
104 0.025472 0.071698 0.020755 0.022642
105 0.053774 0.071698 0.024528 0.022642
106 0.082075 0.076415 0.024528 0.032075
107 0.105660 0.076415 0.015094 0.032075
108 0.134906 0.076415 0.016981 0.032075
109 0.167925 0.076415 0.015094 0.032075
110 0.200943 0.071698 0.020755 0.022642
111 0.235849 0.071698 0.022642 0.022642
112 0.274528 0.070755 0.024528 0.020755
113 0.298113 0.071698 0.015094 0.022642
114 0.022642 0.122642 0.015094 0.022642
115 0.052830 0.120755 0.015094 0.018868
116 0.072642 0.122642 0.016981 0.022642
117 0.092453 0.122642 0.015094 0.022642
118 0.114151 0.122642 0.016981 0.022642
119 0.136792 0.122642 0.016981 0.022642
120 0.157547 0.122642 0.016981 0.022642
121 0.178302 0.121698 0.016981 0.020755
122 0.212264 0.127358 0.016981 0.032075
123 0.235849 0.122642 0.018868 0.022642
124 0.011321 0.179245 0.018868 0.033962
125 0.041509 0.172642 0.015094 0.020755
126 0.061321 0.173585 0.016981 0.022642
127 0.090566 0.173585 0.015094 0.022642
128 0.121698 0.171698 0.013208 0.018868
129 0.141509 0.171698 0.015094 0.018868
130 0.161321 0.172642 0.013208 0.020755
131 0.177358 0.177358 0.015094 0.030189
132 0.204717 0.172642 0.013208 0.020755
133 0.226415 0.174528 0.018868 0.024528
134 0.015094 0.226415 0.018868 0.022642
135 0.037736 0.223585 0.015094 0.016981
136 0.056604 0.223585 0.018868 0.016981
137 0.076415 0.226415 0.016981 0.022642
138 0.097170 0.226415 0.013208 0.022642
139 0.128302 0.226415 0.015094 0.022642
140 0.145283 0.224528 0.015094 0.018868
141 0.164151 0.224528 0.011321 0.018868
142 0.180189 0.217925 0.013208 0.005660
143 0.209434 0.225472 0.011321 0.020755
144 0.015094 0.271698 0.026415 0.030189
145 0.041509 0.260377 0.015094 0.007547
146 0.074528 0.260377 0.016981 0.007547
147 0.093396 0.260377 0.016981 0.007547
148 0.123585 0.260377 0.016981 0.007547
149 0.139623 0.260377 0.003774 0.007547
150 0.158491 0.261321 0.007547 0.009434
151 0.165094 0.257547 0.001887 0.001887
152 0.183019 0.265094 0.003774 0.016981
153 0.196226 0.265094 0.015094 0.016981
154 0.024528 0.323585 0.015094 0.035849
155 0.045283 0.320755 0.015094 0.030189
156 0.071698 0.321698 0.011321 0.032075
157 0.096226 0.308491 0.011321 0.005660
158 0.122642 0.319811 0.015094 0.028302
159 0.138679 0.310377 0.013208 0.009434
160 0.148113 0.307547 0.001887 0.003774
161 0.156604 0.308491 0.003774 0.005660
162 0.164151 0.308491 0.007547 0.005660
163 0.184906 0.306604 0.007547 0.001887
164 0.019811 0.362264 0.005660 0.003774
165 0.032075 0.364151 0.007547 0.007547
166 0.051887 0.366981 0.005660 0.013208
167 0.081132 0.369811 0.018868 0.018868
168 0.112264 0.368868 0.016981 0.016981
169 0.146226 0.367925 0.016981 0.015094
170 0.179245 0.369811 0.018868 0.018868
171 0.199057 0.367925 0.016981 0.015094
172 0.232075 0.369811 0.018868 0.018868
173 0.254717 0.369811 0.018868 0.018868
174 0.027358 0.409434 0.020755 0.022642
175 0.065094 0.406604 0.020755 0.016981
176 0.086792 0.406604 0.018868 0.016981
177 0.109434 0.406604 0.018868 0.016981
178 0.140566 0.408491 0.016981 0.020755
179 0.181132 0.404717 0.033962 0.013208
180 0.210377 0.413208 0.016981 0.030189
