0 0.008491 0.037736 0.013208 0.037736
1 0.040566 0.044340 0.016981 0.050943
2 0.071698 0.037736 0.033962 0.037736
3 0.104717 0.036792 0.024528 0.035849
4 0.151887 0.037736 0.035849 0.037736
5 0.191509 0.037736 0.039623 0.037736
6 0.220755 0.044340 0.007547 0.050943
7 0.235849 0.042453 0.015094 0.047170
8 0.268868 0.043396 0.016981 0.049057
9 0.289623 0.028302 0.016981 0.018868
10 0.020755 0.103774 0.030189 0.030189
11 0.057547 0.108491 0.009434 0.039623
12 0.084906 0.105660 0.011321 0.033962
13 0.110377 0.102830 0.005660 0.028302
14 0.124528 0.107547 0.015094 0.037736
15 0.159434 0.106604 0.024528 0.035849
16 0.198113 0.106604 0.018868 0.035849
17 0.221698 0.106604 0.024528 0.035849
18 0.260377 0.106604 0.022642 0.035849
19 0.300943 0.106604 0.024528 0.035849
20 0.027358 0.166038 0.024528 0.037736
21 0.057547 0.166038 0.024528 0.037736
22 0.098113 0.165094 0.022642 0.035849
23 0.136792 0.165094 0.024528 0.035849
24 0.175472 0.165094 0.022642 0.035849
25 0.204717 0.158491 0.009434 0.022642
26 0.217925 0.162264 0.009434 0.030189
27 0.250943 0.161321 0.030189 0.028302
28 0.294340 0.154717 0.030189 0.015094
29 0.328302 0.161321 0.030189 0.028302
30 0.012264 0.222642 0.016981 0.037736
31 0.050000 0.231132 0.047170 0.054717
32 0.096226 0.222642 0.037736 0.037736
33 0.146226 0.222642 0.035849 0.037736
34 0.182075 0.222642 0.032075 0.037736
35 0.234906 0.222642 0.039623 0.037736
36 0.275472 0.222642 0.037736 0.037736
37 0.318868 0.222642 0.037736 0.037736
38 0.367925 0.222642 0.030189 0.037736
39 0.407547 0.222642 0.045283 0.037736
40 0.025472 0.296226 0.024528 0.037736
41 0.060377 0.299057 0.033962 0.043396
42 0.112264 0.296226 0.043396 0.037736
43 0.153774 0.296226 0.032075 0.037736
44 0.209434 0.296226 0.052830 0.037736
45 0.271698 0.296226 0.045283 0.037736
46 0.325472 0.296226 0.032075 0.037736
47 0.377358 0.296226 0.037736 0.037736
48 0.417925 0.301887 0.032075 0.049057
49 0.469811 0.296226 0.037736 0.037736
50 0.019811 0.364151 0.028302 0.037736
51 0.064151 0.364151 0.033962 0.037736
52 0.105660 0.364151 0.037736 0.037736
53 0.158491 0.364151 0.037736 0.037736
54 0.209434 0.364151 0.052830 0.037736
55 0.274528 0.364151 0.043396 0.037736
56 0.321698 0.364151 0.039623 0.037736
57 0.376415 0.364151 0.035849 0.037736
58 0.422642 0.369811 0.022642 0.049057
59 0.456604 0.364151 0.015094 0.037736
60 0.016981 0.437736 0.022642 0.049057
61 0.056604 0.432075 0.022642 0.037736
62 0.083962 0.428302 0.028302 0.030189
63 0.108491 0.430189 0.009434 0.033962
64 0.130189 0.424528 0.022642 0.022642
65 0.165094 0.432075 0.020755 0.037736
66 0.188679 0.424528 0.018868 0.022642
67 0.224528 0.432075 0.026415 0.037736
68 0.264151 0.424528 0.018868 0.022642
69 0.295283 0.439623 0.032075 0.052830
70 0.025472 0.503774 0.024528 0.037736
71 0.065094 0.503774 0.024528 0.037736
72 0.097170 0.503774 0.013208 0.037736
73 0.132075 0.511321 0.022642 0.052830
74 0.172642 0.503774 0.024528 0.037736
75 0.193396 0.503774 0.013208 0.037736
76 0.233019 0.496226 0.039623 0.022642
77 0.280189 0.496226 0.024528 0.022642
78 0.304717 0.496226 0.020755 0.022642
79 0.344340 0.503774 0.028302 0.037736
80 0.025472 0.575472 0.020755 0.037736
81 0.050000 0.567925 0.016981 0.022642
82 0.068868 0.567925 0.016981 0.022642
83 0.085849 0.570755 0.013208 0.028302
84 0.106604 0.567925 0.024528 0.022642
85 0.142453 0.567925 0.020755 0.022642
86 0.170755 0.567925 0.032075 0.022642
87 0.214151 0.567925 0.024528 0.022642
88 0.254717 0.575472 0.030189 0.037736
89 0.284906 0.567925 0.018868 0.022642
90 0.011321 0.639623 0.015094 0.052830
91 0.035849 0.639623 0.003774 0.052830
92 0.050943 0.639623 0.015094 0.052830
93 0.086792 0.635849 0.030189 0.045283
