0 0.008491 0.036792 0.013208 0.035849
1 0.038679 0.041509 0.020755 0.045283
2 0.081132 0.041509 0.030189 0.045283
3 0.127358 0.042453 0.028302 0.047170
4 0.160377 0.036792 0.026415 0.035849
5 0.188679 0.034906 0.026415 0.032075
6 0.208491 0.044340 0.009434 0.050943
7 0.236792 0.040566 0.016981 0.043396
8 0.255660 0.040566 0.016981 0.043396
9 0.277358 0.031132 0.022642 0.024528
10 0.017925 0.104717 0.028302 0.032075
11 0.040566 0.114151 0.013208 0.050943
12 0.074528 0.105660 0.024528 0.033962
13 0.092453 0.107547 0.007547 0.037736
14 0.116981 0.111321 0.033962 0.045283
15 0.160377 0.106604 0.026415 0.035849
16 0.189623 0.106604 0.024528 0.035849
17 0.230189 0.106604 0.030189 0.035849
18 0.261321 0.106604 0.028302 0.035849
19 0.303774 0.106604 0.026415 0.035849
20 0.017925 0.176415 0.028302 0.035849
21 0.048113 0.176415 0.028302 0.035849
22 0.078302 0.176415 0.024528 0.035849
23 0.107547 0.176415 0.026415 0.035849
24 0.150943 0.176415 0.026415 0.035849
25 0.187736 0.170755 0.013208 0.024528
26 0.207547 0.173585 0.018868 0.030189
27 0.239623 0.174528 0.033962 0.032075
28 0.290566 0.166981 0.033962 0.016981
29 0.339623 0.174528 0.033962 0.032075
30 0.024528 0.231132 0.022642 0.035849
31 0.051887 0.233019 0.024528 0.039623
32 0.087736 0.230189 0.035849 0.033962
33 0.139623 0.230189 0.033962 0.033962
34 0.176415 0.230189 0.032075 0.033962
35 0.224528 0.230189 0.033962 0.033962
36 0.273585 0.230189 0.033962 0.033962
37 0.323585 0.230189 0.035849 0.033962
38 0.371698 0.230189 0.033962 0.033962
39 0.419811 0.230189 0.035849 0.033962
40 0.018868 0.288679 0.030189 0.033962
41 0.069811 0.288679 0.037736 0.033962
42 0.120755 0.288679 0.037736 0.033962
43 0.169811 0.288679 0.030189 0.033962
44 0.207547 0.288679 0.041509 0.033962
45 0.264151 0.288679 0.037736 0.033962
46 0.312264 0.288679 0.032075 0.033962
47 0.359434 0.288679 0.032075 0.033962
48 0.406604 0.292453 0.032075 0.041509
49 0.452830 0.288679 0.033962 0.033962
50 0.029245 0.349057 0.032075 0.033962
51 0.077358 0.349057 0.030189 0.033962
52 0.126415 0.349057 0.033962 0.033962
53 0.163208 0.349057 0.035849 0.033962
54 0.202830 0.349057 0.035849 0.033962
55 0.241509 0.349057 0.037736 0.033962
56 0.280189 0.349057 0.032075 0.033962
57 0.329245 0.349057 0.032075 0.033962
58 0.357547 0.353774 0.020755 0.043396
59 0.390566 0.354717 0.015094 0.045283
60 0.014151 0.417925 0.020755 0.043396
61 0.038679 0.413208 0.024528 0.033962
62 0.083962 0.418868 0.039623 0.045283
63 0.114151 0.410377 0.009434 0.028302
64 0.138679 0.408491 0.028302 0.024528
65 0.183962 0.414151 0.035849 0.035849
66 0.222642 0.408491 0.030189 0.024528
67 0.258491 0.414151 0.033962 0.035849
68 0.303774 0.408491 0.030189 0.024528
69 0.341509 0.414151 0.033962 0.035849
70 0.018868 0.478302 0.033962 0.035849
71 0.053774 0.478302 0.032075 0.035849
72 0.084906 0.478302 0.026415 0.035849
73 0.113208 0.483962 0.026415 0.047170
74 0.148113 0.478302 0.032075 0.035849
75 0.194340 0.478302 0.026415 0.035849
76 0.229245 0.472642 0.035849 0.024528
77 0.264151 0.472642 0.030189 0.024528
78 0.308491 0.472642 0.028302 0.024528
79 0.356604 0.478302 0.037736 0.035849
80 0.020755 0.544340 0.033962 0.035849
81 0.057547 0.538679 0.032075 0.024528
82 0.104717 0.538679 0.028302 0.024528
83 0.133962 0.543396 0.026415 0.033962
84 0.166981 0.538679 0.028302 0.024528
85 0.213208 0.538679 0.033962 0.024528
86 0.261321 0.538679 0.032075 0.024528
87 0.309434 0.538679 0.033962 0.024528
88 0.349057 0.544340 0.037736 0.035849
89 0.397170 0.538679 0.028302 0.024528
90 0.013208 0.602830 0.018868 0.043396
91 0.028302 0.603774 0.003774 0.045283
92 0.052830 0.602830 0.018868 0.043396
93 0.088679 0.615094 0.026415 0.067925
