0 0.020755 0.038679 0.011321 0.039623
1 0.036792 0.041509 0.013208 0.045283
2 0.070755 0.038679 0.028302 0.039623
3 0.114151 0.043396 0.024528 0.049057
4 0.158491 0.039623 0.033962 0.041509
5 0.208491 0.038679 0.039623 0.039623
6 0.245283 0.038679 0.003774 0.039623
7 0.256604 0.043396 0.015094 0.049057
8 0.274528 0.042453 0.016981 0.047170
9 0.306604 0.028302 0.016981 0.018868
10 0.028302 0.100000 0.026415 0.026415
11 0.061321 0.106604 0.009434 0.039623
12 0.075472 0.098113 0.015094 0.022642
13 0.089623 0.105660 0.005660 0.037736
14 0.108491 0.111321 0.028302 0.049057
15 0.151887 0.106604 0.024528 0.039623
16 0.190566 0.106604 0.018868 0.039623
17 0.215094 0.106604 0.022642 0.039623
18 0.250943 0.106604 0.022642 0.039623
19 0.277358 0.106604 0.026415 0.039623
20 0.016981 0.174528 0.026415 0.039623
21 0.058491 0.174528 0.022642 0.039623
22 0.083962 0.174528 0.024528 0.039623
23 0.110377 0.174528 0.024528 0.039623
24 0.135849 0.174528 0.022642 0.039623
25 0.154717 0.167925 0.007547 0.026415
26 0.169811 0.171698 0.011321 0.033962
27 0.192453 0.166981 0.026415 0.024528
28 0.235849 0.161321 0.026415 0.013208
29 0.277358 0.168868 0.026415 0.028302
30 0.012264 0.233019 0.016981 0.039623
31 0.045283 0.233019 0.037736 0.039623
32 0.085849 0.233019 0.039623 0.039623
33 0.123585 0.233019 0.028302 0.039623
34 0.160377 0.233019 0.033962 0.039623
35 0.212264 0.233019 0.039623 0.039623
36 0.264151 0.233019 0.030189 0.039623
37 0.296226 0.233019 0.030189 0.039623
38 0.342453 0.233019 0.035849 0.039623
39 0.396226 0.233019 0.045283 0.039623
40 0.027358 0.291509 0.020755 0.039623
41 0.050000 0.297170 0.020755 0.050943
42 0.091509 0.291509 0.035849 0.039623
43 0.139623 0.291509 0.026415 0.039623
44 0.185849 0.291509 0.054717 0.039623
45 0.241509 0.291509 0.045283 0.039623
46 0.298113 0.291509 0.037736 0.039623
47 0.334906 0.291509 0.032075 0.039623
48 0.384906 0.297170 0.037736 0.050943
49 0.436792 0.291509 0.035849 0.039623
50 0.029245 0.361321 0.024528 0.039623
51 0.070755 0.361321 0.032075 0.039623
52 0.123585 0.361321 0.039623 0.039623
53 0.166038 0.361321 0.037736 0.039623
54 0.227358 0.361321 0.058491 0.039623
55 0.293396 0.361321 0.039623 0.039623
56 0.346226 0.361321 0.035849 0.039623
57 0.398113 0.361321 0.033962 0.039623
58 0.436792 0.366038 0.016981 0.049057
59 0.465094 0.366038 0.013208 0.049057
60 0.013208 0.433962 0.018868 0.049057
61 0.037736 0.432075 0.026415 0.045283
62 0.080189 0.416981 0.028302 0.015094
63 0.112264 0.423585 0.009434 0.028302
64 0.133019 0.422642 0.020755 0.026415
65 0.160377 0.430189 0.022642 0.041509
66 0.185849 0.422642 0.020755 0.026415
67 0.211321 0.430189 0.026415 0.041509
68 0.235849 0.422642 0.018868 0.026415
69 0.266981 0.437736 0.032075 0.056604
70 0.017925 0.505660 0.028302 0.041509
71 0.048113 0.505660 0.024528 0.041509
72 0.068868 0.504717 0.009434 0.039623
73 0.088679 0.512264 0.018868 0.054717
74 0.111321 0.505660 0.022642 0.041509
75 0.130189 0.505660 0.011321 0.041509
76 0.166981 0.498113 0.035849 0.026415
77 0.211321 0.498113 0.022642 0.026415
78 0.248113 0.498113 0.020755 0.026415
79 0.273585 0.505660 0.026415 0.041509
80 0.013208 0.579245 0.022642 0.041509
81 0.050943 0.571698 0.018868 0.026415
82 0.082075 0.571698 0.016981 0.026415
83 0.099057 0.576415 0.013208 0.035849
84 0.134906 0.571698 0.024528 0.026415
85 0.165094 0.571698 0.024528 0.026415
86 0.209434 0.571698 0.037736 0.026415
87 0.253774 0.571698 0.024528 0.026415
88 0.295283 0.579245 0.028302 0.041509
89 0.333019 0.571698 0.020755 0.026415
90 0.010377 0.643396 0.013208 0.049057
91 0.035849 0.647170 0.003774 0.056604
92 0.057547 0.643396 0.013208 0.049057
93 0.094340 0.647170 0.030189 0.056604
