94 0.021698 0.030189 0.016981 0.022642
95 0.040566 0.030189 0.016981 0.022642
96 0.074528 0.029245 0.016981 0.020755
97 0.104717 0.030189 0.016981 0.022642
98 0.139623 0.029245 0.018868 0.020755
99 0.177358 0.029245 0.022642 0.020755
100 0.212264 0.030189 0.013208 0.022642
101 0.231132 0.030189 0.016981 0.022642
102 0.266981 0.030189 0.020755 0.022642
103 0.292453 0.031132 0.018868 0.024528
104 0.023585 0.074528 0.020755 0.024528
105 0.060377 0.073585 0.026415 0.022642
106 0.103774 0.078302 0.026415 0.032075
107 0.145283 0.078302 0.022642 0.032075
108 0.184906 0.078302 0.022642 0.032075
109 0.222642 0.079245 0.022642 0.033962
110 0.251887 0.072642 0.024528 0.020755
111 0.282075 0.072642 0.028302 0.020755
112 0.326415 0.073585 0.026415 0.022642
113 0.350943 0.072642 0.018868 0.020755
114 0.013208 0.125472 0.018868 0.020755
115 0.044340 0.126415 0.016981 0.022642
116 0.076415 0.125472 0.020755 0.020755
117 0.096226 0.125472 0.015094 0.020755
118 0.131132 0.126415 0.020755 0.022642
119 0.157547 0.126415 0.020755 0.022642
120 0.193396 0.129245 0.020755 0.028302
121 0.231132 0.126415 0.020755 0.022642
122 0.269811 0.131132 0.022642 0.032075
123 0.298113 0.126415 0.022642 0.022642
124 0.027358 0.182075 0.024528 0.032075
125 0.054717 0.177358 0.022642 0.022642
126 0.080189 0.177358 0.020755 0.022642
127 0.116981 0.177358 0.018868 0.022642
128 0.138679 0.176415 0.013208 0.020755
129 0.159434 0.182075 0.016981 0.032075
130 0.180189 0.177358 0.016981 0.022642
131 0.216981 0.182075 0.022642 0.032075
132 0.249057 0.177358 0.015094 0.022642
133 0.282075 0.178302 0.020755 0.024528
134 0.016981 0.228302 0.022642 0.022642
135 0.055660 0.229245 0.020755 0.024528
136 0.093396 0.228302 0.020755 0.022642
137 0.120755 0.232075 0.026415 0.030189
138 0.148113 0.228302 0.016981 0.022642
139 0.171698 0.228302 0.018868 0.022642
140 0.191509 0.227358 0.016981 0.020755
141 0.209434 0.228302 0.015094 0.022642
142 0.239623 0.220755 0.015094 0.007547
143 0.269811 0.228302 0.011321 0.022642
144 0.022642 0.283019 0.018868 0.033962
145 0.044340 0.270755 0.016981 0.009434
146 0.074528 0.271698 0.016981 0.011321
147 0.105660 0.272642 0.015094 0.013208
148 0.127358 0.271698 0.016981 0.011321
149 0.142453 0.271698 0.005660 0.011321
150 0.153774 0.271698 0.013208 0.011321
151 0.163208 0.267925 0.001887 0.003774
152 0.183019 0.274528 0.007547 0.016981
153 0.213208 0.276415 0.018868 0.020755
154 0.011321 0.338679 0.011321 0.039623
155 0.028302 0.339623 0.011321 0.041509
156 0.055660 0.339623 0.013208 0.041509
157 0.084906 0.334906 0.011321 0.032075
158 0.113208 0.333019 0.018868 0.028302
159 0.134906 0.324528 0.013208 0.011321
160 0.147170 0.322642 0.003774 0.007547
161 0.159434 0.322642 0.013208 0.007547
162 0.187736 0.323585 0.016981 0.009434
163 0.203774 0.321698 0.007547 0.005660
164 0.020755 0.385849 0.011321 0.013208
165 0.042453 0.383019 0.005660 0.007547
166 0.053774 0.385849 0.013208 0.013208
167 0.072642 0.389623 0.020755 0.020755
168 0.096226 0.386792 0.018868 0.015094
169 0.120755 0.387736 0.018868 0.016981
170 0.155660 0.390566 0.024528 0.022642
171 0.194340 0.386792 0.022642 0.015094
172 0.233019 0.389623 0.024528 0.020755
173 0.274528 0.391509 0.024528 0.024528
174 0.012264 0.432075 0.016981 0.018868
175 0.039623 0.433019 0.026415 0.020755
176 0.070755 0.432075 0.024528 0.018868
177 0.110377 0.431132 0.024528 0.016981
178 0.133962 0.433019 0.018868 0.020755
179 0.178302 0.432075 0.043396 0.018868
180 0.210377 0.434906 0.013208 0.024528
