94 0.023585 0.034906 0.020755 0.032075
95 0.047170 0.033962 0.018868 0.030189
96 0.084906 0.033962 0.026415 0.030189
97 0.124528 0.035849 0.022642 0.033962
98 0.164151 0.034906 0.022642 0.032075
99 0.200943 0.033962 0.024528 0.030189
100 0.238679 0.033019 0.016981 0.028302
101 0.274528 0.033019 0.024528 0.028302
102 0.314151 0.033019 0.028302 0.028302
103 0.352830 0.036792 0.018868 0.035849
104 0.029245 0.091509 0.024528 0.035849
105 0.060377 0.087736 0.033962 0.028302
106 0.109434 0.090566 0.033962 0.033962
107 0.152830 0.092453 0.018868 0.037736
108 0.187736 0.092453 0.020755 0.037736
109 0.213208 0.091509 0.022642 0.035849
110 0.250943 0.088679 0.026415 0.030189
111 0.294340 0.088679 0.033962 0.030189
112 0.333019 0.087736 0.039623 0.028302
113 0.380189 0.087736 0.020755 0.028302
114 0.013208 0.147170 0.022642 0.033962
115 0.040566 0.147170 0.024528 0.033962
116 0.066981 0.144340 0.020755 0.028302
117 0.091509 0.144340 0.020755 0.028302
118 0.128302 0.145283 0.026415 0.030189
119 0.153774 0.145283 0.020755 0.030189
120 0.189623 0.149057 0.020755 0.037736
121 0.227358 0.147170 0.020755 0.033962
122 0.251887 0.150943 0.020755 0.041509
123 0.277358 0.146226 0.026415 0.032075
124 0.014151 0.207547 0.024528 0.033962
125 0.052830 0.204717 0.018868 0.028302
126 0.088679 0.205660 0.022642 0.030189
127 0.115094 0.205660 0.018868 0.030189
128 0.139623 0.204717 0.018868 0.028302
129 0.162264 0.210377 0.018868 0.039623
130 0.200943 0.204717 0.024528 0.028302
131 0.235849 0.210377 0.018868 0.039623
132 0.262264 0.204717 0.022642 0.028302
133 0.298113 0.208491 0.018868 0.035849
134 0.018868 0.265094 0.026415 0.032075
135 0.057547 0.267925 0.024528 0.037736
136 0.096226 0.264151 0.022642 0.030189
137 0.123585 0.271698 0.024528 0.045283
138 0.151887 0.264151 0.024528 0.030189
139 0.182075 0.266038 0.024528 0.033962
140 0.212264 0.262264 0.024528 0.026415
141 0.240566 0.261321 0.020755 0.024528
142 0.275472 0.252830 0.018868 0.007547
143 0.306604 0.264151 0.016981 0.030189
144 0.020755 0.334906 0.030189 0.043396
145 0.060377 0.315094 0.018868 0.003774
146 0.094340 0.317925 0.018868 0.009434
147 0.128302 0.318868 0.018868 0.011321
148 0.149057 0.317925 0.018868 0.009434
149 0.167925 0.323585 0.007547 0.020755
150 0.183019 0.324528 0.015094 0.022642
151 0.195283 0.316038 0.005660 0.005660
152 0.215094 0.327358 0.007547 0.028302
153 0.232075 0.327358 0.018868 0.028302
154 0.023585 0.397170 0.020755 0.043396
155 0.045283 0.396226 0.018868 0.041509
156 0.081132 0.397170 0.026415 0.043396
157 0.107547 0.395283 0.015094 0.039623
158 0.144340 0.391509 0.028302 0.032075
159 0.180189 0.381132 0.016981 0.011321
160 0.203774 0.378302 0.003774 0.005660
161 0.231132 0.380189 0.020755 0.009434
162 0.254717 0.380189 0.015094 0.009434
163 0.269811 0.379245 0.007547 0.007547
164 0.019811 0.441509 0.009434 0.007547
165 0.046226 0.442453 0.009434 0.009434
166 0.078302 0.444340 0.020755 0.013208
167 0.114151 0.450943 0.024528 0.026415
168 0.138679 0.452830 0.020755 0.030189
169 0.155660 0.451887 0.009434 0.028302
170 0.173585 0.451887 0.018868 0.028302
171 0.207547 0.451887 0.018868 0.028302
172 0.231132 0.451887 0.020755 0.028302
173 0.256604 0.451887 0.018868 0.028302
174 0.023585 0.500943 0.020755 0.028302
175 0.045283 0.500943 0.018868 0.028302
176 0.078302 0.501887 0.020755 0.030189
177 0.105660 0.500943 0.022642 0.028302
178 0.149057 0.501887 0.033962 0.030189
179 0.201887 0.500000 0.060377 0.026415
180 0.247170 0.506604 0.018868 0.039623
