0 0.010377 0.036792 0.013208 0.035849
1 0.028302 0.044340 0.018868 0.050943
2 0.068868 0.037736 0.032075 0.037736
3 0.100943 0.039623 0.024528 0.041509
4 0.147170 0.037736 0.037736 0.037736
5 0.196226 0.036792 0.049057 0.035849
6 0.237736 0.044340 0.007547 0.050943
7 0.253774 0.042453 0.016981 0.047170
8 0.286792 0.042453 0.018868 0.047170
9 0.313208 0.030189 0.022642 0.022642
10 0.016981 0.103774 0.030189 0.030189
11 0.048113 0.108491 0.005660 0.039623
12 0.069811 0.094340 0.011321 0.011321
13 0.095283 0.102830 0.005660 0.028302
14 0.123585 0.112264 0.020755 0.047170
15 0.149057 0.105660 0.022642 0.033962
16 0.180189 0.105660 0.013208 0.033962
17 0.216038 0.105660 0.024528 0.033962
18 0.252830 0.105660 0.022642 0.033962
19 0.277358 0.105660 0.022642 0.033962
20 0.027358 0.171698 0.024528 0.033962
21 0.057547 0.171698 0.024528 0.033962
22 0.096226 0.171698 0.022642 0.033962
23 0.135849 0.171698 0.022642 0.033962
24 0.165094 0.171698 0.024528 0.033962
25 0.198113 0.166038 0.011321 0.022642
26 0.214151 0.169811 0.013208 0.030189
27 0.239623 0.168868 0.030189 0.028302
28 0.284906 0.163208 0.030189 0.016981
29 0.316981 0.168868 0.030189 0.028302
30 0.010377 0.225472 0.016981 0.035849
31 0.044340 0.233019 0.047170 0.050943
32 0.093396 0.225472 0.043396 0.035849
33 0.133019 0.225472 0.028302 0.035849
34 0.178302 0.225472 0.035849 0.035849
35 0.229245 0.225472 0.039623 0.035849
36 0.269811 0.225472 0.037736 0.035849
37 0.311321 0.225472 0.033962 0.035849
38 0.363208 0.225472 0.035849 0.035849
39 0.420755 0.225472 0.045283 0.035849
40 0.016981 0.295283 0.022642 0.035849
41 0.059434 0.301887 0.028302 0.049057
42 0.093396 0.295283 0.035849 0.035849
43 0.133962 0.295283 0.037736 0.035849
44 0.180189 0.296226 0.050943 0.037736
45 0.235849 0.295283 0.049057 0.035849
46 0.289623 0.295283 0.032075 0.035849
47 0.325472 0.295283 0.032075 0.035849
48 0.367925 0.301887 0.045283 0.049057
49 0.421698 0.295283 0.035849 0.035849
50 0.016038 0.363208 0.028302 0.035849
51 0.052830 0.364151 0.033962 0.037736
52 0.102830 0.363208 0.035849 0.035849
53 0.144340 0.363208 0.043396 0.035849
54 0.193396 0.363208 0.050943 0.035849
55 0.248113 0.363208 0.047170 0.035849
56 0.293396 0.363208 0.039623 0.035849
57 0.331132 0.363208 0.032075 0.035849
58 0.362264 0.369811 0.022642 0.049057
59 0.385849 0.368868 0.020755 0.047170
60 0.024528 0.437736 0.022642 0.049057
61 0.060377 0.430189 0.022642 0.033962
62 0.100943 0.420755 0.028302 0.015094
63 0.133962 0.424528 0.007547 0.022642
64 0.164151 0.424528 0.022642 0.022642
65 0.189623 0.431132 0.020755 0.035849
66 0.222642 0.424528 0.015094 0.022642
67 0.256604 0.431132 0.026415 0.035849
68 0.278302 0.424528 0.013208 0.022642
69 0.316981 0.438679 0.033962 0.050943
70 0.030189 0.501887 0.026415 0.037736
71 0.060377 0.500943 0.022642 0.035849
72 0.095283 0.500943 0.013208 0.035849
73 0.132075 0.507547 0.026415 0.049057
74 0.162264 0.500943 0.026415 0.035849
75 0.187736 0.500943 0.016981 0.035849
76 0.230189 0.494340 0.033962 0.022642
77 0.263208 0.494340 0.020755 0.022642
78 0.283962 0.494340 0.016981 0.022642
79 0.313208 0.504717 0.030189 0.043396
80 0.015094 0.569811 0.022642 0.037736
81 0.052830 0.562264 0.018868 0.022642
82 0.087736 0.562264 0.016981 0.022642
83 0.119811 0.566038 0.016981 0.030189
84 0.145283 0.562264 0.022642 0.022642
85 0.168868 0.562264 0.016981 0.022642
86 0.196226 0.562264 0.030189 0.022642
87 0.232075 0.562264 0.030189 0.022642
88 0.267925 0.569811 0.030189 0.037736
89 0.300000 0.569811 0.022642 0.037736
90 0.024528 0.633019 0.015094 0.050943
91 0.050000 0.633019 0.001887 0.050943
92 0.071698 0.633019 0.015094 0.050943
93 0.108491 0.624528 0.028302 0.033962
