94 0.012264 0.034906 0.020755 0.032075
95 0.049057 0.033962 0.018868 0.030189
96 0.073585 0.033962 0.018868 0.030189
97 0.097170 0.034906 0.020755 0.032075
98 0.121698 0.034906 0.020755 0.032075
99 0.157547 0.033962 0.020755 0.030189
100 0.182075 0.033962 0.020755 0.030189
101 0.205660 0.034906 0.018868 0.032075
102 0.241509 0.034906 0.018868 0.032075
103 0.273585 0.033962 0.018868 0.030189
104 0.022642 0.084906 0.018868 0.030189
105 0.063208 0.085849 0.035849 0.032075
106 0.100943 0.089623 0.035849 0.039623
107 0.145283 0.091509 0.022642 0.043396
108 0.169811 0.091509 0.022642 0.043396
109 0.206604 0.091509 0.020755 0.043396
110 0.245283 0.085849 0.022642 0.032075
111 0.292453 0.085849 0.037736 0.032075
112 0.342453 0.085849 0.035849 0.032075
113 0.388679 0.085849 0.022642 0.032075
114 0.028302 0.148113 0.022642 0.032075
115 0.065094 0.148113 0.020755 0.032075
116 0.102830 0.148113 0.020755 0.032075
117 0.126415 0.148113 0.018868 0.032075
118 0.147170 0.137736 0.018868 0.011321
119 0.181132 0.147170 0.018868 0.030189
120 0.213208 0.152830 0.018868 0.041509
121 0.236792 0.148113 0.020755 0.032075
122 0.272642 0.148113 0.020755 0.032075
123 0.310377 0.147170 0.028302 0.030189
124 0.017925 0.213208 0.028302 0.041509
125 0.049057 0.208491 0.022642 0.032075
126 0.085849 0.207547 0.020755 0.030189
127 0.123585 0.208491 0.020755 0.032075
128 0.146226 0.208491 0.016981 0.032075
129 0.168868 0.214151 0.020755 0.043396
130 0.191509 0.208491 0.020755 0.032075
131 0.216981 0.214151 0.022642 0.043396
132 0.250943 0.208491 0.018868 0.032075
133 0.277358 0.208491 0.022642 0.032075
134 0.012264 0.269811 0.020755 0.030189
135 0.050943 0.270755 0.022642 0.032075
136 0.073585 0.269811 0.018868 0.030189
137 0.100943 0.274528 0.028302 0.039623
138 0.127358 0.270755 0.020755 0.032075
139 0.154717 0.270755 0.022642 0.032075
140 0.190566 0.270755 0.018868 0.032075
141 0.220755 0.264151 0.011321 0.018868
142 0.251887 0.257547 0.016981 0.005660
143 0.280189 0.259434 0.013208 0.009434
144 0.015094 0.323585 0.026415 0.020755
145 0.039623 0.314151 0.018868 0.001887
146 0.062264 0.316981 0.018868 0.007547
147 0.094340 0.316981 0.018868 0.007547
148 0.130189 0.316038 0.018868 0.005660
149 0.147170 0.318868 0.003774 0.011321
150 0.158491 0.318868 0.011321 0.011321
151 0.181132 0.316038 0.003774 0.005660
152 0.189623 0.328302 0.005660 0.030189
153 0.216981 0.328302 0.018868 0.030189
154 0.021698 0.384906 0.013208 0.045283
155 0.050000 0.384906 0.009434 0.045283
156 0.066038 0.384906 0.011321 0.045283
157 0.083019 0.378302 0.015094 0.032075
158 0.114151 0.383962 0.020755 0.043396
159 0.146226 0.367925 0.016981 0.011321
160 0.168868 0.367925 0.001887 0.011321
161 0.191509 0.367925 0.013208 0.011321
162 0.208491 0.366981 0.016981 0.009434
163 0.221698 0.367925 0.001887 0.011321
164 0.017925 0.429245 0.009434 0.005660
165 0.028302 0.430189 0.007547 0.007547
166 0.051887 0.430189 0.009434 0.007547
167 0.083962 0.439623 0.020755 0.026415
168 0.106604 0.439623 0.020755 0.026415
169 0.133019 0.439623 0.020755 0.026415
170 0.168868 0.442453 0.024528 0.032075
171 0.206604 0.439623 0.020755 0.026415
172 0.242453 0.442453 0.020755 0.032075
173 0.266981 0.442453 0.020755 0.032075
174 0.013208 0.492453 0.018868 0.030189
175 0.053774 0.493396 0.028302 0.032075
176 0.080189 0.491509 0.020755 0.028302
177 0.102830 0.493396 0.020755 0.032075
178 0.145283 0.493396 0.030189 0.032075
179 0.182075 0.486792 0.035849 0.018868
180 0.212264 0.500943 0.020755 0.047170
