0 0.016981 0.038679 0.003774 0.039623
1 0.038679 0.041509 0.013208 0.045283
2 0.074528 0.037736 0.024528 0.037736
3 0.110377 0.040566 0.020755 0.043396
4 0.160377 0.038679 0.045283 0.039623
5 0.214151 0.038679 0.032075 0.039623
6 0.237736 0.041509 0.003774 0.045283
7 0.256604 0.037736 0.007547 0.037736
8 0.279245 0.035849 0.007547 0.033962
9 0.305660 0.027358 0.015094 0.016981
10 0.030189 0.098113 0.030189 0.030189
11 0.061321 0.100000 0.005660 0.033962
12 0.082075 0.094340 0.024528 0.022642
13 0.099057 0.101887 0.005660 0.037736
14 0.126415 0.102830 0.018868 0.039623
15 0.166038 0.102830 0.030189 0.039623
16 0.203774 0.102830 0.015094 0.039623
17 0.228302 0.101887 0.026415 0.037736
18 0.255660 0.101887 0.024528 0.037736
19 0.298113 0.102830 0.030189 0.039623
20 0.023585 0.161321 0.020755 0.039623
21 0.061321 0.159434 0.024528 0.035849
22 0.092453 0.162264 0.026415 0.041509
23 0.134906 0.160377 0.028302 0.037736
24 0.164151 0.160377 0.026415 0.037736
25 0.183019 0.153774 0.003774 0.024528
26 0.188679 0.155660 0.003774 0.028302
27 0.208491 0.154717 0.028302 0.026415
28 0.241509 0.149057 0.030189 0.015094
29 0.276415 0.156604 0.028302 0.030189
30 0.022642 0.221698 0.011321 0.039623
31 0.057547 0.228302 0.047170 0.052830
32 0.117925 0.221698 0.039623 0.039623
33 0.166981 0.221698 0.032075 0.039623
34 0.205660 0.221698 0.037736 0.039623
35 0.262264 0.221698 0.041509 0.039623
36 0.297170 0.221698 0.024528 0.039623
37 0.339623 0.221698 0.026415 0.039623
38 0.389623 0.222642 0.039623 0.041509
39 0.434906 0.221698 0.043396 0.039623
40 0.020755 0.293396 0.015094 0.039623
41 0.045283 0.293396 0.022642 0.039623
42 0.078302 0.293396 0.039623 0.039623
43 0.127358 0.293396 0.028302 0.039623
44 0.184906 0.293396 0.052830 0.039623
45 0.233019 0.293396 0.039623 0.039623
46 0.290566 0.293396 0.045283 0.039623
47 0.331132 0.293396 0.028302 0.039623
48 0.379245 0.291509 0.041509 0.035849
49 0.433962 0.293396 0.037736 0.039623
50 0.013208 0.351887 0.022642 0.039623
51 0.056604 0.351887 0.037736 0.039623
52 0.098113 0.351887 0.037736 0.039623
53 0.151887 0.350943 0.039623 0.037736
54 0.213208 0.350943 0.052830 0.037736
55 0.273585 0.351887 0.041509 0.039623
56 0.319811 0.351887 0.039623 0.039623
57 0.358491 0.351887 0.033962 0.039623
58 0.383962 0.351887 0.009434 0.039623
59 0.401887 0.351887 0.018868 0.039623
60 0.006604 0.410377 0.009434 0.039623
61 0.037736 0.409434 0.022642 0.037736
62 0.076415 0.405660 0.028302 0.030189
63 0.108491 0.393396 0.001887 0.005660
64 0.144340 0.410377 0.039623 0.039623
65 0.185849 0.410377 0.032075 0.039623
66 0.226415 0.410377 0.037736 0.039623
67 0.267925 0.410377 0.041509 0.039623
68 0.302830 0.410377 0.024528 0.039623
69 0.330189 0.410377 0.026415 0.039623
70 0.023585 0.469811 0.039623 0.041509
71 0.066981 0.468868 0.043396 0.039623
72 0.109434 0.468868 0.015094 0.039623
73 0.141509 0.468868 0.022642 0.039623
74 0.174528 0.468868 0.039623 0.039623
75 0.225472 0.468868 0.028302 0.039623
76 0.281132 0.468868 0.052830 0.039623
77 0.329245 0.468868 0.039623 0.039623
78 0.384906 0.468868 0.045283 0.039623
79 0.427358 0.468868 0.028302 0.039623
80 0.037736 0.527358 0.041509 0.035849
81 0.083019 0.529245 0.037736 0.039623
82 0.118868 0.529245 0.022642 0.039623
83 0.166038 0.529245 0.037736 0.039623
84 0.209434 0.529245 0.037736 0.039623
85 0.253774 0.528302 0.039623 0.037736
86 0.301887 0.528302 0.052830 0.037736
87 0.366038 0.529245 0.041509 0.039623
88 0.412264 0.529245 0.039623 0.039623
89 0.454717 0.529245 0.033962 0.039623
90 0.020755 0.592453 0.015094 0.049057
91 0.047170 0.591509 0.003774 0.047170
92 0.058491 0.592453 0.015094 0.049057
93 0.084906 0.590566 0.030189 0.045283
