94 0.011321 0.033962 0.018868 0.030189
95 0.034906 0.033962 0.020755 0.030189
96 0.057547 0.033962 0.020755 0.030189
97 0.095283 0.034906 0.020755 0.032075
98 0.117925 0.033962 0.020755 0.030189
99 0.153774 0.033962 0.024528 0.030189
100 0.186792 0.033962 0.015094 0.030189
101 0.216981 0.033962 0.018868 0.030189
102 0.243396 0.033962 0.026415 0.030189
103 0.283019 0.034906 0.022642 0.032075
104 0.026415 0.085849 0.022642 0.032075
105 0.060377 0.084906 0.033962 0.030189
106 0.109434 0.091509 0.033962 0.043396
107 0.140566 0.091509 0.024528 0.043396
108 0.178302 0.091509 0.024528 0.043396
109 0.219811 0.093396 0.024528 0.047170
110 0.250943 0.084906 0.026415 0.030189
111 0.294340 0.084906 0.033962 0.030189
112 0.348113 0.084906 0.039623 0.030189
113 0.393396 0.084906 0.020755 0.030189
114 0.027358 0.150943 0.020755 0.030189
115 0.060377 0.150943 0.018868 0.030189
116 0.095283 0.150943 0.024528 0.030189
117 0.123585 0.150943 0.020755 0.030189
118 0.161321 0.150943 0.028302 0.030189
119 0.202830 0.150943 0.024528 0.030189
120 0.229245 0.157547 0.024528 0.043396
121 0.268868 0.150943 0.020755 0.030189
122 0.306604 0.156604 0.020755 0.041509
123 0.344340 0.150943 0.028302 0.030189
124 0.019811 0.218868 0.028302 0.041509
125 0.050000 0.213208 0.024528 0.030189
126 0.077358 0.213208 0.022642 0.030189
127 0.103774 0.213208 0.018868 0.030189
128 0.128302 0.213208 0.018868 0.030189
129 0.149057 0.219811 0.018868 0.043396
130 0.185849 0.214151 0.020755 0.032075
131 0.221698 0.219811 0.024528 0.043396
132 0.249057 0.213208 0.018868 0.030189
133 0.287736 0.214151 0.024528 0.032075
134 0.016981 0.275472 0.030189 0.030189
135 0.057547 0.276415 0.024528 0.032075
136 0.088679 0.275472 0.026415 0.030189
137 0.133962 0.282075 0.030189 0.043396
138 0.161321 0.275472 0.020755 0.030189
139 0.184906 0.276415 0.022642 0.032075
140 0.222642 0.275472 0.018868 0.030189
141 0.258491 0.272642 0.018868 0.024528
142 0.281132 0.265094 0.018868 0.009434
143 0.316038 0.275472 0.016981 0.030189
144 0.030189 0.345283 0.033962 0.045283
145 0.074528 0.326415 0.020755 0.007547
146 0.108491 0.326415 0.020755 0.007547
147 0.145283 0.327358 0.022642 0.009434
148 0.168868 0.326415 0.020755 0.007547
149 0.188679 0.328302 0.007547 0.011321
150 0.216038 0.329245 0.016981 0.013208
151 0.231132 0.325472 0.005660 0.005660
152 0.255660 0.337736 0.009434 0.030189
153 0.276415 0.337736 0.024528 0.030189
154 0.012264 0.415094 0.020755 0.056604
155 0.047170 0.415094 0.015094 0.056604
156 0.078302 0.415094 0.016981 0.056604
157 0.112264 0.408491 0.016981 0.043396
158 0.133019 0.409434 0.016981 0.045283
159 0.153774 0.393396 0.016981 0.013208
160 0.176415 0.393396 0.001887 0.013208
161 0.200943 0.392453 0.016981 0.011321
162 0.224528 0.393396 0.022642 0.013208
163 0.243396 0.390566 0.011321 0.007547
164 0.021698 0.468868 0.013208 0.013208
165 0.050000 0.466981 0.009434 0.009434
166 0.063208 0.467925 0.005660 0.011321
167 0.083019 0.475472 0.022642 0.026415
168 0.109434 0.475472 0.022642 0.026415
169 0.137736 0.475472 0.022642 0.026415
170 0.166038 0.480189 0.022642 0.035849
171 0.191509 0.475472 0.024528 0.026415
172 0.220755 0.480189 0.022642 0.035849
173 0.247170 0.480189 0.022642 0.035849
174 0.023585 0.534906 0.020755 0.035849
175 0.050000 0.534906 0.028302 0.035849
176 0.093396 0.534906 0.024528 0.035849
177 0.133019 0.534906 0.024528 0.035849
178 0.162264 0.532075 0.030189 0.030189
179 0.200943 0.527358 0.039623 0.020755
180 0.249057 0.539623 0.022642 0.045283
