0 0.016981 0.040566 0.007547 0.043396
1 0.033962 0.041509 0.015094 0.045283
2 0.058491 0.039623 0.026415 0.041509
3 0.097170 0.045283 0.024528 0.052830
4 0.137736 0.040566 0.045283 0.043396
5 0.180189 0.040566 0.035849 0.043396
6 0.214151 0.041509 0.005660 0.045283
7 0.237736 0.045283 0.011321 0.052830
8 0.252830 0.045283 0.011321 0.052830
9 0.284906 0.030189 0.022642 0.022642
10 0.020755 0.107547 0.033962 0.033962
11 0.057547 0.116038 0.009434 0.050943
12 0.086792 0.101887 0.015094 0.022642
13 0.100000 0.114151 0.007547 0.047170
14 0.128302 0.114151 0.018868 0.047170
15 0.165094 0.112264 0.028302 0.043396
16 0.190566 0.111321 0.015094 0.041509
17 0.216981 0.112264 0.026415 0.043396
18 0.248113 0.112264 0.024528 0.043396
19 0.291509 0.111321 0.028302 0.041509
20 0.016038 0.182075 0.024528 0.043396
21 0.055660 0.182075 0.028302 0.043396
22 0.095283 0.182075 0.024528 0.043396
23 0.138679 0.182075 0.028302 0.043396
24 0.168868 0.182075 0.028302 0.043396
25 0.203774 0.176415 0.007547 0.032075
26 0.214151 0.179245 0.009434 0.037736
27 0.249057 0.177358 0.030189 0.033962
28 0.296226 0.167925 0.033962 0.015094
29 0.332075 0.177358 0.030189 0.033962
30 0.013208 0.245283 0.018868 0.045283
31 0.059434 0.245283 0.039623 0.045283
32 0.101887 0.244340 0.033962 0.043396
33 0.134906 0.244340 0.028302 0.043396
34 0.179245 0.244340 0.030189 0.043396
35 0.226415 0.244340 0.033962 0.043396
36 0.259434 0.244340 0.024528 0.043396
37 0.288679 0.244340 0.022642 0.043396
38 0.330189 0.244340 0.033962 0.043396
39 0.365094 0.244340 0.032075 0.043396
40 0.005660 0.308491 0.007547 0.043396
41 0.033962 0.308491 0.018868 0.043396
42 0.064151 0.308491 0.030189 0.043396
43 0.093396 0.308491 0.024528 0.043396
44 0.128302 0.308491 0.041509 0.043396
45 0.166981 0.308491 0.032075 0.043396
46 0.202830 0.308491 0.035849 0.043396
47 0.235849 0.308491 0.026415 0.043396
48 0.270755 0.311321 0.035849 0.049057
49 0.304717 0.308491 0.028302 0.043396
50 0.014151 0.376415 0.024528 0.043396
51 0.047170 0.376415 0.030189 0.043396
52 0.094340 0.376415 0.030189 0.043396
53 0.141509 0.376415 0.033962 0.043396
54 0.184906 0.376415 0.049057 0.043396
55 0.226415 0.376415 0.030189 0.043396
56 0.258491 0.376415 0.030189 0.043396
57 0.291509 0.376415 0.028302 0.043396
58 0.328302 0.380189 0.011321 0.050943
59 0.349057 0.378302 0.018868 0.047170
60 0.007547 0.450000 0.011321 0.050943
61 0.030189 0.454717 0.030189 0.060377
62 0.065094 0.432075 0.032075 0.015094
63 0.088679 0.438679 0.011321 0.028302
64 0.108491 0.440566 0.024528 0.032075
65 0.138679 0.447170 0.028302 0.045283
66 0.166038 0.440566 0.022642 0.032075
67 0.193396 0.447170 0.028302 0.045283
68 0.222642 0.440566 0.026415 0.032075
69 0.262264 0.448113 0.018868 0.047170
70 0.019811 0.526415 0.028302 0.045283
71 0.062264 0.526415 0.026415 0.045283
72 0.083019 0.525472 0.007547 0.043396
73 0.110377 0.532075 0.013208 0.056604
74 0.143396 0.526415 0.026415 0.045283
75 0.175472 0.526415 0.007547 0.045283
76 0.204717 0.519811 0.043396 0.032075
77 0.243396 0.519811 0.026415 0.032075
78 0.274528 0.519811 0.028302 0.032075
79 0.308491 0.526415 0.028302 0.045283
80 0.027358 0.601887 0.028302 0.045283
81 0.062264 0.595283 0.015094 0.032075
82 0.095283 0.595283 0.020755 0.032075
83 0.131132 0.599057 0.016981 0.039623
84 0.166038 0.595283 0.026415 0.032075
85 0.198113 0.595283 0.026415 0.032075
86 0.237736 0.595283 0.041509 0.032075
87 0.286792 0.595283 0.026415 0.032075
88 0.326415 0.601887 0.026415 0.045283
89 0.367925 0.595283 0.022642 0.032075
90 0.009434 0.668868 0.015094 0.050943
91 0.032075 0.675472 0.003774 0.064151
92 0.054717 0.668868 0.015094 0.050943
93 0.092453 0.671698 0.030189 0.056604
