0 0.008491 0.036792 0.005660 0.035849
1 0.024528 0.044340 0.015094 0.050943
2 0.062264 0.037736 0.033962 0.037736
3 0.094340 0.039623 0.022642 0.041509
4 0.130189 0.036792 0.037736 0.035849
5 0.171698 0.036792 0.033962 0.035849
6 0.197170 0.044340 0.005660 0.050943
7 0.207547 0.045283 0.011321 0.052830
8 0.231132 0.044340 0.009434 0.050943
9 0.263208 0.029245 0.020755 0.020755
10 0.020755 0.104717 0.030189 0.028302
11 0.044340 0.104717 0.005660 0.028302
12 0.070755 0.101887 0.016981 0.022642
13 0.084906 0.100000 0.003774 0.018868
14 0.114151 0.109434 0.020755 0.037736
15 0.150000 0.105660 0.024528 0.030189
16 0.184906 0.105660 0.011321 0.030189
17 0.214151 0.105660 0.020755 0.030189
18 0.250000 0.105660 0.020755 0.030189
19 0.278302 0.105660 0.024528 0.030189
20 0.025472 0.163208 0.020755 0.032075
21 0.050943 0.162264 0.022642 0.030189
22 0.085849 0.163208 0.020755 0.032075
23 0.121698 0.162264 0.020755 0.030189
24 0.156604 0.162264 0.022642 0.030189
25 0.186792 0.157547 0.003774 0.020755
26 0.206604 0.160377 0.005660 0.026415
27 0.239623 0.161321 0.030189 0.028302
28 0.283019 0.154717 0.030189 0.015094
29 0.326415 0.161321 0.030189 0.028302
30 0.014151 0.216038 0.016981 0.035849
31 0.063208 0.223585 0.047170 0.050943
32 0.120755 0.215094 0.037736 0.033962
33 0.169811 0.216038 0.030189 0.035849
34 0.216038 0.216038 0.032075 0.035849
35 0.264151 0.216038 0.037736 0.035849
36 0.316038 0.216038 0.032075 0.035849
37 0.361321 0.216038 0.032075 0.035849
38 0.410377 0.216038 0.039623 0.035849
39 0.465094 0.216038 0.039623 0.035849
40 0.021698 0.285849 0.013208 0.035849
41 0.040566 0.285849 0.020755 0.035849
42 0.072642 0.285849 0.035849 0.035849
43 0.112264 0.285849 0.032075 0.035849
44 0.154717 0.285849 0.049057 0.035849
45 0.204717 0.285849 0.039623 0.035849
46 0.255660 0.285849 0.035849 0.035849
47 0.304717 0.285849 0.028302 0.035849
48 0.350000 0.292453 0.035849 0.049057
49 0.389623 0.285849 0.035849 0.035849
50 0.028302 0.353774 0.026415 0.035849
51 0.066038 0.353774 0.037736 0.035849
52 0.108491 0.353774 0.039623 0.035849
53 0.163208 0.353774 0.035849 0.035849
54 0.227358 0.353774 0.058491 0.035849
55 0.289623 0.353774 0.039623 0.035849
56 0.343396 0.353774 0.037736 0.035849
57 0.383019 0.353774 0.030189 0.035849
58 0.413208 0.360377 0.022642 0.049057
59 0.440566 0.355660 0.020755 0.039623
60 0.012264 0.428302 0.020755 0.049057
61 0.049057 0.422642 0.022642 0.037736
62 0.080189 0.411321 0.028302 0.015094
63 0.104717 0.417925 0.009434 0.028302
64 0.122642 0.415094 0.018868 0.022642
65 0.157547 0.422642 0.024528 0.037736
66 0.184906 0.415094 0.018868 0.022642
67 0.221698 0.422642 0.024528 0.037736
68 0.250000 0.415094 0.020755 0.022642
69 0.271698 0.422642 0.018868 0.037736
70 0.027358 0.489623 0.028302 0.035849
71 0.057547 0.490566 0.024528 0.037736
72 0.081132 0.490566 0.011321 0.037736
73 0.095283 0.497170 0.013208 0.050943
74 0.130189 0.490566 0.026415 0.037736
75 0.166981 0.490566 0.013208 0.037736
76 0.200000 0.483019 0.041509 0.022642
77 0.239623 0.483019 0.026415 0.022642
78 0.282075 0.483019 0.024528 0.022642
79 0.311321 0.489623 0.026415 0.035849
80 0.026415 0.559434 0.026415 0.035849
81 0.052830 0.552830 0.018868 0.022642
82 0.071698 0.552830 0.015094 0.022642
83 0.101887 0.556604 0.015094 0.030189
84 0.134906 0.552830 0.024528 0.022642
85 0.172642 0.552830 0.024528 0.022642
86 0.220755 0.551887 0.037736 0.020755
87 0.269811 0.552830 0.026415 0.022642
88 0.299057 0.559434 0.028302 0.035849
89 0.324528 0.552830 0.018868 0.022642
90 0.022642 0.621698 0.015094 0.050943
91 0.034906 0.622642 0.001887 0.052830
92 0.049057 0.621698 0.015094 0.050943
93 0.077358 0.618868 0.030189 0.045283
