94 0.016981 0.030189 0.022642 0.022642
95 0.054717 0.030189 0.022642 0.022642
96 0.080189 0.030189 0.024528 0.022642
97 0.105660 0.030189 0.022642 0.022642
98 0.144340 0.030189 0.024528 0.022642
99 0.173585 0.030189 0.026415 0.022642
100 0.213208 0.030189 0.018868 0.022642
101 0.250000 0.030189 0.020755 0.022642
102 0.286792 0.030189 0.026415 0.022642
103 0.313208 0.030189 0.022642 0.022642
104 0.027358 0.071698 0.024528 0.022642
105 0.074528 0.071698 0.035849 0.022642
106 0.116038 0.076415 0.035849 0.032075
107 0.161321 0.076415 0.028302 0.032075
108 0.204717 0.076415 0.028302 0.032075
109 0.233962 0.076415 0.026415 0.032075
110 0.274528 0.071698 0.028302 0.022642
111 0.319811 0.071698 0.035849 0.022642
112 0.359434 0.071698 0.035849 0.022642
113 0.394340 0.071698 0.022642 0.022642
114 0.016981 0.122642 0.022642 0.022642
115 0.052830 0.122642 0.022642 0.022642
116 0.079245 0.122642 0.026415 0.022642
117 0.120755 0.122642 0.022642 0.022642
118 0.150000 0.122642 0.024528 0.022642
119 0.187736 0.122642 0.024528 0.022642
120 0.226415 0.126415 0.026415 0.030189
121 0.268868 0.122642 0.024528 0.022642
122 0.298113 0.125472 0.026415 0.028302
123 0.327358 0.122642 0.028302 0.022642
124 0.018868 0.174528 0.030189 0.028302
125 0.053774 0.171698 0.028302 0.022642
126 0.086792 0.171698 0.026415 0.022642
127 0.129245 0.171698 0.024528 0.022642
128 0.165094 0.171698 0.020755 0.022642
129 0.192453 0.175472 0.022642 0.030189
130 0.218868 0.170755 0.022642 0.020755
131 0.246226 0.175472 0.028302 0.030189
132 0.273585 0.171698 0.018868 0.022642
133 0.310377 0.172642 0.024528 0.024528
134 0.031132 0.220755 0.028302 0.022642
135 0.059434 0.221698 0.024528 0.024528
136 0.101887 0.220755 0.026415 0.022642
137 0.132075 0.220755 0.030189 0.022642
138 0.164151 0.219811 0.022642 0.020755
139 0.191509 0.220755 0.024528 0.022642
140 0.217925 0.220755 0.020755 0.022642
141 0.251887 0.220755 0.020755 0.022642
142 0.275472 0.214151 0.018868 0.009434
143 0.310377 0.220755 0.016981 0.022642
144 0.016038 0.269811 0.024528 0.033962
145 0.050943 0.256604 0.018868 0.007547
146 0.076415 0.257547 0.020755 0.009434
147 0.111321 0.257547 0.022642 0.009434
148 0.138679 0.257547 0.020755 0.009434
149 0.166038 0.259434 0.007547 0.013208
150 0.195283 0.258491 0.016981 0.011321
151 0.222642 0.254717 0.003774 0.003774
152 0.231132 0.264151 0.009434 0.022642
153 0.249057 0.264151 0.022642 0.022642
154 0.011321 0.325472 0.018868 0.039623
155 0.042453 0.325472 0.013208 0.039623
156 0.059434 0.324528 0.013208 0.037736
157 0.087736 0.320755 0.016981 0.030189
158 0.120755 0.320755 0.018868 0.030189
159 0.143396 0.311321 0.018868 0.011321
160 0.167925 0.308491 0.003774 0.005660
161 0.180189 0.310377 0.013208 0.009434
162 0.200000 0.310377 0.018868 0.009434
163 0.219811 0.310377 0.009434 0.009434
164 0.017925 0.368868 0.009434 0.009434
165 0.042453 0.368868 0.009434 0.009434
166 0.066981 0.370755 0.009434 0.013208
167 0.084906 0.375472 0.022642 0.022642
168 0.113208 0.372642 0.022642 0.016981
169 0.139623 0.373585 0.022642 0.018868
170 0.166038 0.375472 0.026415 0.022642
171 0.207547 0.372642 0.022642 0.016981
172 0.247170 0.375472 0.026415 0.022642
173 0.288679 0.376415 0.026415 0.024528
174 0.026415 0.418868 0.022642 0.022642
175 0.058491 0.418868 0.030189 0.022642
176 0.088679 0.418868 0.026415 0.022642
177 0.133019 0.418868 0.032075 0.022642
178 0.164151 0.418868 0.026415 0.022642
179 0.200943 0.416981 0.035849 0.018868
180 0.245283 0.423585 0.026415 0.032075
