0 0.017925 0.037736 0.005660 0.037736
1 0.034906 0.041509 0.016981 0.045283
2 0.068868 0.036792 0.024528 0.035849
3 0.099057 0.043396 0.024528 0.049057
4 0.147170 0.037736 0.037736 0.037736
5 0.199057 0.037736 0.035849 0.037736
6 0.221698 0.041509 0.005660 0.045283
7 0.232075 0.043396 0.011321 0.049057
8 0.258491 0.043396 0.011321 0.049057
9 0.276415 0.030189 0.020755 0.022642
10 0.016038 0.100943 0.024528 0.028302
11 0.046226 0.112264 0.009434 0.050943
12 0.063208 0.103774 0.013208 0.033962
13 0.086792 0.110377 0.007547 0.047170
14 0.118868 0.111321 0.022642 0.049057
15 0.159434 0.104717 0.024528 0.035849
16 0.188679 0.104717 0.022642 0.035849
17 0.217925 0.104717 0.024528 0.035849
18 0.244340 0.104717 0.024528 0.035849
19 0.270755 0.104717 0.024528 0.035849
20 0.015094 0.174528 0.022642 0.035849
21 0.040566 0.174528 0.024528 0.035849
22 0.066981 0.174528 0.024528 0.035849
23 0.095283 0.174528 0.024528 0.035849
24 0.133019 0.174528 0.024528 0.035849
25 0.164151 0.169811 0.007547 0.026415
26 0.178302 0.173585 0.009434 0.033962
27 0.196226 0.169811 0.022642 0.026415
28 0.236792 0.165094 0.024528 0.016981
29 0.266038 0.169811 0.022642 0.026415
30 0.014151 0.230189 0.020755 0.037736
31 0.059434 0.233962 0.043396 0.045283
32 0.102830 0.229245 0.032075 0.035849
33 0.145283 0.229245 0.026415 0.035849
34 0.175472 0.229245 0.026415 0.035849
35 0.207547 0.229245 0.030189 0.035849
36 0.236792 0.229245 0.020755 0.035849
37 0.261321 0.229245 0.020755 0.035849
38 0.303774 0.229245 0.030189 0.035849
39 0.350000 0.229245 0.028302 0.035849
40 0.009434 0.293396 0.007547 0.035849
41 0.033962 0.293396 0.015094 0.035849
42 0.060377 0.293396 0.026415 0.035849
43 0.098113 0.293396 0.018868 0.035849
44 0.145283 0.293396 0.041509 0.035849
45 0.186792 0.293396 0.030189 0.035849
46 0.235849 0.293396 0.033962 0.035849
47 0.270755 0.293396 0.024528 0.035849
48 0.316981 0.296226 0.037736 0.041509
49 0.362264 0.293396 0.026415 0.035849
50 0.028302 0.353774 0.022642 0.035849
51 0.055660 0.353774 0.028302 0.035849
52 0.100943 0.353774 0.028302 0.035849
53 0.135849 0.353774 0.030189 0.035849
54 0.176415 0.353774 0.047170 0.035849
55 0.219811 0.353774 0.028302 0.035849
56 0.262264 0.353774 0.026415 0.035849
57 0.304717 0.353774 0.024528 0.035849
58 0.335849 0.360377 0.011321 0.049057
59 0.369811 0.360377 0.022642 0.049057
60 0.009434 0.428302 0.011321 0.049057
61 0.031132 0.426415 0.024528 0.045283
62 0.070755 0.426415 0.028302 0.045283
63 0.102830 0.417925 0.009434 0.028302
64 0.122642 0.416981 0.022642 0.026415
65 0.163208 0.422642 0.024528 0.037736
66 0.191509 0.416981 0.020755 0.026415
67 0.229245 0.422642 0.024528 0.037736
68 0.266981 0.416981 0.024528 0.026415
69 0.305660 0.422642 0.018868 0.037736
70 0.027358 0.489623 0.024528 0.035849
71 0.067925 0.490566 0.022642 0.037736
72 0.084906 0.490566 0.007547 0.037736
73 0.096226 0.495283 0.011321 0.047170
74 0.126415 0.490566 0.022642 0.037736
75 0.157547 0.490566 0.005660 0.037736
76 0.182075 0.484906 0.039623 0.026415
77 0.228302 0.484906 0.022642 0.026415
78 0.254717 0.484906 0.026415 0.026415
79 0.282075 0.489623 0.024528 0.035849
80 0.017925 0.555660 0.024528 0.035849
81 0.039623 0.550943 0.015094 0.026415
82 0.062264 0.550943 0.018868 0.026415
83 0.095283 0.554717 0.016981 0.033962
84 0.120755 0.550943 0.022642 0.026415
85 0.146226 0.550943 0.024528 0.026415
86 0.191509 0.550943 0.039623 0.026415
87 0.224528 0.550943 0.022642 0.026415
88 0.251887 0.555660 0.024528 0.035849
89 0.288679 0.550943 0.018868 0.026415
90 0.022642 0.616981 0.015094 0.049057
91 0.039623 0.616981 0.007547 0.049057
92 0.056604 0.616981 0.015094 0.049057
93 0.091509 0.626415 0.024528 0.067925
