0 0.019811 0.038679 0.005660 0.039623
1 0.045283 0.033019 0.011321 0.028302
2 0.078302 0.038679 0.024528 0.039623
3 0.115094 0.041509 0.018868 0.045283
4 0.156604 0.038679 0.033962 0.039623
5 0.209434 0.038679 0.037736 0.039623
6 0.232075 0.035849 0.003774 0.033962
7 0.253774 0.040566 0.009434 0.043396
8 0.278302 0.040566 0.009434 0.043396
9 0.295283 0.027358 0.016981 0.016981
10 0.024528 0.094340 0.022642 0.022642
11 0.050943 0.091509 0.003774 0.016981
12 0.076415 0.088679 0.016981 0.011321
13 0.092453 0.092453 0.003774 0.018868
14 0.121698 0.102830 0.020755 0.039623
15 0.162264 0.102830 0.026415 0.039623
16 0.196226 0.102830 0.007547 0.039623
17 0.225472 0.102830 0.024528 0.039623
18 0.253774 0.103774 0.020755 0.041509
19 0.291509 0.101887 0.024528 0.037736
20 0.012264 0.164151 0.020755 0.041509
21 0.040566 0.163208 0.024528 0.039623
22 0.067925 0.163208 0.022642 0.039623
23 0.097170 0.163208 0.024528 0.039623
24 0.127358 0.164151 0.024528 0.041509
25 0.145283 0.156604 0.003774 0.026415
26 0.163208 0.158491 0.005660 0.030189
27 0.192453 0.154717 0.022642 0.022642
28 0.220755 0.149057 0.022642 0.011321
29 0.260377 0.154717 0.022642 0.022642
30 0.015094 0.223585 0.018868 0.039623
31 0.065094 0.227358 0.047170 0.047170
32 0.123585 0.223585 0.035849 0.039623
33 0.157547 0.223585 0.024528 0.039623
34 0.193396 0.223585 0.035849 0.039623
35 0.232075 0.223585 0.037736 0.039623
36 0.266038 0.223585 0.022642 0.039623
37 0.291509 0.223585 0.020755 0.039623
38 0.324528 0.223585 0.037736 0.039623
39 0.373585 0.223585 0.033962 0.039623
40 0.018868 0.289623 0.007547 0.039623
41 0.041509 0.295283 0.011321 0.050943
42 0.067925 0.289623 0.030189 0.039623
43 0.107547 0.289623 0.022642 0.039623
44 0.158491 0.289623 0.045283 0.039623
45 0.214151 0.289623 0.035849 0.039623
46 0.267925 0.289623 0.041509 0.039623
47 0.302830 0.289623 0.024528 0.039623
48 0.351887 0.296226 0.069811 0.052830
49 0.415094 0.289623 0.030189 0.039623
50 0.022642 0.361321 0.018868 0.039623
51 0.053774 0.361321 0.032075 0.039623
52 0.100000 0.361321 0.033962 0.039623
53 0.149057 0.360377 0.037736 0.037736
54 0.206604 0.361321 0.050943 0.039623
55 0.264151 0.361321 0.033962 0.039623
56 0.303774 0.361321 0.033962 0.039623
57 0.341509 0.361321 0.030189 0.039623
58 0.361321 0.365094 0.005660 0.047170
59 0.389623 0.361321 0.020755 0.039623
60 0.004717 0.431132 0.005660 0.047170
61 0.019811 0.416981 0.020755 0.018868
62 0.059434 0.415094 0.028302 0.015094
63 0.089623 0.416038 0.005660 0.016981
64 0.122642 0.423585 0.033962 0.032075
65 0.168868 0.424528 0.024528 0.033962
66 0.201887 0.424528 0.033962 0.033962
67 0.252830 0.424528 0.033962 0.033962
68 0.298113 0.424528 0.022642 0.033962
69 0.323585 0.424528 0.020755 0.033962
70 0.018868 0.490566 0.033962 0.033962
71 0.065094 0.490566 0.032075 0.033962
72 0.090566 0.490566 0.007547 0.033962
73 0.100943 0.495283 0.009434 0.043396
74 0.135849 0.490566 0.026415 0.033962
75 0.175472 0.490566 0.022642 0.033962
76 0.210377 0.490566 0.043396 0.033962
77 0.266981 0.490566 0.035849 0.033962
78 0.309434 0.490566 0.037736 0.033962
79 0.341509 0.490566 0.022642 0.033962
80 0.044340 0.558491 0.062264 0.045283
81 0.095283 0.552830 0.028302 0.033962
82 0.124528 0.552830 0.018868 0.033962
83 0.162264 0.552830 0.030189 0.033962
84 0.210377 0.552830 0.032075 0.033962
85 0.260377 0.551887 0.033962 0.032075
86 0.316038 0.552830 0.047170 0.033962
87 0.356604 0.552830 0.030189 0.033962
88 0.403774 0.552830 0.030189 0.033962
89 0.436792 0.552830 0.028302 0.033962
90 0.019811 0.623585 0.009434 0.047170
91 0.031132 0.624528 0.001887 0.049057
92 0.040566 0.623585 0.009434 0.047170
93 0.063208 0.622642 0.024528 0.045283
