0 0.017925 0.038679 0.005660 0.039623
1 0.042453 0.050000 0.009434 0.062264
2 0.075472 0.037736 0.052830 0.037736
3 0.116038 0.039623 0.016981 0.041509
4 0.139623 0.040566 0.026415 0.043396
5 0.182075 0.039623 0.024528 0.041509
6 0.213208 0.038679 0.003774 0.039623
7 0.227358 0.046226 0.016981 0.054717
8 0.250000 0.046226 0.016981 0.054717
9 0.268868 0.027358 0.016981 0.016981
10 0.017925 0.111321 0.028302 0.022642
11 0.036792 0.116981 0.005660 0.033962
12 0.063208 0.111321 0.016981 0.022642
13 0.080189 0.114151 0.005660 0.028302
14 0.100000 0.124528 0.026415 0.049057
15 0.137736 0.118868 0.022642 0.037736
16 0.159434 0.119811 0.013208 0.039623
17 0.192453 0.117925 0.018868 0.035849
18 0.230189 0.118868 0.022642 0.037736
19 0.265094 0.118868 0.020755 0.037736
20 0.023585 0.184906 0.020755 0.033962
21 0.060377 0.185849 0.018868 0.035849
22 0.093396 0.183019 0.020755 0.030189
23 0.118868 0.185849 0.022642 0.035849
24 0.140566 0.186792 0.016981 0.037736
25 0.157547 0.178302 0.005660 0.020755
26 0.168868 0.181132 0.005660 0.026415
27 0.185849 0.173585 0.020755 0.011321
28 0.208491 0.172642 0.016981 0.009434
29 0.230189 0.174528 0.018868 0.013208
30 0.012264 0.242453 0.016981 0.035849
31 0.039623 0.238679 0.030189 0.028302
32 0.070755 0.245283 0.024528 0.041509
33 0.097170 0.244340 0.024528 0.039623
34 0.139623 0.241509 0.026415 0.033962
35 0.165094 0.241509 0.016981 0.033962
36 0.201887 0.242453 0.022642 0.035849
37 0.225472 0.247170 0.016981 0.045283
38 0.244340 0.242453 0.016981 0.035849
39 0.265094 0.244340 0.016981 0.039623
40 0.011321 0.308491 0.018868 0.039623
41 0.048113 0.310377 0.028302 0.043396
42 0.076415 0.302830 0.020755 0.028302
43 0.101887 0.309434 0.018868 0.041509
44 0.128302 0.305660 0.026415 0.033962
45 0.168868 0.306604 0.024528 0.035849
46 0.205660 0.303774 0.022642 0.030189
47 0.230189 0.304717 0.018868 0.032075
48 0.267925 0.304717 0.030189 0.032075
49 0.310377 0.309434 0.024528 0.041509
50 0.023585 0.367925 0.016981 0.033962
51 0.059434 0.358491 0.028302 0.015094
52 0.098113 0.366038 0.015094 0.030189
53 0.130189 0.366981 0.022642 0.032075
54 0.170755 0.366981 0.032075 0.032075
55 0.212264 0.368868 0.024528 0.035849
56 0.241509 0.371698 0.026415 0.041509
57 0.272642 0.366038 0.028302 0.030189
58 0.302830 0.380189 0.020755 0.058491
59 0.330189 0.375472 0.026415 0.049057
60 0.028302 0.456604 0.022642 0.056604
61 0.065094 0.449057 0.016981 0.041509
62 0.100943 0.443396 0.028302 0.030189
63 0.120755 0.439623 0.007547 0.022642
64 0.133962 0.436792 0.015094 0.016981
65 0.154717 0.445283 0.015094 0.033962
66 0.174528 0.436792 0.013208 0.016981
67 0.202830 0.445283 0.016981 0.033962
68 0.232075 0.435849 0.015094 0.015094
69 0.263208 0.447170 0.013208 0.037736
70 0.010377 0.518868 0.013208 0.030189
71 0.026415 0.523585 0.015094 0.039623
72 0.039623 0.517925 0.003774 0.028302
73 0.050000 0.525472 0.013208 0.043396
74 0.077358 0.521698 0.015094 0.035849
75 0.091509 0.521698 0.005660 0.035849
76 0.110377 0.513208 0.020755 0.018868
77 0.143396 0.513208 0.015094 0.018868
78 0.174528 0.511321 0.013208 0.015094
79 0.201887 0.519811 0.015094 0.032075
80 0.020755 0.583019 0.015094 0.033962
81 0.049057 0.574528 0.011321 0.016981
82 0.066038 0.576415 0.011321 0.020755
83 0.096226 0.579245 0.015094 0.026415
84 0.116038 0.573585 0.016981 0.015094
85 0.144340 0.576415 0.013208 0.020755
86 0.172642 0.575472 0.016981 0.018868
87 0.205660 0.576415 0.015094 0.020755
88 0.226415 0.581132 0.015094 0.030189
89 0.245283 0.575472 0.018868 0.018868
90 0.011321 0.643396 0.018868 0.049057
91 0.037736 0.642453 0.003774 0.047170
92 0.063208 0.642453 0.013208 0.047170
93 0.080189 0.647170 0.016981 0.056604
