0 0.021698 0.037736 0.016981 0.037736
1 0.055660 0.047170 0.020755 0.056604
2 0.100000 0.037736 0.033962 0.037736
3 0.132075 0.039623 0.026415 0.041509
4 0.167925 0.038679 0.037736 0.039623
5 0.223585 0.037736 0.039623 0.037736
6 0.250000 0.047170 0.009434 0.056604
7 0.269811 0.043396 0.022642 0.049057
8 0.294340 0.043396 0.022642 0.049057
9 0.320755 0.031132 0.022642 0.024528
10 0.016981 0.110377 0.030189 0.032075
11 0.050943 0.122642 0.011321 0.056604
12 0.076415 0.111321 0.013208 0.033962
13 0.104717 0.117925 0.009434 0.047170
14 0.135849 0.114151 0.022642 0.039623
15 0.165094 0.112264 0.024528 0.035849
16 0.190566 0.112264 0.022642 0.035849
17 0.218868 0.112264 0.026415 0.035849
18 0.262264 0.112264 0.026415 0.035849
19 0.305660 0.112264 0.026415 0.035849
20 0.017925 0.188679 0.028302 0.037736
21 0.058491 0.187736 0.026415 0.035849
22 0.097170 0.187736 0.024528 0.035849
23 0.126415 0.187736 0.026415 0.035849
24 0.153774 0.187736 0.024528 0.035849
25 0.184906 0.181132 0.011321 0.022642
26 0.210377 0.185849 0.013208 0.032075
27 0.235849 0.183962 0.030189 0.028302
28 0.283019 0.179245 0.030189 0.018868
29 0.315094 0.183962 0.030189 0.028302
30 0.012264 0.245283 0.020755 0.037736
31 0.059434 0.250943 0.047170 0.049057
32 0.105660 0.245283 0.037736 0.037736
33 0.161321 0.245283 0.039623 0.037736
34 0.201887 0.245283 0.037736 0.037736
35 0.247170 0.245283 0.041509 0.037736
36 0.300000 0.245283 0.037736 0.037736
37 0.343396 0.245283 0.037736 0.037736
38 0.397170 0.245283 0.039623 0.037736
39 0.444340 0.245283 0.047170 0.037736
40 0.026415 0.313208 0.022642 0.037736
41 0.055660 0.316038 0.032075 0.043396
42 0.096226 0.313208 0.041509 0.037736
43 0.135849 0.313208 0.033962 0.037736
44 0.195283 0.313208 0.054717 0.037736
45 0.250000 0.313208 0.043396 0.037736
46 0.306604 0.313208 0.039623 0.037736
47 0.348113 0.313208 0.039623 0.037736
48 0.404717 0.318868 0.039623 0.049057
49 0.446226 0.313208 0.039623 0.037736
50 0.021698 0.381132 0.032075 0.037736
51 0.062264 0.381132 0.037736 0.037736
52 0.103774 0.381132 0.041509 0.037736
53 0.155660 0.381132 0.035849 0.037736
54 0.200943 0.381132 0.050943 0.037736
55 0.264151 0.381132 0.041509 0.037736
56 0.315094 0.381132 0.033962 0.037736
57 0.353774 0.381132 0.035849 0.037736
58 0.389623 0.387736 0.024528 0.050943
59 0.415094 0.382075 0.022642 0.039623
60 0.025472 0.457547 0.024528 0.050943
61 0.051887 0.452830 0.024528 0.041509
62 0.093396 0.447170 0.028302 0.030189
63 0.118868 0.446226 0.011321 0.028302
64 0.152830 0.443396 0.026415 0.022642
65 0.196226 0.450943 0.026415 0.037736
66 0.238679 0.443396 0.024528 0.022642
67 0.272642 0.450943 0.032075 0.037736
68 0.313208 0.443396 0.022642 0.022642
69 0.345283 0.457547 0.037736 0.050943
70 0.017925 0.519811 0.032075 0.035849
71 0.065094 0.520755 0.028302 0.037736
72 0.089623 0.519811 0.013208 0.035849
73 0.115094 0.526415 0.026415 0.049057
74 0.145283 0.520755 0.026415 0.037736
75 0.179245 0.520755 0.015094 0.037736
76 0.221698 0.513208 0.043396 0.022642
77 0.274528 0.513208 0.028302 0.022642
78 0.316981 0.513208 0.026415 0.022642
79 0.352830 0.519811 0.033962 0.035849
80 0.017925 0.587736 0.028302 0.035849
81 0.045283 0.581132 0.022642 0.022642
82 0.072642 0.581132 0.020755 0.022642
83 0.108491 0.583962 0.016981 0.028302
84 0.144340 0.581132 0.028302 0.022642
85 0.173585 0.581132 0.026415 0.022642
86 0.208491 0.581132 0.039623 0.022642
87 0.256604 0.581132 0.026415 0.022642
88 0.299057 0.587736 0.032075 0.035849
89 0.344340 0.581132 0.024528 0.022642
90 0.011321 0.649057 0.015094 0.049057
91 0.038679 0.650000 0.005660 0.050943
92 0.050943 0.649057 0.015094 0.049057
93 0.090566 0.658491 0.030189 0.067925
