94 0.021698 0.030189 0.016981 0.022642
95 0.053774 0.030189 0.016981 0.022642
96 0.083962 0.030189 0.016981 0.022642
97 0.104717 0.030189 0.016981 0.022642
98 0.127358 0.030189 0.016981 0.022642
99 0.161321 0.030189 0.020755 0.022642
100 0.190566 0.030189 0.011321 0.022642
101 0.210377 0.030189 0.016981 0.022642
102 0.244340 0.030189 0.020755 0.022642
103 0.277358 0.031132 0.018868 0.024528
104 0.013208 0.074528 0.018868 0.024528
105 0.039623 0.073585 0.026415 0.022642
106 0.081132 0.078302 0.026415 0.032075
107 0.110377 0.078302 0.020755 0.032075
108 0.133019 0.078302 0.020755 0.032075
109 0.164151 0.078302 0.015094 0.032075
110 0.184906 0.073585 0.022642 0.022642
111 0.214151 0.073585 0.028302 0.022642
112 0.245283 0.073585 0.030189 0.022642
113 0.283962 0.073585 0.016981 0.022642
114 0.023585 0.124528 0.016981 0.022642
115 0.057547 0.124528 0.016981 0.022642
116 0.080189 0.124528 0.020755 0.022642
117 0.113208 0.124528 0.015094 0.022642
118 0.133019 0.124528 0.020755 0.022642
119 0.167925 0.124528 0.018868 0.022642
120 0.201887 0.129245 0.018868 0.032075
121 0.236792 0.124528 0.016981 0.022642
122 0.268868 0.129245 0.016981 0.032075
123 0.289623 0.124528 0.020755 0.022642
124 0.027358 0.180189 0.020755 0.032075
125 0.065094 0.175472 0.020755 0.022642
126 0.100000 0.175472 0.018868 0.022642
127 0.131132 0.175472 0.016981 0.022642
128 0.161321 0.175472 0.013208 0.022642
129 0.193396 0.180189 0.016981 0.032075
130 0.225472 0.175472 0.016981 0.022642
131 0.246226 0.180189 0.020755 0.032075
132 0.277358 0.175472 0.015094 0.022642
133 0.309434 0.177358 0.018868 0.026415
134 0.026415 0.226415 0.018868 0.022642
135 0.059434 0.226415 0.016981 0.022642
136 0.083962 0.226415 0.020755 0.022642
137 0.110377 0.226415 0.024528 0.022642
138 0.144340 0.226415 0.016981 0.022642
139 0.166981 0.227358 0.016981 0.024528
140 0.185849 0.226415 0.013208 0.022642
141 0.212264 0.225472 0.013208 0.020755
142 0.232075 0.217925 0.015094 0.005660
143 0.252830 0.226415 0.015094 0.022642
144 0.015094 0.274528 0.026415 0.032075
145 0.041509 0.261321 0.015094 0.005660
146 0.060377 0.261321 0.015094 0.005660
147 0.078302 0.262264 0.016981 0.007547
148 0.100000 0.262264 0.015094 0.007547
149 0.112264 0.261321 0.005660 0.005660
150 0.134906 0.264151 0.009434 0.011321
151 0.157547 0.260377 0.001887 0.003774
152 0.177358 0.269811 0.007547 0.022642
153 0.203774 0.269811 0.015094 0.022642
154 0.011321 0.326415 0.015094 0.033962
155 0.041509 0.326415 0.015094 0.033962
156 0.069811 0.326415 0.015094 0.033962
157 0.088679 0.325472 0.015094 0.032075
158 0.105660 0.325472 0.015094 0.032075
159 0.124528 0.313208 0.011321 0.007547
160 0.132075 0.309434 0.000000 0.000000
161 0.141509 0.313208 0.011321 0.007547
162 0.168868 0.312264 0.013208 0.005660
163 0.184906 0.310377 0.007547 0.001887
164 0.007547 0.366981 0.007547 0.009434
165 0.027358 0.365094 0.005660 0.005660
166 0.036792 0.366981 0.009434 0.009434
167 0.054717 0.369811 0.015094 0.015094
168 0.072642 0.370755 0.016981 0.016981
169 0.091509 0.371698 0.016981 0.018868
170 0.116038 0.371698 0.020755 0.018868
171 0.140566 0.370755 0.020755 0.016981
172 0.175472 0.370755 0.018868 0.016981
173 0.211321 0.372642 0.018868 0.020755
174 0.024528 0.411321 0.018868 0.018868
175 0.062264 0.411321 0.022642 0.018868
176 0.100000 0.410377 0.018868 0.016981
177 0.123585 0.410377 0.020755 0.016981
178 0.157547 0.413208 0.020755 0.022642
179 0.190566 0.409434 0.033962 0.015094
180 0.228302 0.416038 0.015094 0.028302
