94 0.010377 0.031132 0.016981 0.024528
95 0.031132 0.031132 0.016981 0.024528
96 0.050000 0.031132 0.016981 0.024528
97 0.070755 0.031132 0.016981 0.024528
98 0.104717 0.031132 0.020755 0.024528
99 0.128302 0.031132 0.018868 0.024528
100 0.147170 0.031132 0.011321 0.024528
101 0.173585 0.031132 0.015094 0.024528
102 0.197170 0.031132 0.020755 0.024528
103 0.217925 0.031132 0.016981 0.024528
104 0.026415 0.074528 0.018868 0.024528
105 0.066038 0.074528 0.026415 0.024528
106 0.094340 0.078302 0.026415 0.032075
107 0.132075 0.078302 0.018868 0.032075
108 0.154717 0.078302 0.018868 0.032075
109 0.178302 0.077358 0.016981 0.030189
110 0.208491 0.074528 0.016981 0.024528
111 0.237736 0.074528 0.033962 0.024528
112 0.284906 0.074528 0.030189 0.024528
113 0.314151 0.074528 0.016981 0.024528
114 0.028302 0.126415 0.022642 0.026415
115 0.050000 0.125472 0.016981 0.024528
116 0.082075 0.126415 0.016981 0.026415
117 0.114151 0.125472 0.016981 0.024528
118 0.147170 0.125472 0.018868 0.024528
119 0.171698 0.125472 0.018868 0.024528
120 0.194340 0.130189 0.018868 0.033962
121 0.231132 0.125472 0.024528 0.024528
122 0.268868 0.129245 0.024528 0.032075
123 0.297170 0.125472 0.024528 0.024528
124 0.025472 0.182075 0.024528 0.032075
125 0.048113 0.178302 0.016981 0.024528
126 0.066981 0.178302 0.016981 0.024528
127 0.088679 0.178302 0.018868 0.024528
128 0.107547 0.178302 0.011321 0.024528
129 0.125472 0.182075 0.016981 0.032075
130 0.155660 0.179245 0.016981 0.026415
131 0.187736 0.182075 0.016981 0.032075
132 0.206604 0.178302 0.016981 0.024528
133 0.228302 0.180189 0.018868 0.028302
134 0.011321 0.229245 0.018868 0.024528
135 0.031132 0.231132 0.016981 0.028302
136 0.050000 0.229245 0.016981 0.024528
137 0.087736 0.233019 0.024528 0.032075
138 0.123585 0.230189 0.020755 0.026415
139 0.150000 0.231132 0.020755 0.028302
140 0.171698 0.229245 0.015094 0.024528
141 0.187736 0.226415 0.013208 0.018868
142 0.204717 0.219811 0.016981 0.005660
143 0.224528 0.229245 0.011321 0.024528
144 0.026415 0.284906 0.022642 0.033962
145 0.050000 0.269811 0.016981 0.003774
146 0.070755 0.270755 0.016981 0.005660
147 0.104717 0.271698 0.016981 0.007547
148 0.138679 0.270755 0.016981 0.005660
149 0.156604 0.272642 0.007547 0.009434
150 0.183962 0.272642 0.016981 0.009434
151 0.213208 0.270755 0.007547 0.005660
152 0.236792 0.280189 0.005660 0.024528
153 0.249057 0.280189 0.015094 0.024528
154 0.011321 0.340566 0.011321 0.039623
155 0.036792 0.340566 0.013208 0.039623
156 0.052830 0.342453 0.011321 0.043396
157 0.081132 0.334906 0.011321 0.028302
158 0.109434 0.333019 0.015094 0.024528
159 0.138679 0.325472 0.013208 0.009434
160 0.150943 0.323585 0.003774 0.005660
161 0.171698 0.323585 0.011321 0.005660
162 0.184906 0.323585 0.011321 0.005660
163 0.210377 0.325472 0.009434 0.009434
164 0.012264 0.385849 0.013208 0.005660
165 0.026415 0.385849 0.007547 0.005660
166 0.042453 0.388679 0.020755 0.011321
167 0.065094 0.393396 0.020755 0.020755
168 0.100000 0.396226 0.018868 0.026415
169 0.130189 0.395283 0.011321 0.024528
170 0.161321 0.396226 0.016981 0.026415
171 0.179245 0.395283 0.015094 0.024528
172 0.200000 0.395283 0.018868 0.024528
173 0.229245 0.395283 0.013208 0.024528
174 0.010377 0.441509 0.016981 0.026415
175 0.029245 0.440566 0.016981 0.024528
176 0.059434 0.441509 0.016981 0.026415
177 0.093396 0.440566 0.016981 0.024528
178 0.126415 0.440566 0.022642 0.024528
179 0.178302 0.437736 0.054717 0.018868
180 0.220755 0.447170 0.026415 0.037736
