94 0.013208 0.029245 0.015094 0.020755
95 0.043396 0.030189 0.011321 0.022642
96 0.058491 0.029245 0.015094 0.020755
97 0.088679 0.029245 0.015094 0.020755
98 0.116981 0.029245 0.015094 0.020755
99 0.139623 0.030189 0.018868 0.022642
100 0.156604 0.030189 0.011321 0.022642
101 0.183962 0.029245 0.013208 0.020755
102 0.213208 0.030189 0.015094 0.022642
103 0.245283 0.033962 0.015094 0.030189
104 0.014151 0.083019 0.016981 0.030189
105 0.036792 0.078302 0.024528 0.020755
106 0.074528 0.083019 0.024528 0.030189
107 0.099057 0.083019 0.016981 0.030189
108 0.120755 0.083019 0.018868 0.030189
109 0.152830 0.083019 0.015094 0.030189
110 0.173585 0.079245 0.018868 0.022642
111 0.197170 0.079245 0.024528 0.022642
112 0.237736 0.079245 0.022642 0.022642
113 0.258491 0.079245 0.015094 0.022642
114 0.009434 0.128302 0.015094 0.022642
115 0.028302 0.127358 0.015094 0.020755
116 0.059434 0.128302 0.016981 0.022642
117 0.078302 0.127358 0.013208 0.020755
118 0.095283 0.128302 0.013208 0.022642
119 0.125472 0.128302 0.013208 0.022642
120 0.155660 0.130189 0.013208 0.026415
121 0.173585 0.127358 0.015094 0.020755
122 0.192453 0.130189 0.015094 0.026415
123 0.215094 0.128302 0.018868 0.022642
124 0.011321 0.175472 0.018868 0.026415
125 0.033019 0.173585 0.016981 0.022642
126 0.063208 0.173585 0.016981 0.022642
127 0.084906 0.173585 0.015094 0.022642
128 0.114151 0.173585 0.013208 0.022642
129 0.143396 0.175472 0.015094 0.026415
130 0.165094 0.173585 0.016981 0.022642
131 0.199057 0.175472 0.016981 0.026415
132 0.226415 0.173585 0.011321 0.022642
133 0.245283 0.175472 0.015094 0.026415
134 0.024528 0.218868 0.015094 0.022642
135 0.046226 0.221698 0.016981 0.028302
136 0.068868 0.217925 0.016981 0.020755
137 0.100000 0.223585 0.018868 0.032075
138 0.129245 0.217925 0.013208 0.020755
139 0.160377 0.221698 0.015094 0.028302
140 0.175472 0.217925 0.011321 0.020755
141 0.186792 0.216038 0.007547 0.016981
142 0.198113 0.210377 0.007547 0.005660
143 0.224528 0.217925 0.011321 0.020755
144 0.023585 0.273585 0.020755 0.030189
145 0.054717 0.262264 0.015094 0.007547
146 0.084906 0.262264 0.015094 0.007547
147 0.115094 0.263208 0.018868 0.009434
148 0.135849 0.263208 0.018868 0.009434
149 0.160377 0.262264 0.003774 0.007547
150 0.181132 0.263208 0.007547 0.009434
151 0.188679 0.260377 0.003774 0.003774
152 0.210377 0.268868 0.005660 0.020755
153 0.226415 0.268868 0.015094 0.020755
154 0.011321 0.322642 0.015094 0.030189
155 0.028302 0.322642 0.011321 0.030189
156 0.045283 0.322642 0.011321 0.030189
157 0.060377 0.320755 0.011321 0.026415
158 0.084906 0.317925 0.011321 0.020755
159 0.100943 0.314151 0.013208 0.013208
160 0.111321 0.310377 0.003774 0.005660
161 0.133962 0.312264 0.011321 0.009434
162 0.162264 0.313208 0.015094 0.011321
163 0.190566 0.313208 0.011321 0.011321
164 0.018868 0.362264 0.011321 0.011321
165 0.044340 0.360377 0.009434 0.007547
166 0.074528 0.361321 0.016981 0.009434
167 0.108491 0.365094 0.016981 0.016981
168 0.144340 0.365094 0.020755 0.016981
169 0.178302 0.366981 0.020755 0.020755
170 0.204717 0.367925 0.024528 0.022642
171 0.243396 0.365094 0.018868 0.016981
172 0.268868 0.368868 0.020755 0.024528
173 0.291509 0.368868 0.020755 0.024528
174 0.013208 0.411321 0.018868 0.022642
175 0.037736 0.413208 0.026415 0.026415
176 0.066981 0.412264 0.020755 0.024528
177 0.092453 0.413208 0.026415 0.026415
178 0.121698 0.411321 0.024528 0.022642
179 0.174528 0.409434 0.047170 0.018868
180 0.213208 0.416981 0.018868 0.033962
