94 0.025472 0.030189 0.020755 0.022642
95 0.060377 0.030189 0.018868 0.022642
96 0.084906 0.030189 0.018868 0.022642
97 0.109434 0.030189 0.022642 0.022642
98 0.133962 0.030189 0.022642 0.022642
99 0.161321 0.030189 0.020755 0.022642
100 0.181132 0.030189 0.015094 0.022642
101 0.210377 0.030189 0.016981 0.022642
102 0.233962 0.030189 0.022642 0.022642
103 0.271698 0.030189 0.018868 0.022642
104 0.026415 0.071698 0.018868 0.022642
105 0.064151 0.071698 0.030189 0.022642
106 0.107547 0.073585 0.030189 0.026415
107 0.150000 0.074528 0.020755 0.028302
108 0.172642 0.074528 0.020755 0.028302
109 0.209434 0.075472 0.018868 0.030189
110 0.245283 0.071698 0.022642 0.022642
111 0.275472 0.072642 0.030189 0.024528
112 0.323585 0.071698 0.032075 0.022642
113 0.364151 0.071698 0.022642 0.022642
114 0.028302 0.120755 0.022642 0.022642
115 0.065094 0.120755 0.020755 0.022642
116 0.101887 0.120755 0.022642 0.022642
117 0.137736 0.120755 0.018868 0.022642
118 0.162264 0.120755 0.022642 0.022642
119 0.186792 0.120755 0.022642 0.022642
120 0.215094 0.122642 0.022642 0.026415
121 0.252830 0.120755 0.018868 0.022642
122 0.286792 0.122642 0.018868 0.026415
123 0.314151 0.120755 0.024528 0.022642
124 0.025472 0.167925 0.024528 0.026415
125 0.063208 0.166038 0.020755 0.022642
126 0.088679 0.166038 0.022642 0.022642
127 0.124528 0.166038 0.018868 0.022642
128 0.144340 0.166038 0.013208 0.022642
129 0.165094 0.167925 0.020755 0.026415
130 0.190566 0.166038 0.018868 0.022642
131 0.216038 0.167925 0.020755 0.026415
132 0.246226 0.166038 0.013208 0.022642
133 0.267925 0.167925 0.022642 0.026415
134 0.016038 0.211321 0.024528 0.022642
135 0.041509 0.211321 0.018868 0.022642
136 0.075472 0.211321 0.022642 0.022642
137 0.100000 0.211321 0.022642 0.022642
138 0.122642 0.211321 0.018868 0.022642
139 0.154717 0.211321 0.018868 0.022642
140 0.177358 0.211321 0.015094 0.022642
141 0.210377 0.211321 0.016981 0.022642
142 0.233962 0.204717 0.018868 0.009434
143 0.250943 0.211321 0.011321 0.022642
144 0.023585 0.258491 0.020755 0.033962
145 0.056604 0.244340 0.018868 0.005660
146 0.088679 0.244340 0.018868 0.005660
147 0.123585 0.245283 0.020755 0.007547
148 0.158491 0.244340 0.018868 0.005660
149 0.175472 0.246226 0.007547 0.009434
150 0.202830 0.246226 0.013208 0.009434
151 0.217925 0.244340 0.005660 0.005660
152 0.240566 0.252830 0.009434 0.022642
153 0.261321 0.252830 0.020755 0.022642
154 0.009434 0.309434 0.015094 0.030189
155 0.041509 0.309434 0.015094 0.030189
156 0.057547 0.308491 0.013208 0.028302
157 0.075472 0.307547 0.011321 0.026415
158 0.103774 0.307547 0.015094 0.026415
159 0.125472 0.299057 0.016981 0.009434
160 0.150000 0.297170 0.005660 0.005660
161 0.164151 0.298113 0.011321 0.007547
162 0.178302 0.298113 0.013208 0.007547
163 0.194340 0.298113 0.007547 0.007547
164 0.024528 0.347170 0.015094 0.007547
165 0.050943 0.347170 0.007547 0.007547
166 0.081132 0.349057 0.018868 0.011321
167 0.104717 0.351887 0.016981 0.016981
168 0.135849 0.352830 0.018868 0.018868
169 0.158491 0.352830 0.022642 0.018868
170 0.197170 0.355660 0.020755 0.024528
171 0.233962 0.352830 0.018868 0.018868
172 0.267925 0.356604 0.022642 0.026415
173 0.295283 0.355660 0.020755 0.024528
174 0.013208 0.401887 0.018868 0.026415
175 0.052830 0.401887 0.026415 0.026415
176 0.081132 0.400943 0.022642 0.024528
177 0.106604 0.400943 0.024528 0.024528
178 0.134906 0.400000 0.024528 0.022642
179 0.191509 0.400000 0.054717 0.022642
180 0.244340 0.407547 0.024528 0.037736
