94 0.027358 0.034906 0.020755 0.032075
95 0.063208 0.034906 0.020755 0.032075
96 0.087736 0.033962 0.020755 0.030189
97 0.114151 0.034906 0.020755 0.032075
98 0.150943 0.034906 0.022642 0.032075
99 0.175472 0.033962 0.022642 0.030189
100 0.212264 0.034906 0.020755 0.032075
101 0.248113 0.034906 0.020755 0.032075
102 0.274528 0.034906 0.020755 0.032075
103 0.297170 0.034906 0.020755 0.032075
104 0.028302 0.084906 0.022642 0.030189
105 0.069811 0.085849 0.033962 0.032075
106 0.105660 0.090566 0.033962 0.041509
107 0.135849 0.091509 0.022642 0.043396
108 0.160377 0.091509 0.022642 0.043396
109 0.186792 0.091509 0.022642 0.043396
110 0.215094 0.085849 0.022642 0.032075
111 0.258491 0.085849 0.033962 0.032075
112 0.296226 0.085849 0.033962 0.032075
113 0.326415 0.085849 0.022642 0.032075
114 0.023585 0.148113 0.020755 0.032075
115 0.050000 0.148113 0.020755 0.032075
116 0.076415 0.148113 0.020755 0.032075
117 0.114151 0.148113 0.020755 0.032075
118 0.150000 0.147170 0.020755 0.030189
119 0.174528 0.147170 0.020755 0.030189
120 0.200943 0.152830 0.020755 0.041509
121 0.224528 0.148113 0.022642 0.032075
122 0.249057 0.152830 0.022642 0.041509
123 0.289623 0.147170 0.028302 0.030189
124 0.017925 0.213208 0.028302 0.041509
125 0.058491 0.208491 0.022642 0.032075
126 0.083962 0.207547 0.020755 0.030189
127 0.117925 0.208491 0.020755 0.032075
128 0.143396 0.208491 0.018868 0.032075
129 0.165094 0.214151 0.020755 0.043396
130 0.187736 0.208491 0.020755 0.032075
131 0.224528 0.214151 0.022642 0.043396
132 0.258491 0.208491 0.018868 0.032075
133 0.283019 0.208491 0.022642 0.032075
134 0.025472 0.269811 0.024528 0.030189
135 0.050943 0.270755 0.022642 0.032075
136 0.089623 0.269811 0.020755 0.030189
137 0.116038 0.274528 0.028302 0.039623
138 0.143396 0.270755 0.022642 0.032075
139 0.167925 0.270755 0.022642 0.032075
140 0.194340 0.270755 0.018868 0.032075
141 0.224528 0.266981 0.011321 0.024528
142 0.243396 0.258491 0.015094 0.007547
143 0.260377 0.270755 0.015094 0.032075
144 0.028302 0.335849 0.030189 0.045283
145 0.056604 0.315094 0.018868 0.003774
146 0.088679 0.317925 0.018868 0.009434
147 0.113208 0.317925 0.018868 0.009434
148 0.135849 0.317925 0.018868 0.009434
149 0.164151 0.318868 0.007547 0.011321
150 0.190566 0.318868 0.015094 0.011321
151 0.204717 0.316981 0.005660 0.007547
152 0.216038 0.328302 0.009434 0.030189
153 0.246226 0.328302 0.024528 0.030189
154 0.024528 0.400943 0.015094 0.047170
155 0.055660 0.400943 0.013208 0.047170
156 0.072642 0.400943 0.013208 0.047170
157 0.103774 0.399057 0.015094 0.043396
158 0.136792 0.399057 0.020755 0.043396
159 0.156604 0.383019 0.015094 0.011321
160 0.182075 0.383019 0.005660 0.011321
161 0.208491 0.383019 0.013208 0.011321
162 0.225472 0.383019 0.016981 0.011321
163 0.244340 0.383019 0.009434 0.011321
164 0.022642 0.448113 0.011321 0.009434
165 0.050000 0.449057 0.009434 0.011321
166 0.073585 0.449057 0.011321 0.011321
167 0.104717 0.456604 0.020755 0.026415
168 0.138679 0.456604 0.020755 0.026415
169 0.164151 0.456604 0.018868 0.026415
170 0.188679 0.459434 0.022642 0.032075
171 0.227358 0.456604 0.020755 0.026415
172 0.264151 0.459434 0.018868 0.032075
173 0.299057 0.460377 0.020755 0.033962
174 0.015094 0.512264 0.018868 0.032075
175 0.040566 0.512264 0.028302 0.032075
176 0.082075 0.512264 0.020755 0.032075
177 0.104717 0.512264 0.020755 0.032075
178 0.133962 0.512264 0.030189 0.032075
179 0.168868 0.506604 0.035849 0.020755
180 0.201887 0.519811 0.018868 0.047170
