0 0.020755 0.036792 0.011321 0.035849
1 0.037736 0.041509 0.015094 0.045283
2 0.074528 0.038679 0.032075 0.039623
3 0.103774 0.037736 0.022642 0.037736
4 0.137736 0.036792 0.033962 0.035849
5 0.191509 0.037736 0.043396 0.037736
6 0.220755 0.041509 0.007547 0.045283
7 0.247170 0.045283 0.018868 0.052830
8 0.269811 0.045283 0.018868 0.052830
9 0.306604 0.030189 0.020755 0.022642
10 0.018868 0.105660 0.030189 0.030189
11 0.051887 0.107547 0.005660 0.033962
12 0.068868 0.101887 0.016981 0.022642
13 0.096226 0.100000 0.003774 0.018868
14 0.126415 0.110377 0.030189 0.039623
15 0.159434 0.104717 0.024528 0.028302
16 0.194340 0.103774 0.015094 0.026415
17 0.218868 0.104717 0.026415 0.028302
18 0.259434 0.104717 0.024528 0.028302
19 0.288679 0.104717 0.026415 0.028302
20 0.016981 0.164151 0.026415 0.030189
21 0.047170 0.163208 0.026415 0.028302
22 0.083962 0.165094 0.020755 0.032075
23 0.118868 0.163208 0.022642 0.028302
24 0.144340 0.163208 0.024528 0.028302
25 0.164151 0.159434 0.007547 0.020755
26 0.176415 0.163208 0.009434 0.028302
27 0.201887 0.161321 0.030189 0.024528
28 0.235849 0.156604 0.030189 0.015094
29 0.269811 0.163208 0.030189 0.028302
30 0.024528 0.218868 0.018868 0.037736
31 0.059434 0.224528 0.047170 0.049057
32 0.107547 0.217925 0.037736 0.035849
33 0.146226 0.217925 0.035849 0.035849
34 0.195283 0.217925 0.032075 0.035849
35 0.249057 0.217925 0.041509 0.035849
36 0.302830 0.217925 0.035849 0.035849
37 0.356604 0.217925 0.037736 0.035849
38 0.395283 0.217925 0.035849 0.035849
39 0.440566 0.217925 0.047170 0.035849
40 0.015094 0.285849 0.022642 0.035849
41 0.059434 0.285849 0.032075 0.035849
42 0.110377 0.285849 0.039623 0.035849
43 0.161321 0.285849 0.035849 0.035849
44 0.210377 0.285849 0.054717 0.035849
45 0.278302 0.285849 0.047170 0.035849
46 0.333019 0.285849 0.035849 0.035849
47 0.386792 0.285849 0.037736 0.035849
48 0.427358 0.293396 0.035849 0.050943
49 0.475472 0.285849 0.033962 0.035849
50 0.028302 0.355660 0.030189 0.035849
51 0.076415 0.355660 0.035849 0.035849
52 0.129245 0.355660 0.035849 0.035849
53 0.180189 0.354717 0.035849 0.033962
54 0.242453 0.355660 0.054717 0.035849
55 0.295283 0.355660 0.039623 0.035849
56 0.335849 0.355660 0.037736 0.035849
57 0.377358 0.355660 0.033962 0.035849
58 0.415094 0.363208 0.030189 0.050943
59 0.437736 0.357547 0.011321 0.039623
60 0.017925 0.432075 0.028302 0.049057
61 0.047170 0.426415 0.022642 0.037736
62 0.077358 0.422642 0.030189 0.030189
63 0.113208 0.424528 0.007547 0.033962
64 0.145283 0.418868 0.022642 0.022642
65 0.183019 0.426415 0.018868 0.037736
66 0.214151 0.418868 0.016981 0.022642
67 0.240566 0.426415 0.028302 0.037736
68 0.276415 0.418868 0.016981 0.022642
69 0.321698 0.433962 0.039623 0.052830
70 0.021698 0.498113 0.032075 0.037736
71 0.052830 0.498113 0.022642 0.037736
72 0.083962 0.498113 0.013208 0.037736
73 0.109434 0.505660 0.026415 0.052830
74 0.150000 0.498113 0.020755 0.037736
75 0.180189 0.498113 0.013208 0.037736
76 0.208491 0.490566 0.035849 0.022642
77 0.238679 0.490566 0.020755 0.022642
78 0.263208 0.490566 0.020755 0.022642
79 0.304717 0.501887 0.028302 0.045283
80 0.016981 0.569811 0.022642 0.037736
81 0.054717 0.562264 0.018868 0.022642
82 0.084906 0.562264 0.015094 0.022642
83 0.102830 0.566981 0.013208 0.032075
84 0.123585 0.562264 0.020755 0.022642
85 0.150943 0.562264 0.022642 0.022642
86 0.195283 0.562264 0.035849 0.022642
87 0.232075 0.562264 0.026415 0.022642
88 0.271698 0.569811 0.026415 0.037736
89 0.299057 0.562264 0.024528 0.022642
90 0.013208 0.633019 0.015094 0.050943
91 0.038679 0.633962 0.001887 0.052830
92 0.064151 0.633019 0.015094 0.050943
93 0.099057 0.630189 0.028302 0.045283
