0 0.006604 0.038679 0.005660 0.039623
1 0.029245 0.038679 0.013208 0.039623
2 0.067925 0.040566 0.033962 0.043396
3 0.099057 0.039623 0.020755 0.041509
4 0.132075 0.035849 0.037736 0.033962
5 0.182075 0.038679 0.035849 0.039623
6 0.219811 0.038679 0.005660 0.039623
7 0.232075 0.043396 0.015094 0.049057
8 0.251887 0.043396 0.016981 0.049057
9 0.282075 0.028302 0.016981 0.018868
10 0.015094 0.099057 0.018868 0.024528
11 0.046226 0.106604 0.009434 0.039623
12 0.062264 0.103774 0.018868 0.033962
13 0.092453 0.105660 0.007547 0.037736
14 0.104717 0.108491 0.013208 0.043396
15 0.128302 0.103774 0.030189 0.033962
16 0.153774 0.103774 0.013208 0.033962
17 0.177358 0.103774 0.026415 0.033962
18 0.216981 0.103774 0.022642 0.033962
19 0.256604 0.103774 0.026415 0.033962
20 0.025472 0.166038 0.024528 0.033962
21 0.063208 0.166038 0.024528 0.033962
22 0.089623 0.166038 0.024528 0.033962
23 0.129245 0.166038 0.024528 0.033962
24 0.155660 0.166038 0.024528 0.033962
25 0.188679 0.160377 0.007547 0.022642
26 0.210377 0.163208 0.009434 0.028302
27 0.238679 0.161321 0.016981 0.024528
28 0.270755 0.154717 0.020755 0.011321
29 0.304717 0.160377 0.016981 0.022642
30 0.011321 0.220755 0.018868 0.037736
31 0.052830 0.221698 0.030189 0.039623
32 0.102830 0.221698 0.035849 0.039623
33 0.150000 0.221698 0.028302 0.039623
34 0.196226 0.221698 0.030189 0.039623
35 0.233019 0.221698 0.032075 0.039623
36 0.274528 0.221698 0.024528 0.039623
37 0.304717 0.221698 0.024528 0.039623
38 0.339623 0.221698 0.033962 0.039623
39 0.379245 0.221698 0.033962 0.039623
40 0.017925 0.280189 0.005660 0.039623
41 0.027358 0.282075 0.009434 0.043396
42 0.052830 0.280189 0.030189 0.039623
43 0.085849 0.280189 0.024528 0.039623
44 0.120755 0.280189 0.037736 0.039623
45 0.158491 0.280189 0.033962 0.039623
46 0.200000 0.280189 0.037736 0.039623
47 0.235849 0.280189 0.030189 0.039623
48 0.286792 0.283962 0.037736 0.047170
49 0.323585 0.280189 0.028302 0.039623
50 0.025472 0.346226 0.020755 0.039623
51 0.055660 0.346226 0.028302 0.039623
52 0.088679 0.346226 0.030189 0.039623
53 0.136792 0.346226 0.032075 0.039623
54 0.189623 0.346226 0.047170 0.039623
55 0.233019 0.346226 0.028302 0.039623
56 0.267925 0.346226 0.030189 0.039623
57 0.297170 0.346226 0.024528 0.039623
58 0.320755 0.350943 0.015094 0.049057
59 0.351887 0.348113 0.013208 0.043396
60 0.011321 0.418868 0.015094 0.049057
61 0.035849 0.415094 0.022642 0.041509
62 0.065094 0.416981 0.024528 0.045283
63 0.099057 0.408491 0.013208 0.028302
64 0.136792 0.407547 0.028302 0.026415
65 0.166981 0.414151 0.028302 0.039623
66 0.194340 0.407547 0.018868 0.026415
67 0.218868 0.414151 0.026415 0.039623
68 0.246226 0.407547 0.024528 0.026415
69 0.268868 0.415094 0.016981 0.041509
70 0.017925 0.479245 0.024528 0.033962
71 0.059434 0.482075 0.024528 0.039623
72 0.081132 0.481132 0.007547 0.037736
73 0.096226 0.484906 0.011321 0.045283
74 0.120755 0.483019 0.026415 0.041509
75 0.142453 0.482075 0.005660 0.039623
76 0.172642 0.475472 0.043396 0.026415
77 0.208491 0.475472 0.024528 0.026415
78 0.250943 0.475472 0.026415 0.026415
79 0.283962 0.480189 0.028302 0.035849
80 0.017925 0.544340 0.028302 0.035849
81 0.053774 0.539623 0.016981 0.026415
82 0.083962 0.539623 0.013208 0.026415
83 0.116981 0.544340 0.018868 0.035849
84 0.151887 0.539623 0.024528 0.026415
85 0.189623 0.539623 0.024528 0.026415
86 0.226415 0.539623 0.037736 0.026415
87 0.272642 0.539623 0.020755 0.026415
88 0.308491 0.544340 0.024528 0.035849
89 0.333019 0.539623 0.020755 0.026415
90 0.021698 0.605660 0.016981 0.049057
91 0.034906 0.602830 0.005660 0.043396
92 0.047170 0.605660 0.015094 0.049057
93 0.070755 0.603774 0.024528 0.045283
