94 0.025472 0.029245 0.016981 0.020755
95 0.055660 0.030189 0.013208 0.022642
96 0.084906 0.030189 0.018868 0.022642
97 0.116981 0.030189 0.018868 0.022642
98 0.152830 0.030189 0.018868 0.022642
99 0.189623 0.030189 0.020755 0.022642
100 0.211321 0.030189 0.011321 0.022642
101 0.240566 0.030189 0.013208 0.022642
102 0.257547 0.030189 0.013208 0.022642
103 0.276415 0.030189 0.013208 0.022642
104 0.023585 0.071698 0.020755 0.022642
105 0.052830 0.071698 0.026415 0.022642
106 0.092453 0.076415 0.026415 0.032075
107 0.133019 0.076415 0.020755 0.032075
108 0.171698 0.076415 0.022642 0.032075
109 0.207547 0.076415 0.018868 0.032075
110 0.230189 0.071698 0.022642 0.022642
111 0.256604 0.070755 0.022642 0.020755
112 0.293396 0.071698 0.024528 0.022642
113 0.326415 0.071698 0.015094 0.022642
114 0.009434 0.122642 0.015094 0.022642
115 0.030189 0.121698 0.015094 0.020755
116 0.060377 0.122642 0.018868 0.022642
117 0.080189 0.122642 0.016981 0.022642
118 0.099057 0.121698 0.016981 0.020755
119 0.131132 0.122642 0.016981 0.022642
120 0.154717 0.128302 0.018868 0.033962
121 0.178302 0.122642 0.020755 0.022642
122 0.201887 0.127358 0.022642 0.032075
123 0.238679 0.122642 0.016981 0.022642
124 0.016038 0.181132 0.020755 0.033962
125 0.039623 0.174528 0.018868 0.020755
126 0.075472 0.175472 0.018868 0.022642
127 0.097170 0.175472 0.016981 0.022642
128 0.130189 0.172642 0.015094 0.016981
129 0.149057 0.179245 0.015094 0.030189
130 0.178302 0.173585 0.016981 0.018868
131 0.200000 0.179245 0.015094 0.030189
132 0.225472 0.175472 0.009434 0.022642
133 0.255660 0.175472 0.020755 0.022642
134 0.025472 0.228302 0.016981 0.022642
135 0.059434 0.227358 0.020755 0.020755
136 0.084906 0.225472 0.018868 0.016981
137 0.106604 0.228302 0.016981 0.022642
138 0.127358 0.228302 0.016981 0.022642
139 0.150000 0.228302 0.016981 0.022642
140 0.167925 0.226415 0.015094 0.018868
141 0.184906 0.226415 0.015094 0.018868
142 0.212264 0.219811 0.013208 0.005660
143 0.224528 0.227358 0.007547 0.020755
144 0.026415 0.273585 0.022642 0.030189
145 0.060377 0.262264 0.015094 0.007547
146 0.083019 0.262264 0.018868 0.007547
147 0.114151 0.262264 0.016981 0.007547
148 0.135849 0.262264 0.018868 0.007547
149 0.148113 0.262264 0.001887 0.007547
150 0.168868 0.263208 0.009434 0.009434
151 0.178302 0.259434 0.001887 0.001887
152 0.186792 0.267925 0.003774 0.018868
153 0.212264 0.268868 0.013208 0.020755
154 0.022642 0.325472 0.015094 0.035849
155 0.053774 0.325472 0.013208 0.035849
156 0.066981 0.325472 0.009434 0.035849
157 0.079245 0.322642 0.007547 0.030189
158 0.107547 0.320755 0.015094 0.026415
159 0.123585 0.312264 0.013208 0.009434
160 0.134906 0.308491 0.001887 0.001887
161 0.151887 0.310377 0.005660 0.005660
162 0.170755 0.308491 0.001887 0.001887
163 0.188679 0.309434 0.007547 0.003774
164 0.004717 0.364151 0.005660 0.003774
165 0.025472 0.366038 0.009434 0.007547
166 0.040566 0.368868 0.009434 0.013208
167 0.070755 0.371698 0.020755 0.018868
168 0.095283 0.370755 0.016981 0.016981
169 0.115094 0.369811 0.018868 0.015094
170 0.136792 0.371698 0.020755 0.018868
171 0.160377 0.369811 0.018868 0.015094
172 0.183962 0.371698 0.020755 0.018868
173 0.221698 0.371698 0.020755 0.018868
174 0.026415 0.410377 0.018868 0.020755
175 0.064151 0.408491 0.022642 0.016981
176 0.090566 0.408491 0.018868 0.016981
177 0.116038 0.408491 0.020755 0.016981
178 0.140566 0.410377 0.016981 0.020755
179 0.167925 0.406604 0.033962 0.013208
180 0.198113 0.415094 0.018868 0.030189
