94 0.014151 0.030189 0.016981 0.022642
95 0.047170 0.030189 0.018868 0.022642
96 0.083962 0.030189 0.020755 0.022642
97 0.109434 0.030189 0.018868 0.022642
98 0.130189 0.030189 0.018868 0.022642
99 0.154717 0.030189 0.022642 0.022642
100 0.174528 0.030189 0.013208 0.022642
101 0.192453 0.030189 0.015094 0.022642
102 0.216038 0.030189 0.024528 0.022642
103 0.244340 0.031132 0.020755 0.024528
104 0.028302 0.074528 0.022642 0.024528
105 0.056604 0.073585 0.026415 0.022642
106 0.084906 0.079245 0.026415 0.033962
107 0.110377 0.079245 0.020755 0.033962
108 0.136792 0.079245 0.020755 0.033962
109 0.161321 0.080189 0.016981 0.035849
110 0.194340 0.073585 0.022642 0.022642
111 0.221698 0.073585 0.028302 0.022642
112 0.265094 0.073585 0.032075 0.022642
113 0.303774 0.073585 0.018868 0.022642
114 0.011321 0.128302 0.018868 0.022642
115 0.034906 0.128302 0.016981 0.022642
116 0.066981 0.128302 0.020755 0.022642
117 0.086792 0.128302 0.015094 0.022642
118 0.109434 0.128302 0.026415 0.022642
119 0.146226 0.128302 0.020755 0.022642
120 0.172642 0.133019 0.020755 0.032075
121 0.207547 0.128302 0.018868 0.022642
122 0.232075 0.133019 0.018868 0.032075
123 0.269811 0.128302 0.026415 0.022642
124 0.018868 0.183962 0.026415 0.032075
125 0.059434 0.179245 0.020755 0.022642
126 0.084906 0.179245 0.018868 0.022642
127 0.108491 0.179245 0.016981 0.022642
128 0.138679 0.179245 0.016981 0.022642
129 0.172642 0.183962 0.016981 0.032075
130 0.202830 0.178302 0.016981 0.020755
131 0.234906 0.183962 0.020755 0.032075
132 0.267925 0.179245 0.015094 0.022642
133 0.300943 0.180189 0.020755 0.024528
134 0.018868 0.230189 0.026415 0.022642
135 0.054717 0.231132 0.018868 0.024528
136 0.081132 0.230189 0.022642 0.022642
137 0.121698 0.234906 0.028302 0.032075
138 0.159434 0.230189 0.016981 0.022642
139 0.193396 0.230189 0.016981 0.022642
140 0.224528 0.230189 0.018868 0.022642
141 0.254717 0.229245 0.015094 0.020755
142 0.286792 0.223585 0.015094 0.009434
143 0.303774 0.230189 0.011321 0.022642
144 0.026415 0.286792 0.022642 0.033962
145 0.050000 0.274528 0.016981 0.009434
146 0.082075 0.275472 0.016981 0.011321
147 0.116038 0.276415 0.016981 0.013208
148 0.148113 0.276415 0.016981 0.013208
149 0.172642 0.275472 0.005660 0.011321
150 0.194340 0.275472 0.011321 0.011321
151 0.208491 0.273585 0.005660 0.007547
152 0.218868 0.280189 0.007547 0.020755
153 0.247170 0.280189 0.018868 0.020755
154 0.014151 0.343396 0.016981 0.041509
155 0.033962 0.343396 0.018868 0.041509
156 0.068868 0.343396 0.016981 0.041509
157 0.100000 0.338679 0.011321 0.032075
158 0.127358 0.338679 0.016981 0.032075
159 0.156604 0.329245 0.015094 0.013208
160 0.179245 0.325472 0.003774 0.005660
161 0.194340 0.327358 0.015094 0.009434
162 0.213208 0.328302 0.015094 0.011321
163 0.239623 0.326415 0.007547 0.007547
164 0.006604 0.390566 0.009434 0.015094
165 0.030189 0.387736 0.007547 0.009434
166 0.043396 0.389623 0.015094 0.013208
167 0.068868 0.397170 0.028302 0.028302
168 0.098113 0.392453 0.018868 0.018868
169 0.120755 0.392453 0.018868 0.018868
170 0.143396 0.393396 0.022642 0.020755
171 0.165094 0.391509 0.016981 0.016981
172 0.198113 0.393396 0.022642 0.020755
173 0.224528 0.395283 0.022642 0.024528
174 0.026415 0.441509 0.018868 0.022642
175 0.052830 0.440566 0.022642 0.020755
176 0.081132 0.440566 0.022642 0.020755
177 0.110377 0.440566 0.024528 0.020755
178 0.148113 0.441509 0.024528 0.022642
179 0.200943 0.441509 0.054717 0.022642
180 0.251887 0.442453 0.013208 0.024528
