94 0.016981 0.030189 0.022642 0.022642
95 0.042453 0.030189 0.016981 0.022642
96 0.073585 0.030189 0.018868 0.022642
97 0.110377 0.030189 0.020755 0.022642
98 0.135849 0.031132 0.022642 0.024528
99 0.177358 0.030189 0.026415 0.022642
100 0.211321 0.030189 0.015094 0.022642
101 0.231132 0.031132 0.016981 0.024528
102 0.257547 0.036792 0.024528 0.035849
103 0.295283 0.032075 0.024528 0.026415
104 0.013208 0.086792 0.022642 0.026415
105 0.057547 0.084906 0.032075 0.022642
106 0.096226 0.087736 0.033962 0.028302
107 0.133019 0.089623 0.028302 0.032075
108 0.168868 0.090566 0.032075 0.033962
109 0.200000 0.090566 0.026415 0.033962
110 0.237736 0.084906 0.022642 0.022642
111 0.270755 0.084906 0.035849 0.022642
112 0.317925 0.085849 0.032075 0.024528
113 0.360377 0.085849 0.022642 0.024528
114 0.027358 0.137736 0.024528 0.022642
115 0.065094 0.137736 0.020755 0.022642
116 0.088679 0.137736 0.022642 0.022642
117 0.115094 0.137736 0.022642 0.022642
118 0.139623 0.137736 0.018868 0.022642
119 0.166038 0.137736 0.022642 0.022642
120 0.195283 0.139623 0.024528 0.026415
121 0.233019 0.137736 0.024528 0.022642
122 0.264151 0.141509 0.026415 0.030189
123 0.307547 0.138679 0.026415 0.024528
124 0.017925 0.190566 0.028302 0.030189
125 0.060377 0.186792 0.026415 0.022642
126 0.089623 0.186792 0.024528 0.022642
127 0.119811 0.186792 0.024528 0.022642
128 0.156604 0.186792 0.022642 0.022642
129 0.193396 0.190566 0.020755 0.030189
130 0.220755 0.186792 0.022642 0.022642
131 0.261321 0.191509 0.024528 0.032075
132 0.283019 0.186792 0.015094 0.022642
133 0.306604 0.187736 0.028302 0.024528
134 0.027358 0.238679 0.024528 0.024528
135 0.060377 0.239623 0.030189 0.026415
136 0.092453 0.237736 0.026415 0.022642
137 0.135849 0.247170 0.033962 0.041509
138 0.179245 0.237736 0.018868 0.022642
139 0.215094 0.240566 0.022642 0.028302
140 0.248113 0.238679 0.013208 0.024528
141 0.263208 0.237736 0.013208 0.022642
142 0.291509 0.230189 0.016981 0.007547
143 0.319811 0.238679 0.013208 0.024528
144 0.024528 0.304717 0.018868 0.035849
145 0.058491 0.288679 0.018868 0.003774
146 0.079245 0.289623 0.018868 0.005660
147 0.116038 0.290566 0.020755 0.007547
148 0.152830 0.290566 0.022642 0.007547
149 0.182075 0.292453 0.005660 0.011321
150 0.199057 0.293396 0.016981 0.013208
151 0.228302 0.289623 0.007547 0.005660
152 0.253774 0.297170 0.009434 0.020755
153 0.272642 0.297170 0.016981 0.020755
154 0.030189 0.360377 0.026415 0.037736
155 0.056604 0.364151 0.018868 0.045283
156 0.082075 0.363208 0.028302 0.043396
157 0.109434 0.358491 0.015094 0.033962
158 0.137736 0.357547 0.015094 0.032075
159 0.156604 0.347170 0.015094 0.011321
160 0.169811 0.345283 0.003774 0.007547
161 0.182075 0.345283 0.016981 0.007547
162 0.201887 0.346226 0.015094 0.009434
163 0.215094 0.345283 0.007547 0.007547
164 0.020755 0.407547 0.011321 0.003774
165 0.046226 0.408491 0.005660 0.005660
166 0.055660 0.409434 0.005660 0.007547
167 0.071698 0.416038 0.022642 0.020755
168 0.094340 0.418868 0.018868 0.026415
169 0.114151 0.419811 0.009434 0.028302
170 0.130189 0.418868 0.018868 0.026415
171 0.166038 0.418868 0.018868 0.026415
172 0.201887 0.418868 0.018868 0.026415
173 0.238679 0.418868 0.020755 0.026415
174 0.023585 0.466038 0.016981 0.026415
175 0.055660 0.466038 0.020755 0.026415
176 0.090566 0.466038 0.018868 0.026415
177 0.114151 0.466981 0.016981 0.028302
178 0.149057 0.465094 0.018868 0.024528
179 0.179245 0.458491 0.033962 0.011321
180 0.207547 0.471698 0.018868 0.037736
