0 0.012264 0.036792 0.013208 0.035849
1 0.042453 0.041509 0.013208 0.045283
2 0.081132 0.039623 0.033962 0.041509
3 0.112264 0.040566 0.020755 0.043396
4 0.157547 0.037736 0.035849 0.037736
5 0.194340 0.036792 0.033962 0.035849
6 0.218868 0.041509 0.003774 0.045283
7 0.243396 0.039623 0.011321 0.041509
8 0.271698 0.039623 0.011321 0.041509
9 0.289623 0.028302 0.013208 0.018868
10 0.018868 0.098113 0.030189 0.030189
11 0.055660 0.108491 0.009434 0.050943
12 0.071698 0.100000 0.015094 0.033962
13 0.097170 0.101887 0.005660 0.037736
14 0.123585 0.102830 0.020755 0.039623
15 0.149057 0.100943 0.026415 0.035849
16 0.174528 0.100943 0.016981 0.035849
17 0.200943 0.101887 0.024528 0.037736
18 0.229245 0.100943 0.024528 0.035849
19 0.260377 0.100943 0.026415 0.035849
20 0.015094 0.171698 0.022642 0.037736
21 0.044340 0.170755 0.024528 0.035849
22 0.069811 0.171698 0.022642 0.037736
23 0.108491 0.170755 0.024528 0.035849
24 0.148113 0.170755 0.024528 0.035849
25 0.176415 0.165094 0.005660 0.024528
26 0.187736 0.170755 0.009434 0.035849
27 0.222642 0.166981 0.030189 0.028302
28 0.267925 0.161321 0.030189 0.016981
29 0.313208 0.166981 0.030189 0.028302
30 0.028302 0.227358 0.022642 0.035849
31 0.076415 0.235849 0.047170 0.052830
32 0.122642 0.227358 0.033962 0.035849
33 0.158491 0.227358 0.026415 0.035849
34 0.201887 0.227358 0.030189 0.035849
35 0.236792 0.227358 0.035849 0.035849
36 0.272642 0.229245 0.024528 0.039623
37 0.301887 0.228302 0.022642 0.037736
38 0.332075 0.227358 0.033962 0.035849
39 0.368868 0.227358 0.035849 0.035849
40 0.010377 0.299057 0.013208 0.035849
41 0.030189 0.305660 0.018868 0.049057
42 0.061321 0.299057 0.032075 0.035849
43 0.091509 0.300000 0.024528 0.037736
44 0.130189 0.300000 0.049057 0.037736
45 0.174528 0.299057 0.035849 0.035849
46 0.228302 0.299057 0.037736 0.035849
47 0.277358 0.299057 0.026415 0.035849
48 0.326415 0.304717 0.037736 0.047170
49 0.377358 0.299057 0.030189 0.035849
50 0.013208 0.366981 0.018868 0.035849
51 0.053774 0.367925 0.028302 0.037736
52 0.091509 0.366981 0.035849 0.035849
53 0.127358 0.366981 0.032075 0.035849
54 0.173585 0.366981 0.052830 0.035849
55 0.233962 0.366981 0.033962 0.035849
56 0.268868 0.366981 0.032075 0.035849
57 0.301887 0.367925 0.030189 0.037736
58 0.338679 0.371698 0.009434 0.045283
59 0.355660 0.368868 0.020755 0.039623
60 0.007547 0.435849 0.007547 0.045283
61 0.026415 0.432075 0.022642 0.037736
62 0.057547 0.428302 0.028302 0.030189
63 0.089623 0.427358 0.005660 0.028302
64 0.106604 0.425472 0.024528 0.024528
65 0.134906 0.433962 0.028302 0.041509
66 0.163208 0.425472 0.020755 0.024528
67 0.190566 0.433019 0.026415 0.039623
68 0.229245 0.425472 0.020755 0.024528
69 0.253774 0.433019 0.016981 0.039623
70 0.019811 0.495283 0.028302 0.035849
71 0.053774 0.497170 0.028302 0.039623
72 0.075472 0.497170 0.011321 0.039623
73 0.100943 0.502830 0.013208 0.050943
74 0.133962 0.497170 0.026415 0.039623
75 0.167925 0.497170 0.011321 0.039623
76 0.207547 0.489623 0.041509 0.024528
77 0.255660 0.489623 0.028302 0.024528
78 0.285849 0.489623 0.024528 0.024528
79 0.316981 0.495283 0.026415 0.035849
80 0.028302 0.566038 0.026415 0.037736
81 0.067925 0.559434 0.018868 0.024528
82 0.100943 0.559434 0.016981 0.024528
83 0.119811 0.564151 0.013208 0.033962
84 0.142453 0.559434 0.028302 0.024528
85 0.186792 0.559434 0.026415 0.024528
86 0.234906 0.559434 0.043396 0.024528
87 0.283019 0.559434 0.026415 0.024528
88 0.313208 0.565094 0.026415 0.035849
89 0.350000 0.560377 0.020755 0.026415
90 0.009434 0.630189 0.015094 0.052830
91 0.033019 0.629245 0.001887 0.050943
92 0.045283 0.630189 0.015094 0.052830
93 0.069811 0.632075 0.030189 0.056604
