0 0.021698 0.036792 0.009434 0.035849
1 0.047170 0.050000 0.015094 0.062264
2 0.074528 0.036792 0.028302 0.035849
3 0.102830 0.041509 0.016981 0.045283
4 0.127358 0.036792 0.024528 0.035849
5 0.161321 0.036792 0.032075 0.035849
6 0.193396 0.050000 0.005660 0.062264
7 0.219811 0.045283 0.016981 0.052830
8 0.240566 0.046226 0.016981 0.054717
9 0.265094 0.030189 0.020755 0.022642
10 0.016038 0.111321 0.020755 0.022642
11 0.046226 0.122642 0.009434 0.045283
12 0.073585 0.111321 0.011321 0.022642
13 0.087736 0.118868 0.005660 0.037736
14 0.112264 0.123585 0.016981 0.047170
15 0.133962 0.115094 0.022642 0.030189
16 0.154717 0.115094 0.011321 0.030189
17 0.173585 0.115094 0.018868 0.030189
18 0.209434 0.120755 0.022642 0.041509
19 0.233962 0.119811 0.022642 0.039623
20 0.016038 0.185849 0.020755 0.039623
21 0.043396 0.184906 0.022642 0.037736
22 0.081132 0.185849 0.022642 0.039623
23 0.120755 0.183962 0.022642 0.035849
24 0.160377 0.186792 0.022642 0.041509
25 0.191509 0.179245 0.009434 0.026415
26 0.203774 0.183019 0.011321 0.033962
27 0.223585 0.179245 0.020755 0.026415
28 0.260377 0.173585 0.022642 0.015094
29 0.297170 0.180189 0.020755 0.028302
30 0.022642 0.244340 0.015094 0.035849
31 0.070755 0.253774 0.047170 0.054717
32 0.125472 0.244340 0.032075 0.035849
33 0.170755 0.244340 0.024528 0.035849
34 0.199057 0.244340 0.024528 0.035849
35 0.242453 0.244340 0.028302 0.035849
36 0.283962 0.244340 0.024528 0.035849
37 0.314151 0.244340 0.024528 0.035849
38 0.343396 0.244340 0.026415 0.035849
39 0.374528 0.244340 0.028302 0.035849
40 0.010377 0.317925 0.009434 0.035849
41 0.028302 0.317925 0.018868 0.035849
42 0.067925 0.317925 0.026415 0.035849
43 0.106604 0.317925 0.020755 0.035849
44 0.139623 0.317925 0.037736 0.035849
45 0.188679 0.317925 0.030189 0.035849
46 0.223585 0.317925 0.032075 0.035849
47 0.269811 0.317925 0.026415 0.035849
48 0.312264 0.323585 0.032075 0.047170
49 0.343396 0.317925 0.026415 0.035849
50 0.028302 0.383962 0.022642 0.035849
51 0.066981 0.383962 0.024528 0.035849
52 0.096226 0.383962 0.030189 0.035849
53 0.128302 0.383962 0.030189 0.035849
54 0.174528 0.383962 0.050943 0.035849
55 0.230189 0.383962 0.030189 0.035849
56 0.265094 0.383962 0.028302 0.035849
57 0.293396 0.383962 0.024528 0.035849
58 0.330189 0.393396 0.018868 0.054717
59 0.360377 0.389623 0.007547 0.047170
60 0.023585 0.466981 0.016981 0.054717
61 0.048113 0.462264 0.024528 0.045283
62 0.078302 0.454717 0.028302 0.030189
63 0.110377 0.453774 0.009434 0.028302
64 0.128302 0.452830 0.022642 0.026415
65 0.165094 0.459434 0.024528 0.039623
66 0.200943 0.452830 0.020755 0.026415
67 0.239623 0.459434 0.026415 0.039623
68 0.279245 0.452830 0.022642 0.026415
69 0.313208 0.466038 0.018868 0.052830
70 0.029245 0.534906 0.028302 0.043396
71 0.060377 0.533019 0.022642 0.039623
72 0.092453 0.531132 0.007547 0.035849
73 0.116981 0.537736 0.011321 0.049057
74 0.135849 0.533019 0.022642 0.039623
75 0.156604 0.533019 0.007547 0.039623
76 0.194340 0.526415 0.037736 0.026415
77 0.237736 0.526415 0.022642 0.026415
78 0.265094 0.526415 0.024528 0.026415
79 0.305660 0.533019 0.026415 0.039623
80 0.027358 0.600943 0.024528 0.039623
81 0.061321 0.594340 0.016981 0.026415
82 0.082075 0.594340 0.016981 0.026415
83 0.112264 0.598113 0.016981 0.033962
84 0.137736 0.594340 0.022642 0.026415
85 0.177358 0.594340 0.022642 0.026415
86 0.209434 0.594340 0.037736 0.026415
87 0.244340 0.594340 0.024528 0.026415
88 0.285849 0.600943 0.024528 0.039623
89 0.321698 0.594340 0.020755 0.026415
90 0.022642 0.666981 0.018868 0.054717
91 0.039623 0.668868 0.003774 0.058491
92 0.064151 0.666981 0.018868 0.054717
93 0.090566 0.667925 0.026415 0.056604
