94 0.013208 0.030189 0.022642 0.022642
95 0.048113 0.030189 0.020755 0.022642
96 0.075472 0.030189 0.022642 0.022642
97 0.104717 0.030189 0.024528 0.022642
98 0.145283 0.030189 0.026415 0.022642
99 0.177358 0.030189 0.030189 0.022642
100 0.206604 0.030189 0.020755 0.022642
101 0.230189 0.030189 0.022642 0.022642
102 0.266981 0.030189 0.024528 0.022642
103 0.306604 0.031132 0.024528 0.024528
104 0.018868 0.074528 0.026415 0.024528
105 0.055660 0.073585 0.035849 0.022642
106 0.093396 0.079245 0.035849 0.033962
107 0.142453 0.080189 0.032075 0.035849
108 0.181132 0.080189 0.033962 0.035849
109 0.230189 0.079245 0.030189 0.033962
110 0.265094 0.073585 0.028302 0.022642
111 0.301887 0.073585 0.037736 0.022642
112 0.356604 0.073585 0.037736 0.022642
113 0.400943 0.073585 0.024528 0.022642
114 0.015094 0.128302 0.026415 0.022642
115 0.045283 0.128302 0.022642 0.022642
116 0.085849 0.128302 0.024528 0.022642
117 0.123585 0.128302 0.024528 0.022642
118 0.164151 0.128302 0.022642 0.022642
119 0.204717 0.128302 0.024528 0.022642
120 0.247170 0.135849 0.030189 0.037736
121 0.290566 0.128302 0.026415 0.022642
122 0.320755 0.135849 0.030189 0.037736
123 0.362264 0.128302 0.026415 0.022642
124 0.020755 0.192453 0.030189 0.037736
125 0.054717 0.184906 0.026415 0.022642
126 0.099057 0.184906 0.028302 0.022642
127 0.143396 0.183962 0.026415 0.020755
128 0.181132 0.184906 0.022642 0.022642
129 0.221698 0.190566 0.024528 0.033962
130 0.263208 0.184906 0.024528 0.022642
131 0.290566 0.190566 0.026415 0.033962
132 0.326415 0.184906 0.018868 0.022642
133 0.355660 0.185849 0.028302 0.024528
134 0.018868 0.241509 0.026415 0.022642
135 0.061321 0.242453 0.028302 0.024528
136 0.094340 0.241509 0.026415 0.022642
137 0.126415 0.242453 0.030189 0.024528
138 0.159434 0.241509 0.024528 0.022642
139 0.186792 0.241509 0.026415 0.022642
140 0.224528 0.241509 0.018868 0.022642
141 0.261321 0.241509 0.024528 0.022642
142 0.299057 0.234906 0.020755 0.009434
143 0.320755 0.241509 0.018868 0.022642
144 0.019811 0.291509 0.028302 0.035849
145 0.061321 0.277358 0.020755 0.007547
146 0.099057 0.278302 0.024528 0.009434
147 0.128302 0.278302 0.022642 0.009434
148 0.155660 0.278302 0.024528 0.009434
149 0.174528 0.279245 0.009434 0.011321
150 0.191509 0.279245 0.016981 0.011321
151 0.219811 0.276415 0.005660 0.005660
152 0.239623 0.284906 0.007547 0.022642
153 0.269811 0.284906 0.022642 0.022642
154 0.023585 0.347170 0.016981 0.037736
155 0.053774 0.347170 0.016981 0.037736
156 0.071698 0.347170 0.015094 0.037736
157 0.101887 0.345283 0.018868 0.033962
158 0.127358 0.345283 0.020755 0.033962
159 0.150943 0.335849 0.018868 0.015094
160 0.166038 0.332075 0.003774 0.007547
161 0.193396 0.333019 0.016981 0.009434
162 0.224528 0.333019 0.018868 0.009434
163 0.244340 0.333019 0.009434 0.009434
164 0.009434 0.391509 0.015094 0.013208
165 0.023585 0.389623 0.009434 0.009434
166 0.048113 0.391509 0.013208 0.013208
167 0.083962 0.396226 0.024528 0.022642
168 0.114151 0.394340 0.024528 0.018868
169 0.157547 0.397170 0.028302 0.024528
170 0.189623 0.397170 0.032075 0.024528
171 0.234906 0.394340 0.032075 0.018868
172 0.281132 0.398113 0.030189 0.026415
173 0.326415 0.398113 0.033962 0.026415
174 0.019811 0.443396 0.028302 0.026415
175 0.055660 0.443396 0.035849 0.026415
176 0.095283 0.443396 0.032075 0.026415
177 0.129245 0.443396 0.032075 0.026415
178 0.175472 0.441509 0.030189 0.022642
179 0.233019 0.439623 0.054717 0.018868
180 0.293396 0.447170 0.032075 0.033962
