0 0.020755 0.037736 0.011321 0.037736
1 0.035849 0.041509 0.015094 0.045283
2 0.072642 0.036792 0.028302 0.035849
3 0.100943 0.043396 0.024528 0.049057
4 0.144340 0.038679 0.035849 0.039623
5 0.193396 0.037736 0.032075 0.037736
6 0.225472 0.041509 0.005660 0.045283
7 0.241509 0.043396 0.015094 0.049057
8 0.271698 0.043396 0.015094 0.049057
9 0.305660 0.029245 0.018868 0.020755
10 0.017925 0.100000 0.024528 0.026415
11 0.051887 0.109434 0.009434 0.045283
12 0.065094 0.098113 0.013208 0.022642
13 0.076415 0.100943 0.005660 0.028302
14 0.111321 0.111321 0.030189 0.049057
15 0.141509 0.104717 0.026415 0.035849
16 0.179245 0.104717 0.018868 0.035849
17 0.214151 0.104717 0.024528 0.035849
18 0.240566 0.104717 0.024528 0.035849
19 0.266981 0.104717 0.024528 0.035849
20 0.029245 0.172642 0.024528 0.035849
21 0.070755 0.172642 0.024528 0.035849
22 0.112264 0.172642 0.024528 0.035849
23 0.154717 0.172642 0.026415 0.035849
24 0.196226 0.172642 0.026415 0.035849
25 0.216038 0.167925 0.009434 0.026415
26 0.243396 0.172642 0.015094 0.035849
27 0.279245 0.166981 0.026415 0.024528
28 0.319811 0.162264 0.024528 0.015094
29 0.359434 0.166981 0.024528 0.024528
30 0.026415 0.228302 0.018868 0.037736
31 0.059434 0.231132 0.043396 0.043396
32 0.100000 0.227358 0.030189 0.035849
33 0.129245 0.227358 0.024528 0.035849
34 0.168868 0.227358 0.028302 0.035849
35 0.215094 0.227358 0.030189 0.035849
36 0.259434 0.227358 0.024528 0.035849
37 0.286792 0.227358 0.026415 0.035849
38 0.319811 0.227358 0.032075 0.035849
39 0.368868 0.227358 0.032075 0.035849
40 0.009434 0.289623 0.011321 0.035849
41 0.037736 0.289623 0.018868 0.035849
42 0.077358 0.289623 0.030189 0.035849
43 0.102830 0.289623 0.016981 0.035849
44 0.135849 0.289623 0.045283 0.035849
45 0.192453 0.289623 0.033962 0.035849
46 0.231132 0.289623 0.032075 0.035849
47 0.277358 0.289623 0.026415 0.035849
48 0.323585 0.291509 0.032075 0.039623
49 0.369811 0.289623 0.026415 0.035849
50 0.029245 0.348113 0.024528 0.035849
51 0.056604 0.348113 0.026415 0.035849
52 0.099057 0.348113 0.032075 0.035849
53 0.135849 0.348113 0.030189 0.035849
54 0.189623 0.348113 0.047170 0.035849
55 0.231132 0.348113 0.032075 0.035849
56 0.276415 0.348113 0.024528 0.035849
57 0.306604 0.348113 0.028302 0.035849
58 0.344340 0.353774 0.016981 0.047170
59 0.364151 0.353774 0.011321 0.047170
60 0.011321 0.419811 0.018868 0.047170
61 0.048113 0.416981 0.020755 0.041509
62 0.078302 0.411321 0.028302 0.030189
63 0.098113 0.410377 0.007547 0.028302
64 0.131132 0.409434 0.024528 0.026415
65 0.161321 0.415094 0.024528 0.037736
66 0.197170 0.409434 0.020755 0.026415
67 0.227358 0.415094 0.028302 0.037736
68 0.256604 0.409434 0.022642 0.026415
69 0.285849 0.419811 0.028302 0.047170
70 0.025472 0.480189 0.024528 0.035849
71 0.051887 0.481132 0.024528 0.037736
72 0.086792 0.481132 0.011321 0.037736
73 0.116981 0.485849 0.018868 0.047170
74 0.151887 0.481132 0.024528 0.037736
75 0.175472 0.481132 0.011321 0.037736
76 0.214151 0.475472 0.039623 0.026415
77 0.261321 0.475472 0.024528 0.026415
78 0.300943 0.475472 0.024528 0.026415
79 0.339623 0.480189 0.026415 0.035849
80 0.014151 0.546226 0.024528 0.035849
81 0.037736 0.541509 0.018868 0.026415
82 0.061321 0.541509 0.020755 0.026415
83 0.083019 0.545283 0.015094 0.033962
84 0.103774 0.541509 0.022642 0.026415
85 0.142453 0.541509 0.020755 0.026415
86 0.183962 0.541509 0.035849 0.026415
87 0.227358 0.541509 0.024528 0.026415
88 0.264151 0.546226 0.022642 0.035849
89 0.302830 0.541509 0.020755 0.026415
90 0.021698 0.607547 0.016981 0.049057
91 0.038679 0.606604 0.013208 0.047170
92 0.059434 0.607547 0.016981 0.049057
93 0.085849 0.611321 0.024528 0.056604
