94 0.025472 0.029245 0.024528 0.020755
95 0.050943 0.029245 0.022642 0.020755
96 0.088679 0.029245 0.022642 0.020755
97 0.118868 0.029245 0.030189 0.020755
98 0.163208 0.029245 0.028302 0.020755
99 0.194340 0.029245 0.026415 0.020755
100 0.220755 0.029245 0.018868 0.020755
101 0.245283 0.029245 0.022642 0.020755
102 0.286792 0.029245 0.026415 0.020755
103 0.328302 0.030189 0.026415 0.022642
104 0.016038 0.071698 0.028302 0.022642
105 0.053774 0.070755 0.039623 0.020755
106 0.109434 0.076415 0.037736 0.032075
107 0.149057 0.075472 0.030189 0.030189
108 0.196226 0.076415 0.030189 0.032075
109 0.226415 0.075472 0.026415 0.030189
110 0.260377 0.070755 0.030189 0.020755
111 0.298113 0.070755 0.041509 0.020755
112 0.344340 0.070755 0.039623 0.020755
113 0.393396 0.070755 0.028302 0.020755
114 0.032075 0.122642 0.030189 0.022642
115 0.064151 0.121698 0.026415 0.020755
116 0.109434 0.121698 0.030189 0.020755
117 0.153774 0.121698 0.024528 0.020755
118 0.185849 0.121698 0.028302 0.020755
119 0.218868 0.121698 0.030189 0.020755
120 0.253774 0.126415 0.032075 0.030189
121 0.285849 0.121698 0.028302 0.020755
122 0.328302 0.125472 0.030189 0.028302
123 0.363208 0.121698 0.032075 0.020755
124 0.021698 0.174528 0.035849 0.028302
125 0.067925 0.170755 0.030189 0.020755
126 0.116038 0.170755 0.032075 0.020755
127 0.163208 0.170755 0.028302 0.020755
128 0.192453 0.170755 0.022642 0.020755
129 0.230189 0.173585 0.026415 0.026415
130 0.259434 0.170755 0.024528 0.020755
131 0.288679 0.173585 0.030189 0.026415
132 0.331132 0.170755 0.020755 0.020755
133 0.360377 0.171698 0.030189 0.022642
134 0.019811 0.217925 0.032075 0.020755
135 0.056604 0.218868 0.030189 0.022642
136 0.088679 0.217925 0.030189 0.020755
137 0.127358 0.220755 0.035849 0.026415
138 0.163208 0.217925 0.028302 0.020755
139 0.208491 0.218868 0.028302 0.022642
140 0.234906 0.217925 0.020755 0.020755
141 0.255660 0.216038 0.016981 0.016981
142 0.289623 0.212264 0.020755 0.009434
143 0.321698 0.217925 0.016981 0.020755
144 0.028302 0.269811 0.026415 0.033962
145 0.055660 0.257547 0.024528 0.009434
146 0.096226 0.257547 0.026415 0.009434
147 0.123585 0.257547 0.024528 0.009434
148 0.152830 0.258491 0.026415 0.011321
149 0.185849 0.259434 0.009434 0.013208
150 0.201887 0.258491 0.018868 0.011321
151 0.220755 0.256604 0.007547 0.007547
152 0.234906 0.263208 0.013208 0.020755
153 0.267925 0.263208 0.026415 0.020755
154 0.012264 0.323585 0.016981 0.035849
155 0.041509 0.324528 0.015094 0.037736
156 0.062264 0.324528 0.015094 0.037736
157 0.080189 0.318868 0.016981 0.026415
158 0.104717 0.316038 0.020755 0.020755
159 0.129245 0.311321 0.016981 0.011321
160 0.153774 0.309434 0.005660 0.007547
161 0.166981 0.309434 0.013208 0.007547
162 0.187736 0.309434 0.016981 0.007547
163 0.217925 0.310377 0.013208 0.009434
164 0.022642 0.367925 0.015094 0.011321
165 0.051887 0.366981 0.009434 0.009434
166 0.072642 0.366981 0.020755 0.009434
167 0.095283 0.368868 0.013208 0.013208
168 0.116981 0.372642 0.022642 0.020755
169 0.153774 0.371698 0.024528 0.018868
170 0.192453 0.374528 0.026415 0.024528
171 0.233962 0.371698 0.022642 0.018868
172 0.263208 0.374528 0.028302 0.024528
173 0.308491 0.375472 0.028302 0.026415
174 0.017925 0.420755 0.024528 0.026415
175 0.051887 0.418868 0.035849 0.022642
176 0.100000 0.419811 0.030189 0.024528
177 0.135849 0.420755 0.033962 0.026415
178 0.184906 0.417925 0.030189 0.020755
179 0.228302 0.416038 0.049057 0.016981
180 0.267925 0.423585 0.022642 0.032075
