0 0.006604 0.038679 0.009434 0.039623
1 0.034906 0.041509 0.013208 0.045283
2 0.070755 0.038679 0.024528 0.039623
3 0.100943 0.042453 0.024528 0.047170
4 0.135849 0.038679 0.033962 0.039623
5 0.181132 0.038679 0.026415 0.039623
6 0.212264 0.041509 0.005660 0.045283
7 0.237736 0.044340 0.015094 0.050943
8 0.266038 0.044340 0.015094 0.050943
9 0.295283 0.027358 0.013208 0.016981
10 0.013208 0.101887 0.022642 0.026415
11 0.029245 0.105660 0.005660 0.033962
12 0.044340 0.100000 0.013208 0.022642
13 0.056604 0.098113 0.003774 0.018868
14 0.070755 0.108491 0.020755 0.039623
15 0.105660 0.108491 0.022642 0.039623
16 0.130189 0.108491 0.015094 0.039623
17 0.150943 0.108491 0.022642 0.039623
18 0.179245 0.108491 0.022642 0.039623
19 0.205660 0.108491 0.022642 0.039623
20 0.016981 0.166981 0.022642 0.039623
21 0.052830 0.166981 0.022642 0.039623
22 0.087736 0.166981 0.020755 0.039623
23 0.122642 0.166981 0.022642 0.039623
24 0.161321 0.166981 0.020755 0.039623
25 0.179245 0.162264 0.007547 0.030189
26 0.189623 0.166038 0.009434 0.037736
27 0.209434 0.161321 0.022642 0.028302
28 0.233962 0.154717 0.022642 0.015094
29 0.260377 0.159434 0.022642 0.024528
30 0.025472 0.225472 0.020755 0.039623
31 0.061321 0.231132 0.043396 0.050943
32 0.100943 0.225472 0.028302 0.039623
33 0.133019 0.225472 0.028302 0.039623
34 0.167925 0.225472 0.030189 0.039623
35 0.200000 0.225472 0.030189 0.039623
36 0.243396 0.225472 0.030189 0.039623
37 0.287736 0.225472 0.028302 0.039623
38 0.320755 0.225472 0.030189 0.039623
39 0.368868 0.225472 0.032075 0.039623
40 0.010377 0.295283 0.009434 0.039623
41 0.028302 0.295283 0.022642 0.039623
42 0.070755 0.295283 0.032075 0.039623
43 0.100000 0.295283 0.022642 0.039623
44 0.143396 0.295283 0.037736 0.039623
45 0.195283 0.295283 0.032075 0.039623
46 0.229245 0.295283 0.032075 0.039623
47 0.277358 0.295283 0.030189 0.039623
48 0.314151 0.296226 0.032075 0.041509
49 0.348113 0.295283 0.032075 0.039623
50 0.018868 0.355660 0.026415 0.039623
51 0.050943 0.355660 0.026415 0.039623
52 0.080189 0.355660 0.028302 0.039623
53 0.110377 0.355660 0.028302 0.039623
54 0.161321 0.355660 0.043396 0.039623
55 0.201887 0.355660 0.033962 0.039623
56 0.237736 0.355660 0.030189 0.039623
57 0.283019 0.355660 0.026415 0.039623
58 0.321698 0.361321 0.016981 0.050943
59 0.351887 0.355660 0.009434 0.039623
60 0.014151 0.431132 0.016981 0.050943
61 0.033962 0.428302 0.018868 0.045283
62 0.060377 0.420755 0.026415 0.030189
63 0.093396 0.416981 0.005660 0.022642
64 0.120755 0.420755 0.022642 0.030189
65 0.147170 0.425472 0.022642 0.039623
66 0.183019 0.420755 0.018868 0.030189
67 0.207547 0.425472 0.026415 0.039623
68 0.245283 0.420755 0.022642 0.030189
69 0.266981 0.425472 0.016981 0.039623
70 0.014151 0.496226 0.024528 0.041509
71 0.050943 0.495283 0.022642 0.039623
72 0.070755 0.495283 0.009434 0.039623
73 0.099057 0.500943 0.016981 0.050943
74 0.122642 0.495283 0.022642 0.039623
75 0.144340 0.495283 0.009434 0.039623
76 0.180189 0.490566 0.035849 0.030189
77 0.213208 0.490566 0.022642 0.030189
78 0.237736 0.490566 0.022642 0.030189
79 0.274528 0.496226 0.024528 0.041509
80 0.015094 0.566038 0.022642 0.041509
81 0.040566 0.560377 0.016981 0.030189
82 0.074528 0.560377 0.020755 0.030189
83 0.107547 0.564151 0.011321 0.037736
84 0.126415 0.560377 0.022642 0.030189
85 0.163208 0.560377 0.020755 0.030189
86 0.202830 0.560377 0.032075 0.030189
87 0.233019 0.560377 0.024528 0.030189
88 0.272642 0.566038 0.024528 0.041509
89 0.300943 0.560377 0.020755 0.030189
90 0.021698 0.631132 0.016981 0.050943
91 0.037736 0.632075 0.003774 0.052830
92 0.065094 0.631132 0.016981 0.050943
93 0.098113 0.628302 0.022642 0.045283
