0 0.018868 0.038679 0.007547 0.039623
1 0.034906 0.035849 0.016981 0.033962
2 0.074528 0.038679 0.028302 0.039623
3 0.117925 0.044340 0.028302 0.050943
4 0.167925 0.038679 0.037736 0.039623
5 0.213208 0.038679 0.045283 0.039623
6 0.241509 0.035849 0.007547 0.033962
7 0.258491 0.041509 0.015094 0.045283
8 0.288679 0.040566 0.015094 0.043396
9 0.310377 0.027358 0.016981 0.016981
10 0.024528 0.100000 0.022642 0.022642
11 0.056604 0.108491 0.007547 0.039623
12 0.085849 0.100000 0.016981 0.022642
13 0.115094 0.107547 0.007547 0.037736
14 0.133019 0.108491 0.020755 0.039623
15 0.161321 0.108491 0.032075 0.039623
16 0.198113 0.108491 0.011321 0.039623
17 0.234906 0.108491 0.028302 0.039623
18 0.278302 0.110377 0.024528 0.043396
19 0.311321 0.108491 0.030189 0.039623
20 0.014151 0.171698 0.024528 0.041509
21 0.057547 0.171698 0.028302 0.041509
22 0.100000 0.170755 0.026415 0.039623
23 0.143396 0.170755 0.030189 0.039623
24 0.178302 0.171698 0.028302 0.041509
25 0.211321 0.165094 0.007547 0.028302
26 0.221698 0.168868 0.009434 0.035849
27 0.254717 0.162264 0.022642 0.022642
28 0.283019 0.156604 0.022642 0.011321
29 0.320755 0.162264 0.022642 0.022642
30 0.029245 0.231132 0.024528 0.039623
31 0.070755 0.234906 0.050943 0.047170
32 0.116981 0.231132 0.037736 0.039623
33 0.154717 0.231132 0.030189 0.039623
34 0.191509 0.231132 0.039623 0.039623
35 0.236792 0.231132 0.039623 0.039623
36 0.276415 0.231132 0.028302 0.039623
37 0.304717 0.231132 0.024528 0.039623
38 0.354717 0.231132 0.041509 0.039623
39 0.409434 0.231132 0.037736 0.039623
40 0.022642 0.297170 0.011321 0.039623
41 0.052830 0.302830 0.015094 0.050943
42 0.083962 0.297170 0.035849 0.039623
43 0.133019 0.297170 0.028302 0.039623
44 0.184906 0.297170 0.049057 0.039623
45 0.243396 0.297170 0.041509 0.039623
46 0.302830 0.297170 0.043396 0.039623
47 0.343396 0.297170 0.030189 0.039623
48 0.398113 0.304717 0.071698 0.054717
49 0.457547 0.297170 0.035849 0.039623
50 0.026415 0.370755 0.026415 0.039623
51 0.058491 0.370755 0.033962 0.039623
52 0.096226 0.370755 0.037736 0.039623
53 0.150943 0.370755 0.037736 0.039623
54 0.199057 0.370755 0.054717 0.039623
55 0.260377 0.370755 0.037736 0.039623
56 0.314151 0.370755 0.035849 0.039623
57 0.350000 0.370755 0.032075 0.039623
58 0.384906 0.374528 0.011321 0.047170
59 0.414151 0.370755 0.020755 0.039623
60 0.010377 0.440566 0.013208 0.047170
61 0.034906 0.428302 0.024528 0.022642
62 0.074528 0.424528 0.028302 0.015094
63 0.099057 0.428302 0.009434 0.022642
64 0.124528 0.433962 0.033962 0.033962
65 0.161321 0.433962 0.028302 0.033962
66 0.207547 0.433962 0.033962 0.033962
67 0.257547 0.433962 0.035849 0.033962
68 0.292453 0.433962 0.026415 0.033962
69 0.333019 0.433962 0.024528 0.033962
70 0.033019 0.500000 0.035849 0.033962
71 0.073585 0.500000 0.033962 0.033962
72 0.100000 0.500000 0.011321 0.033962
73 0.127358 0.504717 0.013208 0.043396
74 0.167925 0.500000 0.033962 0.033962
75 0.200000 0.500000 0.026415 0.033962
76 0.241509 0.500000 0.045283 0.033962
77 0.299057 0.500000 0.035849 0.033962
78 0.338679 0.500000 0.039623 0.033962
79 0.376415 0.500000 0.028302 0.033962
80 0.037736 0.568868 0.064151 0.047170
81 0.101887 0.562264 0.033962 0.033962
82 0.133962 0.562264 0.022642 0.033962
83 0.177358 0.562264 0.033962 0.033962
84 0.225472 0.562264 0.032075 0.033962
85 0.264151 0.562264 0.033962 0.033962
86 0.320755 0.561321 0.045283 0.032075
87 0.375472 0.562264 0.033962 0.033962
88 0.424528 0.562264 0.033962 0.033962
89 0.471698 0.562264 0.030189 0.033962
90 0.010377 0.634906 0.013208 0.047170
91 0.032075 0.635849 0.003774 0.049057
92 0.041509 0.634906 0.011321 0.047170
93 0.074528 0.639623 0.024528 0.056604
