94 0.012264 0.030189 0.016981 0.022642
95 0.043396 0.030189 0.018868 0.022642
96 0.075472 0.030189 0.018868 0.022642
97 0.108491 0.030189 0.016981 0.022642
98 0.127358 0.030189 0.016981 0.022642
99 0.151887 0.030189 0.020755 0.022642
100 0.172642 0.030189 0.013208 0.022642
101 0.202830 0.030189 0.016981 0.022642
102 0.237736 0.030189 0.018868 0.022642
103 0.260377 0.031132 0.018868 0.024528
104 0.023585 0.074528 0.020755 0.024528
105 0.060377 0.073585 0.026415 0.022642
106 0.103774 0.079245 0.026415 0.033962
107 0.129245 0.080189 0.020755 0.035849
108 0.151887 0.080189 0.020755 0.035849
109 0.184906 0.080189 0.018868 0.035849
110 0.220755 0.073585 0.022642 0.022642
111 0.262264 0.073585 0.026415 0.022642
112 0.291509 0.073585 0.028302 0.022642
113 0.328302 0.073585 0.018868 0.022642
114 0.024528 0.128302 0.018868 0.022642
115 0.059434 0.128302 0.016981 0.022642
116 0.092453 0.128302 0.022642 0.022642
117 0.116038 0.128302 0.016981 0.022642
118 0.139623 0.128302 0.022642 0.022642
119 0.177358 0.128302 0.022642 0.022642
120 0.205660 0.133019 0.022642 0.032075
121 0.232075 0.128302 0.018868 0.022642
122 0.264151 0.133019 0.018868 0.032075
123 0.287736 0.128302 0.024528 0.022642
124 0.016038 0.183962 0.024528 0.032075
125 0.042453 0.179245 0.020755 0.022642
126 0.066038 0.179245 0.018868 0.022642
127 0.099057 0.179245 0.016981 0.022642
128 0.130189 0.179245 0.015094 0.022642
129 0.151887 0.183019 0.016981 0.030189
130 0.182075 0.179245 0.016981 0.022642
131 0.214151 0.183019 0.020755 0.030189
132 0.246226 0.179245 0.016981 0.022642
133 0.267925 0.180189 0.018868 0.024528
134 0.025472 0.230189 0.024528 0.022642
135 0.062264 0.231132 0.018868 0.024528
136 0.098113 0.230189 0.022642 0.022642
137 0.123585 0.231132 0.024528 0.024528
138 0.157547 0.230189 0.016981 0.022642
139 0.192453 0.230189 0.018868 0.022642
140 0.216038 0.230189 0.016981 0.022642
141 0.237736 0.230189 0.015094 0.022642
142 0.258491 0.223585 0.015094 0.009434
143 0.287736 0.230189 0.013208 0.022642
144 0.027358 0.280189 0.024528 0.035849
145 0.063208 0.266981 0.016981 0.009434
146 0.083962 0.266981 0.016981 0.009434
147 0.103774 0.267925 0.018868 0.011321
148 0.134906 0.266981 0.016981 0.009434
149 0.148113 0.267925 0.005660 0.011321
150 0.163208 0.267925 0.013208 0.011321
151 0.173585 0.264151 0.003774 0.003774
152 0.192453 0.273585 0.007547 0.022642
153 0.222642 0.273585 0.018868 0.022642
154 0.020755 0.335849 0.015094 0.037736
155 0.042453 0.335849 0.016981 0.037736
156 0.064151 0.335849 0.015094 0.037736
157 0.084906 0.332075 0.015094 0.030189
158 0.104717 0.332075 0.016981 0.030189
159 0.124528 0.323585 0.015094 0.013208
160 0.146226 0.320755 0.001887 0.007547
161 0.158491 0.321698 0.011321 0.009434
162 0.174528 0.321698 0.016981 0.009434
163 0.200000 0.320755 0.007547 0.007547
164 0.005660 0.379245 0.007547 0.011321
165 0.019811 0.378302 0.009434 0.009434
166 0.045283 0.379245 0.007547 0.011321
167 0.062264 0.383019 0.018868 0.018868
168 0.083019 0.382075 0.018868 0.016981
169 0.116981 0.383019 0.018868 0.018868
170 0.140566 0.385849 0.024528 0.024528
171 0.176415 0.382075 0.020755 0.016981
172 0.202830 0.385849 0.024528 0.024528
173 0.240566 0.385849 0.024528 0.024528
174 0.024528 0.429245 0.022642 0.024528
175 0.049057 0.429245 0.022642 0.024528
176 0.075472 0.428302 0.022642 0.022642
177 0.100000 0.428302 0.022642 0.022642
178 0.125472 0.428302 0.024528 0.022642
179 0.168868 0.425472 0.032075 0.016981
180 0.196226 0.433962 0.015094 0.033962
