94 0.014151 0.031132 0.024528 0.024528
95 0.052830 0.032075 0.026415 0.026415
96 0.093396 0.032075 0.028302 0.026415
97 0.122642 0.032075 0.026415 0.026415
98 0.163208 0.032075 0.028302 0.026415
99 0.197170 0.032075 0.032075 0.026415
100 0.237736 0.032075 0.018868 0.026415
101 0.260377 0.031132 0.022642 0.024528
102 0.289623 0.031132 0.032075 0.024528
103 0.334906 0.032075 0.032075 0.026415
104 0.029245 0.078302 0.032075 0.028302
105 0.066038 0.076415 0.037736 0.024528
106 0.116981 0.083019 0.037736 0.037736
107 0.166981 0.083019 0.028302 0.037736
108 0.200943 0.083019 0.028302 0.037736
109 0.239623 0.085849 0.022642 0.043396
110 0.271698 0.077358 0.033962 0.026415
111 0.327358 0.077358 0.043396 0.026415
112 0.383019 0.076415 0.041509 0.024528
113 0.424528 0.077358 0.030189 0.026415
114 0.033019 0.139623 0.032075 0.026415
115 0.076415 0.138679 0.024528 0.024528
116 0.116981 0.139623 0.030189 0.026415
117 0.145283 0.138679 0.022642 0.024528
118 0.187736 0.139623 0.032075 0.026415
119 0.221698 0.139623 0.028302 0.026415
120 0.265094 0.144340 0.028302 0.035849
121 0.307547 0.139623 0.026415 0.026415
122 0.337736 0.144340 0.026415 0.035849
123 0.380189 0.139623 0.032075 0.026415
124 0.020755 0.199057 0.033962 0.035849
125 0.066981 0.193396 0.028302 0.024528
126 0.096226 0.194340 0.026415 0.026415
127 0.139623 0.194340 0.026415 0.026415
128 0.179245 0.194340 0.022642 0.026415
129 0.217925 0.200000 0.024528 0.037736
130 0.247170 0.194340 0.026415 0.026415
131 0.289623 0.200000 0.028302 0.037736
132 0.316981 0.193396 0.018868 0.024528
133 0.346226 0.195283 0.028302 0.028302
134 0.032075 0.250943 0.033962 0.026415
135 0.066038 0.250943 0.026415 0.026415
136 0.100943 0.250943 0.032075 0.026415
137 0.152830 0.252830 0.037736 0.030189
138 0.200000 0.250000 0.022642 0.024528
139 0.226415 0.250943 0.022642 0.026415
140 0.255660 0.250000 0.024528 0.024528
141 0.294340 0.250000 0.018868 0.024528
142 0.329245 0.243396 0.020755 0.011321
143 0.365094 0.250943 0.020755 0.026415
144 0.032075 0.306604 0.037736 0.039623
145 0.075472 0.291509 0.022642 0.009434
146 0.114151 0.291509 0.024528 0.009434
147 0.153774 0.291509 0.024528 0.009434
148 0.195283 0.291509 0.024528 0.009434
149 0.227358 0.293396 0.009434 0.013208
150 0.257547 0.293396 0.016981 0.013208
151 0.270755 0.289623 0.005660 0.005660
152 0.297170 0.300000 0.013208 0.026415
153 0.319811 0.300000 0.028302 0.026415
154 0.017925 0.369811 0.024528 0.049057
155 0.047170 0.369811 0.022642 0.049057
156 0.076415 0.369811 0.024528 0.049057
157 0.100943 0.365094 0.020755 0.039623
158 0.139623 0.365094 0.026415 0.039623
159 0.168868 0.352830 0.020755 0.015094
160 0.183019 0.350943 0.003774 0.011321
161 0.211321 0.351887 0.018868 0.013208
162 0.235849 0.350943 0.022642 0.011321
163 0.270755 0.350943 0.013208 0.011321
164 0.023585 0.419811 0.013208 0.013208
165 0.049057 0.418868 0.011321 0.011321
166 0.065094 0.420755 0.013208 0.015094
167 0.087736 0.425472 0.024528 0.024528
168 0.116038 0.425472 0.028302 0.024528
169 0.144340 0.426415 0.024528 0.026415
170 0.175472 0.426415 0.033962 0.026415
171 0.221698 0.425472 0.032075 0.024528
172 0.256604 0.427358 0.030189 0.028302
173 0.290566 0.427358 0.030189 0.028302
174 0.029245 0.474528 0.024528 0.028302
175 0.079245 0.474528 0.041509 0.028302
176 0.129245 0.473585 0.032075 0.026415
177 0.178302 0.474528 0.032075 0.028302
178 0.216038 0.472642 0.035849 0.024528
179 0.266981 0.471698 0.054717 0.022642
180 0.323585 0.482075 0.028302 0.043396
