0 0.022642 0.039623 0.011321 0.041509
1 0.053774 0.041509 0.024528 0.045283
2 0.088679 0.039623 0.033962 0.041509
3 0.128302 0.043396 0.033962 0.049057
4 0.186792 0.039623 0.049057 0.041509
5 0.234906 0.039623 0.043396 0.041509
6 0.267925 0.041509 0.011321 0.045283
7 0.283019 0.045283 0.015094 0.052830
8 0.314151 0.045283 0.016981 0.052830
9 0.346226 0.028302 0.020755 0.018868
10 0.030189 0.106604 0.030189 0.032075
11 0.067925 0.124528 0.011321 0.067925
12 0.096226 0.118868 0.015094 0.056604
13 0.115094 0.118868 0.011321 0.056604
14 0.145283 0.111321 0.015094 0.041509
15 0.184906 0.111321 0.033962 0.041509
16 0.215094 0.111321 0.022642 0.041509
17 0.258491 0.111321 0.033962 0.041509
18 0.296226 0.111321 0.033962 0.041509
19 0.343396 0.111321 0.033962 0.041509
20 0.020755 0.198113 0.033962 0.041509
21 0.060377 0.198113 0.033962 0.041509
22 0.096226 0.198113 0.033962 0.041509
23 0.145283 0.198113 0.033962 0.041509
24 0.194340 0.198113 0.033962 0.041509
25 0.230189 0.192453 0.011321 0.030189
26 0.245283 0.198113 0.011321 0.041509
27 0.267925 0.195283 0.030189 0.035849
28 0.311321 0.188679 0.030189 0.022642
29 0.358491 0.195283 0.030189 0.035849
30 0.030189 0.258491 0.030189 0.041509
31 0.083019 0.261321 0.041509 0.047170
32 0.138679 0.258491 0.043396 0.041509
33 0.192453 0.258491 0.037736 0.041509
34 0.243396 0.258491 0.037736 0.041509
35 0.296226 0.258491 0.037736 0.041509
36 0.345283 0.258491 0.033962 0.041509
37 0.382075 0.258491 0.032075 0.041509
38 0.433019 0.258491 0.039623 0.041509
39 0.476415 0.258491 0.039623 0.041509
40 0.011321 0.324528 0.011321 0.041509
41 0.038679 0.324528 0.032075 0.041509
42 0.082075 0.324528 0.043396 0.041509
43 0.125472 0.324528 0.032075 0.041509
44 0.167925 0.324528 0.045283 0.041509
45 0.212264 0.324528 0.039623 0.041509
46 0.269811 0.324528 0.041509 0.041509
47 0.324528 0.324528 0.033962 0.041509
48 0.380189 0.326415 0.043396 0.045283
49 0.425472 0.324528 0.039623 0.041509
50 0.033019 0.388679 0.035849 0.041509
51 0.086792 0.388679 0.037736 0.041509
52 0.127358 0.388679 0.039623 0.041509
53 0.183962 0.388679 0.043396 0.041509
54 0.239623 0.388679 0.056604 0.041509
55 0.306604 0.388679 0.043396 0.041509
56 0.366981 0.388679 0.043396 0.041509
57 0.411321 0.388679 0.037736 0.041509
58 0.440566 0.394340 0.016981 0.052830
59 0.471698 0.388679 0.015094 0.041509
60 0.025472 0.466038 0.016981 0.052830
61 0.064151 0.462264 0.030189 0.045283
62 0.099057 0.454717 0.028302 0.030189
63 0.133962 0.450943 0.011321 0.022642
64 0.173585 0.454717 0.033962 0.030189
65 0.221698 0.460377 0.032075 0.041509
66 0.267925 0.454717 0.033962 0.030189
67 0.317925 0.460377 0.032075 0.041509
68 0.354717 0.454717 0.033962 0.030189
69 0.398113 0.460377 0.022642 0.041509
70 0.017925 0.532075 0.032075 0.041509
71 0.054717 0.532075 0.030189 0.041509
72 0.090566 0.532075 0.011321 0.041509
73 0.108491 0.537736 0.016981 0.052830
74 0.135849 0.532075 0.033962 0.041509
75 0.173585 0.532075 0.011321 0.041509
76 0.207547 0.526415 0.049057 0.030189
77 0.262264 0.526415 0.030189 0.030189
78 0.311321 0.526415 0.033962 0.030189
79 0.357547 0.532075 0.032075 0.041509
80 0.031132 0.603774 0.032075 0.041509
81 0.073585 0.598113 0.022642 0.030189
82 0.103774 0.598113 0.030189 0.030189
83 0.146226 0.603774 0.020755 0.041509
84 0.186792 0.598113 0.030189 0.030189
85 0.224528 0.598113 0.033962 0.030189
86 0.269811 0.598113 0.052830 0.030189
87 0.326415 0.598113 0.033962 0.030189
88 0.366038 0.603774 0.033962 0.041509
89 0.402830 0.598113 0.028302 0.030189
90 0.025472 0.669811 0.020755 0.052830
91 0.054717 0.669811 0.007547 0.052830
92 0.070755 0.669811 0.020755 0.052830
93 0.113208 0.683019 0.030189 0.079245
