94 0.019811 0.022642 0.013208 0.007547
95 0.046226 0.031132 0.009434 0.024528
96 0.071698 0.031132 0.011321 0.024528
97 0.088679 0.031132 0.011321 0.024528
98 0.101887 0.031132 0.011321 0.024528
99 0.118868 0.031132 0.015094 0.024528
100 0.141509 0.031132 0.003774 0.024528
101 0.160377 0.031132 0.007547 0.024528
102 0.184906 0.030189 0.011321 0.022642
103 0.200943 0.031132 0.009434 0.024528
104 0.011321 0.074528 0.011321 0.024528
105 0.031132 0.074528 0.020755 0.024528
106 0.066981 0.078302 0.020755 0.032075
107 0.100943 0.079245 0.013208 0.033962
108 0.116038 0.079245 0.013208 0.033962
109 0.132075 0.080189 0.011321 0.035849
110 0.160377 0.072642 0.015094 0.020755
111 0.183019 0.074528 0.018868 0.024528
112 0.217925 0.074528 0.024528 0.024528
113 0.241509 0.072642 0.011321 0.020755
114 0.022642 0.128302 0.011321 0.022642
115 0.040566 0.129245 0.013208 0.024528
116 0.068868 0.127358 0.009434 0.020755
117 0.093396 0.129245 0.009434 0.024528
118 0.117925 0.127358 0.013208 0.020755
119 0.133962 0.129245 0.011321 0.024528
120 0.150000 0.135849 0.009434 0.037736
121 0.175472 0.128302 0.011321 0.022642
122 0.188679 0.133962 0.011321 0.033962
123 0.206604 0.128302 0.013208 0.022642
124 0.009434 0.184906 0.011321 0.022642
125 0.036792 0.185849 0.013208 0.024528
126 0.064151 0.185849 0.011321 0.024528
127 0.091509 0.185849 0.009434 0.024528
128 0.102830 0.184906 0.009434 0.022642
129 0.127358 0.185849 0.013208 0.024528
130 0.153774 0.184906 0.009434 0.022642
131 0.170755 0.185849 0.013208 0.024528
132 0.194340 0.185849 0.007547 0.024528
133 0.205660 0.185849 0.011321 0.024528
134 0.020755 0.229245 0.011321 0.024528
135 0.034906 0.228302 0.009434 0.022642
136 0.049057 0.227358 0.011321 0.020755
137 0.063208 0.232075 0.013208 0.030189
138 0.087736 0.229245 0.009434 0.024528
139 0.115094 0.230189 0.011321 0.026415
140 0.139623 0.219811 0.007547 0.005660
141 0.149057 0.227358 0.003774 0.020755
142 0.170755 0.219811 0.005660 0.005660
143 0.183019 0.229245 0.007547 0.024528
144 0.025472 0.283962 0.020755 0.035849
145 0.046226 0.268868 0.016981 0.005660
146 0.078302 0.268868 0.016981 0.005660
147 0.111321 0.270755 0.018868 0.009434
148 0.144340 0.269811 0.016981 0.007547
149 0.155660 0.268868 0.001887 0.005660
150 0.171698 0.267925 0.003774 0.003774
151 0.178302 0.268868 0.005660 0.005660
152 0.196226 0.269811 0.003774 0.007547
153 0.219811 0.278302 0.009434 0.024528
154 0.023585 0.340566 0.013208 0.039623
155 0.052830 0.341509 0.015094 0.041509
156 0.079245 0.340566 0.007547 0.039623
157 0.090566 0.336792 0.007547 0.032075
158 0.116981 0.333019 0.011321 0.024528
159 0.140566 0.322642 0.009434 0.003774
160 0.147170 0.320755 0.000000 0.000000
161 0.163208 0.322642 0.001887 0.003774
162 0.171698 0.322642 0.007547 0.003774
163 0.183962 0.321698 0.009434 0.001887
164 0.005660 0.382075 0.003774 0.001887
165 0.023585 0.384906 0.005660 0.007547
166 0.041509 0.383962 0.003774 0.005660
167 0.066038 0.390566 0.018868 0.018868
168 0.088679 0.386792 0.015094 0.011321
169 0.119811 0.387736 0.013208 0.013208
170 0.149057 0.391509 0.018868 0.020755
171 0.182075 0.388679 0.016981 0.015094
172 0.204717 0.389623 0.016981 0.016981
173 0.238679 0.394340 0.016981 0.026415
174 0.009434 0.435849 0.015094 0.018868
175 0.032075 0.436792 0.018868 0.020755
176 0.056604 0.434906 0.018868 0.016981
177 0.081132 0.435849 0.018868 0.018868
178 0.100000 0.438679 0.011321 0.024528
179 0.122642 0.432075 0.026415 0.011321
180 0.145283 0.438679 0.015094 0.024528
