0 0.021698 0.037736 0.013208 0.037736
1 0.054717 0.044340 0.018868 0.050943
2 0.098113 0.037736 0.033962 0.037736
3 0.133019 0.041509 0.032075 0.045283
4 0.177358 0.037736 0.045283 0.037736
5 0.229245 0.037736 0.047170 0.037736
6 0.271698 0.044340 0.007547 0.050943
7 0.298113 0.041509 0.015094 0.045283
8 0.317925 0.040566 0.013208 0.043396
9 0.344340 0.026415 0.013208 0.015094
10 0.018868 0.103774 0.030189 0.030189
11 0.053774 0.111321 0.013208 0.045283
12 0.073585 0.122642 0.015094 0.067925
13 0.100943 0.112264 0.013208 0.047170
14 0.140566 0.111321 0.032075 0.045283
15 0.175472 0.107547 0.033962 0.037736
16 0.207547 0.106604 0.022642 0.035849
17 0.236792 0.107547 0.032075 0.037736
18 0.269811 0.107547 0.030189 0.037736
19 0.302830 0.107547 0.032075 0.037736
20 0.016981 0.194340 0.030189 0.037736
21 0.064151 0.194340 0.033962 0.037736
22 0.111321 0.194340 0.030189 0.037736
23 0.147170 0.194340 0.033962 0.037736
24 0.198113 0.194340 0.033962 0.037736
25 0.234906 0.187736 0.013208 0.024528
26 0.250000 0.190566 0.013208 0.030189
27 0.275472 0.191509 0.030189 0.032075
28 0.309434 0.185849 0.030189 0.020755
29 0.352830 0.191509 0.030189 0.032075
30 0.013208 0.250943 0.022642 0.037736
31 0.050943 0.257547 0.049057 0.050943
32 0.100943 0.250943 0.043396 0.037736
33 0.150000 0.250943 0.043396 0.037736
34 0.203774 0.250943 0.033962 0.037736
35 0.245283 0.250943 0.045283 0.037736
36 0.299057 0.250943 0.035849 0.037736
37 0.338679 0.250943 0.035849 0.037736
38 0.382075 0.250943 0.039623 0.037736
39 0.442453 0.250943 0.047170 0.037736
40 0.025472 0.320755 0.024528 0.037736
41 0.071698 0.320755 0.033962 0.037736
42 0.118868 0.320755 0.049057 0.037736
43 0.165094 0.320755 0.035849 0.037736
44 0.225472 0.320755 0.054717 0.037736
45 0.287736 0.320755 0.043396 0.037736
46 0.332075 0.320755 0.041509 0.037736
47 0.379245 0.320755 0.041509 0.037736
48 0.422642 0.327358 0.041509 0.050943
49 0.483019 0.320755 0.045283 0.037736
50 0.030189 0.390566 0.030189 0.037736
51 0.077358 0.390566 0.037736 0.037736
52 0.133962 0.390566 0.041509 0.037736
53 0.191509 0.390566 0.043396 0.037736
54 0.248113 0.390566 0.066038 0.037736
55 0.316981 0.390566 0.045283 0.037736
56 0.375472 0.390566 0.041509 0.037736
57 0.426415 0.390566 0.033962 0.037736
58 0.469811 0.396226 0.018868 0.049057
59 0.497170 0.394340 0.032075 0.045283
60 0.014151 0.464151 0.016981 0.049057
61 0.037736 0.458491 0.022642 0.037736
62 0.076415 0.447170 0.028302 0.015094
63 0.110377 0.450943 0.009434 0.022642
64 0.147170 0.451887 0.030189 0.024528
65 0.184906 0.458491 0.033962 0.037736
66 0.217925 0.451887 0.024528 0.024528
67 0.249057 0.458491 0.033962 0.037736
68 0.296226 0.451887 0.026415 0.024528
69 0.321698 0.458491 0.020755 0.037736
70 0.016981 0.529245 0.026415 0.043396
71 0.066038 0.526415 0.037736 0.037736
72 0.110377 0.526415 0.020755 0.037736
73 0.133019 0.533019 0.016981 0.050943
74 0.176415 0.526415 0.039623 0.037736
75 0.220755 0.526415 0.018868 0.037736
76 0.270755 0.519811 0.054717 0.024528
77 0.320755 0.519811 0.037736 0.024528
78 0.367925 0.519811 0.030189 0.024528
79 0.405660 0.526415 0.033962 0.037736
80 0.018868 0.596226 0.033962 0.037736
81 0.066981 0.589623 0.028302 0.024528
82 0.095283 0.589623 0.024528 0.024528
83 0.132075 0.593396 0.018868 0.032075
84 0.172642 0.589623 0.035849 0.024528
85 0.206604 0.589623 0.028302 0.024528
86 0.261321 0.589623 0.047170 0.024528
87 0.316981 0.589623 0.030189 0.024528
88 0.361321 0.596226 0.028302 0.037736
89 0.400943 0.589623 0.024528 0.024528
90 0.022642 0.658491 0.015094 0.049057
91 0.049057 0.657547 0.007547 0.047170
92 0.066038 0.658491 0.015094 0.049057
93 0.094340 0.667925 0.030189 0.067925
