94 0.014151 0.029245 0.016981 0.020755
95 0.048113 0.029245 0.016981 0.020755
96 0.079245 0.029245 0.018868 0.020755
97 0.113208 0.029245 0.018868 0.020755
98 0.134906 0.029245 0.020755 0.020755
99 0.169811 0.029245 0.022642 0.020755
100 0.191509 0.030189 0.013208 0.022642
101 0.222642 0.029245 0.015094 0.020755
102 0.255660 0.029245 0.016981 0.020755
103 0.290566 0.031132 0.018868 0.024528
104 0.013208 0.073585 0.018868 0.022642
105 0.053774 0.072642 0.028302 0.020755
106 0.087736 0.077358 0.028302 0.030189
107 0.116038 0.080189 0.020755 0.035849
108 0.144340 0.079245 0.024528 0.033962
109 0.174528 0.081132 0.024528 0.037736
110 0.201887 0.073585 0.022642 0.022642
111 0.241509 0.072642 0.030189 0.020755
112 0.284906 0.072642 0.026415 0.020755
113 0.320755 0.072642 0.018868 0.020755
114 0.012264 0.129245 0.020755 0.020755
115 0.033019 0.129245 0.016981 0.020755
116 0.054717 0.129245 0.018868 0.020755
117 0.086792 0.129245 0.015094 0.020755
118 0.108491 0.130189 0.020755 0.022642
119 0.141509 0.130189 0.018868 0.022642
120 0.164151 0.134906 0.022642 0.032075
121 0.202830 0.130189 0.020755 0.022642
122 0.226415 0.134906 0.022642 0.032075
123 0.253774 0.130189 0.020755 0.022642
124 0.029245 0.185849 0.024528 0.032075
125 0.054717 0.180189 0.022642 0.020755
126 0.089623 0.181132 0.020755 0.022642
127 0.111321 0.181132 0.018868 0.022642
128 0.130189 0.180189 0.015094 0.020755
129 0.150000 0.186792 0.016981 0.033962
130 0.180189 0.180189 0.016981 0.020755
131 0.212264 0.185849 0.020755 0.032075
132 0.233019 0.180189 0.013208 0.020755
133 0.266038 0.181132 0.022642 0.022642
134 0.027358 0.233962 0.020755 0.022642
135 0.060377 0.233962 0.018868 0.022642
136 0.096226 0.233962 0.018868 0.022642
137 0.123585 0.237736 0.024528 0.030189
138 0.159434 0.233019 0.016981 0.020755
139 0.193396 0.233962 0.020755 0.022642
140 0.215094 0.233962 0.015094 0.022642
141 0.245283 0.233962 0.015094 0.022642
142 0.273585 0.226415 0.015094 0.007547
143 0.294340 0.233019 0.015094 0.020755
144 0.011321 0.288679 0.018868 0.033962
145 0.042453 0.276415 0.016981 0.009434
146 0.075472 0.277358 0.018868 0.011321
147 0.100000 0.278302 0.018868 0.013208
148 0.133962 0.277358 0.018868 0.011321
149 0.161321 0.276415 0.005660 0.009434
150 0.175472 0.277358 0.011321 0.011321
151 0.189623 0.274528 0.005660 0.005660
152 0.200943 0.283019 0.005660 0.022642
153 0.215094 0.283019 0.015094 0.022642
154 0.020755 0.342453 0.015094 0.035849
155 0.039623 0.342453 0.011321 0.035849
156 0.055660 0.343396 0.009434 0.037736
157 0.073585 0.340566 0.015094 0.032075
158 0.106604 0.341509 0.016981 0.033962
159 0.139623 0.330189 0.015094 0.011321
160 0.162264 0.329245 0.003774 0.009434
161 0.186792 0.329245 0.015094 0.009434
162 0.219811 0.330189 0.016981 0.011321
163 0.250000 0.329245 0.009434 0.009434
164 0.010377 0.385849 0.009434 0.009434
165 0.022642 0.385849 0.007547 0.009434
166 0.036792 0.389623 0.016981 0.016981
167 0.068868 0.389623 0.016981 0.016981
168 0.099057 0.388679 0.016981 0.015094
169 0.118868 0.389623 0.018868 0.016981
170 0.153774 0.391509 0.020755 0.020755
171 0.190566 0.388679 0.018868 0.015094
172 0.215094 0.390566 0.022642 0.018868
173 0.253774 0.391509 0.024528 0.020755
174 0.023585 0.430189 0.016981 0.018868
175 0.059434 0.431132 0.024528 0.020755
176 0.084906 0.430189 0.022642 0.018868
177 0.110377 0.431132 0.024528 0.020755
178 0.147170 0.432075 0.022642 0.022642
179 0.183019 0.430189 0.041509 0.018868
180 0.216981 0.434906 0.015094 0.028302
