94 0.016981 0.035849 0.030189 0.033962
95 0.064151 0.035849 0.030189 0.033962
96 0.100943 0.035849 0.032075 0.033962
97 0.147170 0.035849 0.030189 0.033962
98 0.179245 0.035849 0.030189 0.033962
99 0.225472 0.035849 0.035849 0.033962
100 0.255660 0.035849 0.020755 0.033962
101 0.295283 0.035849 0.028302 0.033962
102 0.330189 0.035849 0.037736 0.033962
103 0.378302 0.036792 0.032075 0.035849
104 0.030189 0.092453 0.033962 0.037736
105 0.081132 0.090566 0.041509 0.033962
106 0.137736 0.099057 0.041509 0.050943
107 0.178302 0.099057 0.032075 0.050943
108 0.227358 0.099057 0.032075 0.050943
109 0.263208 0.100000 0.032075 0.052830
110 0.316038 0.090566 0.039623 0.033962
111 0.361321 0.090566 0.043396 0.033962
112 0.422642 0.090566 0.049057 0.033962
113 0.479245 0.090566 0.030189 0.033962
114 0.033019 0.162264 0.032075 0.033962
115 0.068868 0.162264 0.028302 0.033962
116 0.105660 0.162264 0.033962 0.033962
117 0.152830 0.162264 0.030189 0.033962
118 0.192453 0.162264 0.037736 0.033962
119 0.242453 0.162264 0.032075 0.033962
120 0.278302 0.170755 0.032075 0.050943
121 0.323585 0.162264 0.028302 0.033962
122 0.365094 0.170755 0.028302 0.050943
123 0.410377 0.162264 0.035849 0.033962
124 0.031132 0.241509 0.035849 0.052830
125 0.081132 0.232075 0.030189 0.033962
126 0.127358 0.232075 0.032075 0.033962
127 0.173585 0.232075 0.026415 0.033962
128 0.203774 0.232075 0.026415 0.033962
129 0.246226 0.238679 0.028302 0.047170
130 0.291509 0.232075 0.028302 0.033962
131 0.322642 0.238679 0.030189 0.047170
132 0.354717 0.232075 0.026415 0.033962
133 0.400000 0.233962 0.033962 0.037736
134 0.025472 0.303774 0.039623 0.033962
135 0.073585 0.305660 0.030189 0.037736
136 0.111321 0.303774 0.033962 0.033962
137 0.150000 0.306604 0.039623 0.039623
138 0.187736 0.303774 0.028302 0.033962
139 0.229245 0.304717 0.028302 0.035849
140 0.258491 0.303774 0.026415 0.033962
141 0.284906 0.301887 0.022642 0.030189
142 0.314151 0.294340 0.028302 0.015094
143 0.352830 0.303774 0.022642 0.033962
144 0.023585 0.371698 0.043396 0.052830
145 0.061321 0.352830 0.028302 0.015094
146 0.095283 0.353774 0.028302 0.016981
147 0.140566 0.353774 0.028302 0.016981
148 0.181132 0.354717 0.026415 0.018868
149 0.204717 0.353774 0.009434 0.016981
150 0.221698 0.352830 0.020755 0.015094
151 0.250000 0.350000 0.009434 0.009434
152 0.274528 0.362264 0.013208 0.033962
153 0.299057 0.362264 0.028302 0.033962
154 0.027358 0.447170 0.028302 0.060377
155 0.071698 0.447170 0.026415 0.060377
156 0.114151 0.447170 0.024528 0.060377
157 0.143396 0.439623 0.022642 0.045283
158 0.171698 0.440566 0.026415 0.047170
159 0.200943 0.429245 0.028302 0.024528
160 0.234906 0.422642 0.005660 0.011321
161 0.262264 0.424528 0.022642 0.015094
162 0.288679 0.423585 0.026415 0.013208
163 0.314151 0.423585 0.016981 0.013208
164 0.009434 0.505660 0.015094 0.018868
165 0.041509 0.502830 0.015094 0.013208
166 0.059434 0.506604 0.016981 0.020755
167 0.085849 0.510377 0.028302 0.028302
168 0.116981 0.508491 0.030189 0.024528
169 0.162264 0.509434 0.030189 0.026415
170 0.208491 0.514151 0.035849 0.035849
171 0.243396 0.508491 0.030189 0.024528
172 0.281132 0.512264 0.033962 0.032075
173 0.329245 0.513208 0.035849 0.033962
174 0.018868 0.567925 0.033962 0.033962
175 0.073585 0.568868 0.041509 0.035849
176 0.125472 0.567925 0.035849 0.033962
177 0.180189 0.567925 0.039623 0.033962
178 0.221698 0.568868 0.039623 0.035849
179 0.277358 0.566038 0.060377 0.030189
180 0.336792 0.577358 0.028302 0.052830
