94 0.011321 0.030189 0.015094 0.022642
95 0.029245 0.030189 0.016981 0.022642
96 0.050000 0.030189 0.016981 0.022642
97 0.083962 0.030189 0.016981 0.022642
98 0.117925 0.030189 0.016981 0.022642
99 0.140566 0.030189 0.020755 0.022642
100 0.161321 0.030189 0.013208 0.022642
101 0.191509 0.030189 0.016981 0.022642
102 0.216981 0.030189 0.022642 0.022642
103 0.240566 0.032075 0.016981 0.026415
104 0.011321 0.077358 0.018868 0.026415
105 0.037736 0.075472 0.022642 0.022642
106 0.062264 0.080189 0.022642 0.032075
107 0.088679 0.081132 0.018868 0.033962
108 0.109434 0.081132 0.018868 0.033962
109 0.142453 0.081132 0.016981 0.033962
110 0.178302 0.075472 0.020755 0.022642
111 0.217925 0.075472 0.024528 0.022642
112 0.246226 0.075472 0.028302 0.022642
113 0.282075 0.075472 0.016981 0.022642
114 0.021698 0.128302 0.016981 0.022642
115 0.051887 0.128302 0.016981 0.022642
116 0.075472 0.128302 0.018868 0.022642
117 0.094340 0.128302 0.015094 0.022642
118 0.127358 0.128302 0.020755 0.022642
119 0.162264 0.128302 0.018868 0.022642
120 0.186792 0.134906 0.018868 0.035849
121 0.218868 0.128302 0.015094 0.022642
122 0.247170 0.134906 0.015094 0.035849
123 0.270755 0.128302 0.020755 0.022642
124 0.012264 0.189623 0.020755 0.035849
125 0.049057 0.183019 0.018868 0.022642
126 0.083962 0.183019 0.016981 0.022642
127 0.114151 0.183019 0.013208 0.022642
128 0.145283 0.183019 0.015094 0.022642
129 0.173585 0.187736 0.015094 0.032075
130 0.195283 0.183019 0.016981 0.022642
131 0.228302 0.187736 0.018868 0.032075
132 0.262264 0.183019 0.015094 0.022642
133 0.291509 0.184906 0.016981 0.026415
134 0.016981 0.237736 0.022642 0.022642
135 0.038679 0.239623 0.016981 0.026415
136 0.062264 0.237736 0.018868 0.022642
137 0.098113 0.239623 0.022642 0.026415
138 0.131132 0.237736 0.016981 0.022642
139 0.161321 0.239623 0.016981 0.026415
140 0.183019 0.237736 0.015094 0.022642
141 0.209434 0.236792 0.011321 0.020755
142 0.225472 0.231132 0.016981 0.009434
143 0.255660 0.237736 0.013208 0.022642
144 0.028302 0.290566 0.022642 0.037736
145 0.050000 0.275472 0.016981 0.007547
146 0.080189 0.276415 0.016981 0.009434
147 0.100000 0.277358 0.015094 0.011321
148 0.117925 0.276415 0.016981 0.009434
149 0.131132 0.277358 0.005660 0.011321
150 0.155660 0.278302 0.013208 0.013208
151 0.166981 0.273585 0.001887 0.003774
152 0.175472 0.283019 0.007547 0.022642
153 0.189623 0.283019 0.016981 0.022642
154 0.012264 0.347170 0.016981 0.037736
155 0.041509 0.347170 0.015094 0.037736
156 0.072642 0.347170 0.013208 0.037736
157 0.090566 0.343396 0.015094 0.030189
158 0.122642 0.343396 0.015094 0.030189
159 0.143396 0.334906 0.015094 0.013208
160 0.169811 0.331132 0.003774 0.005660
161 0.192453 0.334906 0.015094 0.013208
162 0.209434 0.333019 0.015094 0.009434
163 0.237736 0.333019 0.007547 0.009434
164 0.022642 0.388679 0.011321 0.007547
165 0.045283 0.388679 0.007547 0.007547
166 0.056604 0.391509 0.011321 0.013208
167 0.088679 0.396226 0.022642 0.022642
168 0.124528 0.393396 0.018868 0.016981
169 0.146226 0.396226 0.020755 0.022642
170 0.169811 0.396226 0.022642 0.022642
171 0.195283 0.393396 0.020755 0.016981
172 0.222642 0.397170 0.022642 0.024528
173 0.248113 0.397170 0.024528 0.024528
174 0.014151 0.439623 0.024528 0.022642
175 0.053774 0.440566 0.024528 0.024528
176 0.095283 0.440566 0.024528 0.024528
177 0.134906 0.440566 0.024528 0.024528
178 0.169811 0.439623 0.018868 0.022642
179 0.205660 0.438679 0.049057 0.020755
180 0.252830 0.446226 0.018868 0.035849
