0 0.005660 0.038679 0.007547 0.039623
1 0.031132 0.038679 0.013208 0.039623
2 0.066038 0.034906 0.026415 0.032075
3 0.094340 0.047170 0.022642 0.056604
4 0.127358 0.038679 0.035849 0.039623
5 0.169811 0.038679 0.037736 0.039623
6 0.197170 0.038679 0.005660 0.039623
7 0.223585 0.044340 0.013208 0.050943
8 0.252830 0.044340 0.011321 0.050943
9 0.269811 0.025472 0.015094 0.013208
10 0.027358 0.107547 0.024528 0.026415
11 0.048113 0.114151 0.005660 0.039623
12 0.061321 0.105660 0.016981 0.022642
13 0.089623 0.113208 0.005660 0.037736
14 0.121698 0.114151 0.024528 0.039623
15 0.166038 0.114151 0.030189 0.039623
16 0.205660 0.115094 0.022642 0.041509
17 0.233962 0.116038 0.026415 0.043396
18 0.272642 0.116981 0.024528 0.045283
19 0.307547 0.115094 0.033962 0.041509
20 0.030189 0.181132 0.026415 0.045283
21 0.061321 0.180189 0.028302 0.043396
22 0.103774 0.180189 0.026415 0.043396
23 0.133962 0.178302 0.026415 0.039623
24 0.178302 0.179245 0.028302 0.041509
25 0.210377 0.169811 0.005660 0.022642
26 0.219811 0.173585 0.005660 0.030189
27 0.240566 0.169811 0.024528 0.022642
28 0.267925 0.164151 0.026415 0.011321
29 0.296226 0.171698 0.022642 0.026415
30 0.029245 0.244340 0.024528 0.043396
31 0.066038 0.245283 0.045283 0.045283
32 0.127358 0.242453 0.043396 0.039623
33 0.167925 0.242453 0.030189 0.039623
34 0.206604 0.244340 0.039623 0.043396
35 0.265094 0.242453 0.047170 0.039623
36 0.308491 0.243396 0.028302 0.041509
37 0.351887 0.243396 0.028302 0.041509
38 0.387736 0.243396 0.039623 0.041509
39 0.434906 0.242453 0.047170 0.039623
40 0.014151 0.306604 0.016981 0.039623
41 0.049057 0.313208 0.018868 0.052830
42 0.096226 0.307547 0.041509 0.041509
43 0.148113 0.309434 0.028302 0.045283
44 0.204717 0.306604 0.058491 0.039623
45 0.271698 0.307547 0.045283 0.041509
46 0.323585 0.306604 0.047170 0.039623
47 0.366038 0.306604 0.030189 0.039623
48 0.420755 0.313208 0.049057 0.052830
49 0.466038 0.307547 0.037736 0.041509
50 0.017925 0.380189 0.024528 0.043396
51 0.056604 0.378302 0.041509 0.039623
52 0.103774 0.378302 0.041509 0.039623
53 0.152830 0.379245 0.045283 0.041509
54 0.207547 0.379245 0.060377 0.041509
55 0.263208 0.379245 0.039623 0.041509
56 0.309434 0.378302 0.041509 0.039623
57 0.363208 0.383962 0.035849 0.050943
58 0.392453 0.383962 0.011321 0.050943
59 0.425472 0.378302 0.024528 0.039623
60 0.010377 0.453774 0.009434 0.050943
61 0.029245 0.449057 0.024528 0.041509
62 0.057547 0.435849 0.028302 0.015094
63 0.094340 0.439623 0.011321 0.022642
64 0.125472 0.448113 0.043396 0.039623
65 0.166038 0.448113 0.030189 0.039623
66 0.214151 0.450000 0.039623 0.043396
67 0.272642 0.448113 0.047170 0.039623
68 0.312264 0.449057 0.028302 0.041509
69 0.344340 0.449057 0.028302 0.041509
70 0.021698 0.518868 0.039623 0.041509
71 0.082075 0.517925 0.047170 0.039623
72 0.131132 0.517925 0.016981 0.039623
73 0.152830 0.524528 0.018868 0.052830
74 0.200000 0.518868 0.041509 0.041509
75 0.250000 0.520755 0.028302 0.045283
76 0.299057 0.517925 0.058491 0.039623
77 0.366038 0.518868 0.045283 0.041509
78 0.417925 0.517925 0.047170 0.039623
79 0.462264 0.517925 0.030189 0.039623
80 0.039623 0.596226 0.049057 0.052830
81 0.084906 0.590566 0.037736 0.041509
82 0.121698 0.591509 0.024528 0.043396
83 0.171698 0.589623 0.041509 0.039623
84 0.230189 0.589623 0.041509 0.039623
85 0.290566 0.590566 0.045283 0.041509
86 0.345283 0.590566 0.060377 0.041509
87 0.399057 0.590566 0.039623 0.041509
88 0.443396 0.589623 0.041509 0.039623
89 0.487736 0.595283 0.035849 0.050943
90 0.022642 0.666981 0.015094 0.050943
91 0.045283 0.670755 0.003774 0.058491
92 0.068868 0.666981 0.013208 0.050943
93 0.100000 0.658491 0.022642 0.033962
