94 0.022642 0.030189 0.015094 0.022642
95 0.054717 0.030189 0.015094 0.022642
96 0.083019 0.030189 0.015094 0.022642
97 0.100000 0.030189 0.015094 0.022642
98 0.132075 0.029245 0.015094 0.020755
99 0.153774 0.030189 0.016981 0.022642
100 0.182075 0.030189 0.013208 0.022642
101 0.208491 0.030189 0.013208 0.022642
102 0.237736 0.030189 0.018868 0.022642
103 0.256604 0.030189 0.015094 0.022642
104 0.020755 0.071698 0.015094 0.022642
105 0.056604 0.071698 0.022642 0.022642
106 0.095283 0.075472 0.024528 0.030189
107 0.119811 0.076415 0.016981 0.032075
108 0.151887 0.076415 0.016981 0.032075
109 0.168868 0.076415 0.013208 0.032075
110 0.189623 0.071698 0.020755 0.022642
111 0.216038 0.070755 0.024528 0.020755
112 0.243396 0.071698 0.026415 0.022642
113 0.266038 0.071698 0.015094 0.022642
114 0.022642 0.122642 0.015094 0.022642
115 0.039623 0.122642 0.015094 0.022642
116 0.072642 0.122642 0.016981 0.022642
117 0.090566 0.122642 0.015094 0.022642
118 0.120755 0.122642 0.018868 0.022642
119 0.153774 0.122642 0.016981 0.022642
120 0.183962 0.126415 0.016981 0.030189
121 0.216981 0.121698 0.015094 0.020755
122 0.237736 0.126415 0.015094 0.030189
123 0.269811 0.122642 0.018868 0.022642
124 0.022642 0.175472 0.018868 0.030189
125 0.046226 0.171698 0.016981 0.022642
126 0.066981 0.170755 0.016981 0.020755
127 0.100000 0.170755 0.015094 0.020755
128 0.131132 0.171698 0.013208 0.022642
129 0.158491 0.176415 0.015094 0.032075
130 0.188679 0.171698 0.015094 0.022642
131 0.217925 0.171698 0.016981 0.022642
132 0.234906 0.171698 0.013208 0.022642
133 0.264151 0.172642 0.018868 0.024528
134 0.024528 0.222642 0.018868 0.022642
135 0.057547 0.222642 0.016981 0.022642
136 0.087736 0.222642 0.016981 0.022642
137 0.118868 0.223585 0.018868 0.024528
138 0.150943 0.222642 0.015094 0.022642
139 0.169811 0.222642 0.015094 0.022642
140 0.189623 0.222642 0.013208 0.022642
141 0.218868 0.220755 0.011321 0.018868
142 0.245283 0.215094 0.011321 0.007547
143 0.258491 0.214151 0.011321 0.005660
144 0.023585 0.262264 0.020755 0.015094
145 0.054717 0.257547 0.015094 0.005660
146 0.073585 0.259434 0.015094 0.009434
147 0.106604 0.258491 0.016981 0.007547
148 0.126415 0.258491 0.015094 0.007547
149 0.151887 0.258491 0.005660 0.007547
150 0.163208 0.259434 0.009434 0.009434
151 0.185849 0.257547 0.005660 0.005660
152 0.193396 0.266038 0.005660 0.022642
153 0.216981 0.266038 0.015094 0.022642
154 0.008491 0.313208 0.013208 0.033962
155 0.034906 0.313208 0.013208 0.033962
156 0.049057 0.312264 0.011321 0.032075
157 0.066981 0.312264 0.013208 0.032075
158 0.083019 0.312264 0.011321 0.032075
159 0.112264 0.300943 0.013208 0.009434
160 0.136792 0.300943 0.001887 0.009434
161 0.147170 0.300000 0.011321 0.007547
162 0.176415 0.300943 0.013208 0.009434
163 0.200943 0.300943 0.009434 0.009434
164 0.020755 0.352830 0.007547 0.007547
165 0.031132 0.352830 0.005660 0.007547
166 0.050943 0.353774 0.007547 0.009434
167 0.079245 0.358491 0.018868 0.018868
168 0.104717 0.358491 0.020755 0.018868
169 0.130189 0.358491 0.018868 0.018868
170 0.154717 0.360377 0.022642 0.022642
171 0.192453 0.357547 0.018868 0.016981
172 0.216981 0.359434 0.018868 0.020755
173 0.239623 0.360377 0.018868 0.022642
174 0.026415 0.401887 0.022642 0.022642
175 0.053774 0.401887 0.024528 0.022642
176 0.078302 0.401887 0.020755 0.022642
177 0.115094 0.401887 0.026415 0.022642
178 0.142453 0.401887 0.016981 0.022642
179 0.185849 0.400000 0.035849 0.018868
180 0.228302 0.407547 0.015094 0.033962
