94 0.013208 0.031132 0.022642 0.024528
95 0.049057 0.031132 0.018868 0.024528
96 0.073585 0.031132 0.022642 0.024528
97 0.113208 0.031132 0.026415 0.024528
98 0.151887 0.031132 0.024528 0.024528
99 0.190566 0.031132 0.026415 0.024528
100 0.213208 0.031132 0.015094 0.024528
101 0.246226 0.031132 0.020755 0.024528
102 0.282075 0.031132 0.020755 0.024528
103 0.307547 0.032075 0.022642 0.026415
104 0.014151 0.077358 0.024528 0.026415
105 0.056604 0.076415 0.033962 0.024528
106 0.107547 0.080189 0.033962 0.032075
107 0.137736 0.081132 0.022642 0.033962
108 0.166038 0.081132 0.022642 0.033962
109 0.188679 0.080189 0.018868 0.032075
110 0.215094 0.076415 0.026415 0.024528
111 0.261321 0.076415 0.035849 0.024528
112 0.297170 0.076415 0.032075 0.024528
113 0.329245 0.076415 0.024528 0.024528
114 0.017925 0.129245 0.024528 0.024528
115 0.054717 0.129245 0.022642 0.024528
116 0.084906 0.129245 0.026415 0.024528
117 0.126415 0.129245 0.022642 0.024528
118 0.164151 0.129245 0.026415 0.024528
119 0.206604 0.129245 0.024528 0.024528
120 0.232075 0.134906 0.022642 0.035849
121 0.257547 0.129245 0.024528 0.024528
122 0.285849 0.134906 0.024528 0.035849
123 0.330189 0.129245 0.030189 0.024528
124 0.020755 0.189623 0.030189 0.035849
125 0.061321 0.183962 0.024528 0.024528
126 0.101887 0.183962 0.026415 0.024528
127 0.138679 0.183962 0.020755 0.024528
128 0.161321 0.183962 0.020755 0.024528
129 0.199057 0.188679 0.020755 0.033962
130 0.222642 0.183962 0.022642 0.024528
131 0.247170 0.188679 0.022642 0.033962
132 0.274528 0.183962 0.020755 0.024528
133 0.300000 0.185849 0.026415 0.028302
134 0.015094 0.238679 0.026415 0.024528
135 0.056604 0.240566 0.022642 0.028302
136 0.082075 0.238679 0.024528 0.024528
137 0.112264 0.243396 0.028302 0.033962
138 0.152830 0.238679 0.022642 0.024528
139 0.182075 0.240566 0.024528 0.028302
140 0.208491 0.238679 0.020755 0.024528
141 0.240566 0.237736 0.016981 0.022642
142 0.271698 0.229245 0.018868 0.005660
143 0.293396 0.238679 0.016981 0.024528
144 0.020755 0.298113 0.030189 0.037736
145 0.049057 0.283019 0.018868 0.007547
146 0.071698 0.283019 0.018868 0.007547
147 0.093396 0.283019 0.020755 0.007547
148 0.115094 0.283019 0.018868 0.007547
149 0.143396 0.283962 0.007547 0.009434
150 0.170755 0.283962 0.016981 0.009434
151 0.194340 0.281132 0.003774 0.003774
152 0.217925 0.291509 0.009434 0.024528
153 0.237736 0.291509 0.022642 0.024528
154 0.014151 0.357547 0.016981 0.043396
155 0.033019 0.357547 0.016981 0.043396
156 0.066038 0.357547 0.015094 0.043396
157 0.100000 0.352830 0.018868 0.033962
158 0.133019 0.348113 0.020755 0.024528
159 0.166981 0.339623 0.020755 0.007547
160 0.183962 0.339623 0.005660 0.007547
161 0.197170 0.340566 0.016981 0.009434
162 0.231132 0.339623 0.020755 0.007547
163 0.259434 0.339623 0.009434 0.007547
164 0.017925 0.401887 0.009434 0.007547
165 0.029245 0.402830 0.009434 0.009434
166 0.052830 0.405660 0.011321 0.015094
167 0.076415 0.410377 0.024528 0.024528
168 0.104717 0.407547 0.020755 0.018868
169 0.143396 0.409434 0.022642 0.022642
170 0.171698 0.410377 0.022642 0.024528
171 0.197170 0.407547 0.024528 0.018868
172 0.238679 0.410377 0.024528 0.024528
173 0.276415 0.410377 0.024528 0.024528
174 0.025472 0.453774 0.020755 0.024528
175 0.063208 0.454717 0.024528 0.026415
176 0.101887 0.453774 0.022642 0.024528
177 0.129245 0.454717 0.024528 0.026415
178 0.171698 0.453774 0.030189 0.024528
179 0.210377 0.451887 0.043396 0.020755
180 0.261321 0.459434 0.024528 0.035849
