0 0.021698 0.038679 0.009434 0.039623
1 0.038679 0.047170 0.020755 0.056604
2 0.083019 0.040566 0.033962 0.043396
3 0.125472 0.043396 0.024528 0.049057
4 0.161321 0.039623 0.043396 0.041509
5 0.207547 0.038679 0.041509 0.039623
6 0.247170 0.047170 0.007547 0.056604
7 0.262264 0.043396 0.015094 0.049057
8 0.283019 0.043396 0.015094 0.049057
9 0.305660 0.030189 0.022642 0.022642
10 0.030189 0.110377 0.030189 0.032075
11 0.065094 0.125472 0.009434 0.062264
12 0.080189 0.116981 0.016981 0.045283
13 0.110377 0.117925 0.009434 0.047170
14 0.133019 0.114151 0.024528 0.039623
15 0.172642 0.114151 0.024528 0.039623
16 0.198113 0.114151 0.018868 0.039623
17 0.222642 0.114151 0.026415 0.039623
18 0.253774 0.114151 0.024528 0.039623
19 0.293396 0.114151 0.028302 0.039623
20 0.016038 0.195283 0.024528 0.039623
21 0.057547 0.195283 0.024528 0.039623
22 0.087736 0.195283 0.024528 0.039623
23 0.125472 0.195283 0.024528 0.039623
24 0.164151 0.195283 0.026415 0.039623
25 0.183962 0.189623 0.009434 0.028302
26 0.208491 0.195283 0.009434 0.039623
27 0.243396 0.189623 0.030189 0.028302
28 0.277358 0.184906 0.030189 0.018868
29 0.324528 0.189623 0.030189 0.028302
30 0.013208 0.253774 0.018868 0.039623
31 0.052830 0.259434 0.049057 0.050943
32 0.102830 0.253774 0.043396 0.039623
33 0.154717 0.253774 0.033962 0.039623
34 0.205660 0.253774 0.037736 0.039623
35 0.248113 0.253774 0.043396 0.039623
36 0.293396 0.253774 0.035849 0.039623
37 0.332075 0.253774 0.033962 0.039623
38 0.384906 0.253774 0.045283 0.039623
39 0.445283 0.253774 0.045283 0.039623
40 0.016038 0.323585 0.020755 0.039623
41 0.053774 0.323585 0.024528 0.039623
42 0.092453 0.323585 0.045283 0.039623
43 0.148113 0.323585 0.035849 0.039623
44 0.206604 0.323585 0.054717 0.039623
45 0.273585 0.323585 0.045283 0.039623
46 0.333962 0.323585 0.041509 0.039623
47 0.386792 0.323585 0.033962 0.039623
48 0.439623 0.330189 0.045283 0.052830
49 0.496226 0.323585 0.041509 0.039623
50 0.025472 0.395283 0.024528 0.039623
51 0.057547 0.395283 0.035849 0.039623
52 0.115094 0.395283 0.045283 0.039623
53 0.172642 0.395283 0.039623 0.039623
54 0.235849 0.395283 0.060377 0.039623
55 0.292453 0.395283 0.041509 0.039623
56 0.337736 0.395283 0.041509 0.039623
57 0.377358 0.395283 0.033962 0.039623
58 0.403774 0.401887 0.011321 0.052830
59 0.436792 0.395283 0.024528 0.039623
60 0.021698 0.473585 0.013208 0.052830
61 0.045283 0.467925 0.022642 0.041509
62 0.076415 0.462264 0.028302 0.030189
63 0.112264 0.461321 0.009434 0.028302
64 0.133962 0.461321 0.026415 0.028302
65 0.173585 0.467925 0.026415 0.041509
66 0.215094 0.461321 0.022642 0.028302
67 0.242453 0.467925 0.028302 0.041509
68 0.283019 0.461321 0.022642 0.028302
69 0.318868 0.467925 0.022642 0.041509
70 0.030189 0.538679 0.026415 0.039623
71 0.065094 0.539623 0.032075 0.041509
72 0.101887 0.539623 0.015094 0.041509
73 0.119811 0.545283 0.016981 0.052830
74 0.146226 0.539623 0.032075 0.041509
75 0.186792 0.539623 0.015094 0.041509
76 0.219811 0.533019 0.047170 0.028302
77 0.261321 0.533019 0.032075 0.028302
78 0.305660 0.533019 0.026415 0.028302
79 0.334906 0.538679 0.028302 0.039623
80 0.019811 0.610377 0.028302 0.039623
81 0.049057 0.604717 0.022642 0.028302
82 0.073585 0.604717 0.018868 0.028302
83 0.105660 0.607547 0.018868 0.033962
84 0.145283 0.604717 0.030189 0.028302
85 0.186792 0.604717 0.026415 0.028302
86 0.227358 0.604717 0.043396 0.028302
87 0.279245 0.604717 0.030189 0.028302
88 0.323585 0.610377 0.028302 0.039623
89 0.350943 0.604717 0.022642 0.028302
90 0.008491 0.674528 0.013208 0.050943
91 0.019811 0.672642 0.005660 0.047170
92 0.035849 0.674528 0.015094 0.050943
93 0.071698 0.683019 0.030189 0.067925
