0 0.016981 0.040566 0.003774 0.043396
1 0.030189 0.038679 0.011321 0.039623
2 0.064151 0.040566 0.026415 0.043396
3 0.102830 0.044340 0.016981 0.050943
4 0.133962 0.040566 0.033962 0.043396
5 0.166038 0.040566 0.018868 0.043396
6 0.182075 0.038679 0.001887 0.039623
7 0.191509 0.043396 0.009434 0.049057
8 0.204717 0.043396 0.009434 0.049057
9 0.233962 0.028302 0.015094 0.018868
10 0.026415 0.098113 0.018868 0.018868
11 0.051887 0.102830 0.005660 0.028302
12 0.063208 0.100000 0.009434 0.022642
13 0.083962 0.102830 0.005660 0.028302
14 0.099057 0.110377 0.020755 0.043396
15 0.134906 0.110377 0.016981 0.043396
16 0.161321 0.110377 0.005660 0.043396
17 0.178302 0.110377 0.016981 0.043396
18 0.212264 0.110377 0.016981 0.043396
19 0.247170 0.110377 0.018868 0.043396
20 0.021698 0.172642 0.016981 0.043396
21 0.051887 0.172642 0.016981 0.043396
22 0.070755 0.172642 0.016981 0.043396
23 0.100943 0.172642 0.016981 0.043396
24 0.133019 0.172642 0.016981 0.043396
25 0.161321 0.162264 0.005660 0.022642
26 0.183962 0.164151 0.005660 0.026415
27 0.195283 0.161321 0.013208 0.020755
28 0.213208 0.157547 0.018868 0.013208
29 0.244340 0.161321 0.013208 0.020755
30 0.012264 0.234906 0.016981 0.043396
31 0.048113 0.234906 0.024528 0.043396
32 0.071698 0.234906 0.018868 0.043396
33 0.104717 0.234906 0.016981 0.043396
34 0.136792 0.234906 0.016981 0.043396
35 0.159434 0.234906 0.016981 0.043396
36 0.178302 0.234906 0.013208 0.043396
37 0.197170 0.234906 0.013208 0.043396
38 0.216038 0.234906 0.016981 0.043396
39 0.236792 0.234906 0.016981 0.043396
40 0.005660 0.297170 0.003774 0.043396
41 0.031132 0.297170 0.016981 0.043396
42 0.053774 0.297170 0.016981 0.043396
43 0.072642 0.297170 0.013208 0.043396
44 0.095283 0.297170 0.020755 0.043396
45 0.119811 0.297170 0.016981 0.043396
46 0.153774 0.297170 0.016981 0.043396
47 0.172642 0.297170 0.016981 0.043396
48 0.206604 0.297170 0.020755 0.043396
49 0.227358 0.297170 0.016981 0.043396
50 0.012264 0.359434 0.016981 0.043396
51 0.046226 0.359434 0.016981 0.043396
52 0.080189 0.359434 0.016981 0.043396
53 0.113208 0.359434 0.018868 0.043396
54 0.141509 0.359434 0.026415 0.043396
55 0.166038 0.359434 0.018868 0.043396
56 0.190566 0.359434 0.018868 0.043396
57 0.213208 0.359434 0.015094 0.043396
58 0.227358 0.363208 0.009434 0.050943
59 0.244340 0.359434 0.020755 0.043396
60 0.011321 0.433019 0.011321 0.050943
61 0.028302 0.422642 0.015094 0.030189
62 0.048113 0.422642 0.020755 0.030189
63 0.077358 0.416038 0.007547 0.016981
64 0.103774 0.420755 0.015094 0.026415
65 0.124528 0.429245 0.015094 0.043396
66 0.142453 0.420755 0.013208 0.026415
67 0.158491 0.429245 0.015094 0.043396
68 0.176415 0.420755 0.013208 0.026415
69 0.201887 0.429245 0.011321 0.043396
70 0.020755 0.496226 0.015094 0.037736
71 0.049057 0.499057 0.015094 0.043396
72 0.062264 0.496226 0.003774 0.037736
73 0.083019 0.501887 0.007547 0.049057
74 0.110377 0.499057 0.013208 0.043396
75 0.132075 0.499057 0.003774 0.043396
76 0.150943 0.490566 0.026415 0.026415
77 0.173585 0.490566 0.015094 0.026415
78 0.205660 0.490566 0.015094 0.026415
79 0.235849 0.496226 0.015094 0.037736
80 0.024528 0.564151 0.015094 0.037736
81 0.040566 0.558491 0.013208 0.026415
82 0.055660 0.558491 0.013208 0.026415
83 0.073585 0.563208 0.011321 0.035849
84 0.100000 0.558491 0.015094 0.026415
85 0.128302 0.558491 0.015094 0.026415
86 0.153774 0.558491 0.024528 0.026415
87 0.188679 0.558491 0.015094 0.026415
88 0.216981 0.564151 0.015094 0.037736
89 0.248113 0.558491 0.013208 0.026415
90 0.022642 0.627358 0.015094 0.050943
91 0.047170 0.628302 0.003774 0.052830
92 0.073585 0.627358 0.015094 0.050943
93 0.094340 0.624528 0.018868 0.045283
