0 0.005660 0.041509 0.003774 0.045283
1 0.015094 0.033019 0.007547 0.028302
2 0.033019 0.041509 0.016981 0.045283
3 0.065094 0.044340 0.013208 0.050943
4 0.091509 0.040566 0.028302 0.043396
5 0.133019 0.039623 0.020755 0.041509
6 0.147170 0.033019 0.003774 0.028302
7 0.169811 0.046226 0.007547 0.054717
8 0.191509 0.045283 0.009434 0.052830
9 0.212264 0.030189 0.020755 0.022642
10 0.012264 0.100943 0.013208 0.016981
11 0.022642 0.106604 0.003774 0.028302
12 0.034906 0.103774 0.009434 0.022642
13 0.056604 0.101887 0.003774 0.018868
14 0.066038 0.112264 0.011321 0.039623
15 0.095283 0.114151 0.013208 0.043396
16 0.122642 0.114151 0.011321 0.043396
17 0.147170 0.114151 0.011321 0.043396
18 0.176415 0.114151 0.013208 0.043396
19 0.203774 0.114151 0.011321 0.043396
20 0.020755 0.177358 0.011321 0.045283
21 0.046226 0.176415 0.009434 0.043396
22 0.061321 0.176415 0.009434 0.043396
23 0.073585 0.177358 0.011321 0.045283
24 0.097170 0.177358 0.009434 0.045283
25 0.105660 0.166981 0.003774 0.024528
26 0.111321 0.168868 0.003774 0.028302
27 0.121698 0.174528 0.013208 0.039623
28 0.140566 0.158491 0.013208 0.007547
29 0.156604 0.174528 0.011321 0.039623
30 0.005660 0.240566 0.007547 0.043396
31 0.037736 0.243396 0.026415 0.049057
32 0.075472 0.240566 0.015094 0.043396
33 0.103774 0.240566 0.011321 0.043396
34 0.133962 0.240566 0.015094 0.043396
35 0.153774 0.240566 0.013208 0.043396
36 0.182075 0.240566 0.009434 0.043396
37 0.194340 0.240566 0.007547 0.043396
38 0.208491 0.241509 0.016981 0.045283
39 0.225472 0.240566 0.013208 0.043396
40 0.020755 0.308491 0.007547 0.043396
41 0.044340 0.309434 0.009434 0.045283
42 0.062264 0.309434 0.015094 0.045283
43 0.088679 0.308491 0.007547 0.043396
44 0.106604 0.309434 0.016981 0.045283
45 0.128302 0.308491 0.015094 0.043396
46 0.156604 0.309434 0.015094 0.045283
47 0.172642 0.308491 0.009434 0.043396
48 0.199057 0.312264 0.016981 0.050943
49 0.216981 0.308491 0.011321 0.043396
50 0.017925 0.379245 0.009434 0.045283
51 0.029245 0.378302 0.009434 0.043396
52 0.043396 0.379245 0.015094 0.045283
53 0.059434 0.377358 0.013208 0.041509
54 0.081132 0.378302 0.022642 0.043396
55 0.111321 0.378302 0.011321 0.043396
56 0.136792 0.378302 0.009434 0.043396
57 0.163208 0.378302 0.009434 0.043396
58 0.177358 0.379245 0.011321 0.045283
59 0.194340 0.378302 0.011321 0.043396
60 0.017925 0.443396 0.009434 0.045283
61 0.043396 0.449057 0.011321 0.056604
62 0.073585 0.428302 0.022642 0.015094
63 0.095283 0.429245 0.009434 0.016981
64 0.110377 0.439623 0.013208 0.037736
65 0.123585 0.439623 0.009434 0.037736
66 0.137736 0.439623 0.011321 0.037736
67 0.165094 0.439623 0.013208 0.037736
68 0.191509 0.439623 0.009434 0.037736
69 0.217925 0.439623 0.009434 0.037736
70 0.023585 0.515094 0.013208 0.037736
71 0.052830 0.515094 0.011321 0.037736
72 0.076415 0.515094 0.009434 0.037736
73 0.101887 0.516981 0.011321 0.041509
74 0.117925 0.515094 0.013208 0.037736
75 0.146226 0.515094 0.009434 0.037736
76 0.178302 0.516981 0.024528 0.041509
77 0.213208 0.515094 0.018868 0.037736
78 0.231132 0.516038 0.013208 0.039623
79 0.255660 0.516038 0.009434 0.039623
80 0.023585 0.581132 0.013208 0.049057
81 0.040566 0.575472 0.009434 0.037736
82 0.051887 0.575472 0.009434 0.037736
83 0.064151 0.575472 0.011321 0.037736
84 0.080189 0.575472 0.013208 0.037736
85 0.096226 0.575472 0.015094 0.037736
86 0.118868 0.575472 0.018868 0.037736
87 0.138679 0.575472 0.009434 0.037736
88 0.164151 0.575472 0.011321 0.037736
89 0.178302 0.575472 0.009434 0.037736
90 0.020755 0.646226 0.011321 0.043396
91 0.042453 0.647170 0.001887 0.045283
92 0.051887 0.646226 0.013208 0.043396
93 0.071698 0.635849 0.018868 0.022642
