94 0.008491 0.031132 0.013208 0.024528
95 0.038679 0.029245 0.013208 0.020755
96 0.054717 0.030189 0.011321 0.022642
97 0.082075 0.031132 0.013208 0.024528
98 0.110377 0.031132 0.013208 0.024528
99 0.129245 0.030189 0.013208 0.022642
100 0.151887 0.029245 0.005660 0.020755
101 0.166038 0.030189 0.015094 0.022642
102 0.186792 0.030189 0.015094 0.022642
103 0.204717 0.031132 0.013208 0.024528
104 0.012264 0.074528 0.013208 0.024528
105 0.044340 0.074528 0.024528 0.024528
106 0.082075 0.076415 0.024528 0.028302
107 0.114151 0.077358 0.013208 0.030189
108 0.131132 0.077358 0.013208 0.030189
109 0.159434 0.076415 0.013208 0.028302
110 0.179245 0.073585 0.015094 0.022642
111 0.201887 0.074528 0.026415 0.024528
112 0.233019 0.074528 0.024528 0.024528
113 0.267925 0.073585 0.015094 0.022642
114 0.022642 0.123585 0.015094 0.024528
115 0.042453 0.123585 0.013208 0.024528
116 0.061321 0.123585 0.013208 0.024528
117 0.077358 0.123585 0.015094 0.024528
118 0.107547 0.122642 0.015094 0.022642
119 0.127358 0.121698 0.013208 0.020755
120 0.155660 0.124528 0.013208 0.026415
121 0.174528 0.120755 0.016981 0.018868
122 0.206604 0.123585 0.016981 0.024528
123 0.235849 0.119811 0.015094 0.016981
124 0.023585 0.167925 0.016981 0.022642
125 0.053774 0.168868 0.013208 0.024528
126 0.082075 0.167925 0.013208 0.022642
127 0.109434 0.167925 0.015094 0.022642
128 0.125472 0.167925 0.013208 0.022642
129 0.153774 0.171698 0.013208 0.030189
130 0.184906 0.167925 0.015094 0.022642
131 0.214151 0.171698 0.013208 0.030189
132 0.241509 0.168868 0.015094 0.024528
133 0.271698 0.169811 0.015094 0.026415
134 0.019811 0.216038 0.013208 0.020755
135 0.051887 0.217925 0.016981 0.024528
136 0.082075 0.216981 0.013208 0.022642
137 0.100943 0.216981 0.016981 0.022642
138 0.132075 0.215094 0.015094 0.018868
139 0.152830 0.217925 0.015094 0.024528
140 0.170755 0.218868 0.013208 0.026415
141 0.183019 0.214151 0.003774 0.016981
142 0.206604 0.208491 0.013208 0.005660
143 0.231132 0.217925 0.009434 0.024528
144 0.012264 0.265094 0.016981 0.028302
145 0.030189 0.252830 0.011321 0.003774
146 0.053774 0.252830 0.005660 0.003774
147 0.063208 0.251887 0.005660 0.001887
148 0.074528 0.252830 0.005660 0.003774
149 0.093396 0.253774 0.001887 0.005660
150 0.102830 0.253774 0.009434 0.005660
151 0.110377 0.252830 0.001887 0.003774
152 0.114151 0.262264 0.001887 0.022642
153 0.134906 0.262264 0.009434 0.022642
154 0.008491 0.317925 0.005660 0.039623
155 0.027358 0.316981 0.005660 0.037736
156 0.047170 0.317925 0.003774 0.039623
157 0.056604 0.313208 0.007547 0.030189
158 0.080189 0.311321 0.013208 0.026415
159 0.107547 0.301887 0.011321 0.007547
160 0.131132 0.301887 0.001887 0.007547
161 0.138679 0.300943 0.009434 0.005660
162 0.163208 0.300000 0.009434 0.003774
163 0.186792 0.300000 0.007547 0.003774
164 0.005660 0.358491 0.003774 0.003774
165 0.025472 0.358491 0.005660 0.003774
166 0.048113 0.359434 0.009434 0.005660
167 0.063208 0.364151 0.013208 0.015094
168 0.092453 0.363208 0.015094 0.013208
169 0.107547 0.364151 0.011321 0.015094
170 0.133962 0.367925 0.015094 0.022642
171 0.163208 0.364151 0.016981 0.015094
172 0.197170 0.367925 0.016981 0.022642
173 0.227358 0.367925 0.016981 0.022642
174 0.018868 0.405660 0.011321 0.015094
175 0.035849 0.409434 0.018868 0.022642
176 0.068868 0.409434 0.016981 0.022642
177 0.102830 0.410377 0.016981 0.024528
178 0.127358 0.411321 0.020755 0.026415
179 0.172642 0.407547 0.043396 0.018868
180 0.218868 0.415094 0.018868 0.033962
