0 0.010377 0.038679 0.009434 0.039623
1 0.027358 0.041509 0.016981 0.045283
2 0.066038 0.037736 0.026415 0.037736
3 0.107547 0.044340 0.030189 0.050943
4 0.152830 0.037736 0.049057 0.037736
5 0.214151 0.037736 0.043396 0.037736
6 0.253774 0.041509 0.005660 0.045283
7 0.266038 0.045283 0.011321 0.052830
8 0.279245 0.045283 0.011321 0.052830
9 0.300000 0.030189 0.022642 0.022642
10 0.015094 0.104717 0.026415 0.028302
11 0.050943 0.118868 0.011321 0.056604
12 0.065094 0.107547 0.013208 0.033962
13 0.091509 0.114151 0.009434 0.047170
14 0.112264 0.115094 0.024528 0.049057
15 0.158491 0.110377 0.033962 0.039623
16 0.191509 0.110377 0.024528 0.039623
17 0.221698 0.111321 0.032075 0.041509
18 0.259434 0.110377 0.032075 0.039623
19 0.305660 0.110377 0.033962 0.039623
20 0.033019 0.185849 0.032075 0.039623
21 0.079245 0.185849 0.033962 0.039623
22 0.114151 0.185849 0.032075 0.039623
23 0.149057 0.185849 0.030189 0.039623
24 0.197170 0.185849 0.032075 0.039623
25 0.223585 0.180189 0.009434 0.028302
26 0.248113 0.184906 0.009434 0.037736
27 0.283019 0.180189 0.026415 0.028302
28 0.313208 0.174528 0.026415 0.016981
29 0.341509 0.180189 0.026415 0.028302
30 0.020755 0.244340 0.030189 0.039623
31 0.063208 0.249057 0.047170 0.049057
32 0.110377 0.243396 0.039623 0.037736
33 0.154717 0.243396 0.037736 0.037736
34 0.196226 0.243396 0.037736 0.037736
35 0.251887 0.243396 0.039623 0.037736
36 0.305660 0.243396 0.037736 0.037736
37 0.355660 0.243396 0.035849 0.037736
38 0.407547 0.243396 0.041509 0.037736
39 0.466038 0.243396 0.041509 0.037736
40 0.011321 0.311321 0.018868 0.037736
41 0.041509 0.311321 0.033962 0.037736
42 0.082075 0.311321 0.043396 0.037736
43 0.124528 0.311321 0.033962 0.037736
44 0.169811 0.311321 0.049057 0.037736
45 0.226415 0.311321 0.037736 0.037736
46 0.271698 0.311321 0.041509 0.037736
47 0.316038 0.311321 0.035849 0.037736
48 0.358491 0.316981 0.041509 0.049057
49 0.416981 0.311321 0.041509 0.037736
50 0.032075 0.379245 0.033962 0.037736
51 0.083962 0.379245 0.035849 0.037736
52 0.123585 0.379245 0.039623 0.037736
53 0.165094 0.379245 0.039623 0.037736
54 0.226415 0.379245 0.052830 0.037736
55 0.278302 0.379245 0.043396 0.037736
56 0.334906 0.379245 0.039623 0.037736
57 0.386792 0.379245 0.033962 0.037736
58 0.416038 0.386792 0.013208 0.052830
59 0.439623 0.384906 0.022642 0.049057
60 0.019811 0.458491 0.013208 0.052830
61 0.041509 0.454717 0.026415 0.045283
62 0.072642 0.447170 0.028302 0.030189
63 0.111321 0.449057 0.015094 0.033962
64 0.135849 0.446226 0.030189 0.028302
65 0.180189 0.452830 0.032075 0.041509
66 0.214151 0.446226 0.028302 0.028302
67 0.250000 0.452830 0.032075 0.041509
68 0.283962 0.446226 0.028302 0.028302
69 0.314151 0.452830 0.024528 0.041509
70 0.028302 0.525472 0.030189 0.043396
71 0.076415 0.524528 0.035849 0.041509
72 0.104717 0.523585 0.016981 0.039623
73 0.125472 0.530189 0.020755 0.052830
74 0.157547 0.524528 0.035849 0.041509
75 0.187736 0.524528 0.016981 0.041509
76 0.238679 0.517925 0.050943 0.028302
77 0.295283 0.517925 0.035849 0.028302
78 0.343396 0.517925 0.030189 0.028302
79 0.376415 0.524528 0.032075 0.041509
80 0.017925 0.596226 0.032075 0.041509
81 0.063208 0.589623 0.024528 0.028302
82 0.103774 0.589623 0.026415 0.028302
83 0.132075 0.594340 0.022642 0.037736
84 0.173585 0.589623 0.033962 0.028302
85 0.222642 0.589623 0.033962 0.028302
86 0.277358 0.589623 0.045283 0.028302
87 0.333962 0.589623 0.033962 0.028302
88 0.383019 0.596226 0.033962 0.041509
89 0.416038 0.589623 0.028302 0.028302
90 0.019811 0.662264 0.013208 0.052830
91 0.032075 0.662264 0.007547 0.052830
92 0.045283 0.662264 0.015094 0.052830
93 0.069811 0.664151 0.026415 0.056604
