94 0.011321 0.029245 0.011321 0.020755
95 0.035849 0.029245 0.011321 0.020755
96 0.049057 0.029245 0.011321 0.020755
97 0.077358 0.029245 0.011321 0.020755
98 0.101887 0.029245 0.011321 0.020755
99 0.130189 0.029245 0.011321 0.020755
100 0.141509 0.030189 0.007547 0.022642
101 0.165094 0.029245 0.009434 0.020755
102 0.189623 0.030189 0.013208 0.022642
103 0.219811 0.030189 0.013208 0.022642
104 0.009434 0.071698 0.011321 0.022642
105 0.025472 0.071698 0.016981 0.022642
106 0.048113 0.075472 0.016981 0.030189
107 0.065094 0.075472 0.013208 0.030189
108 0.082075 0.074528 0.013208 0.028302
109 0.111321 0.076415 0.011321 0.032075
110 0.125472 0.070755 0.013208 0.020755
111 0.144340 0.071698 0.016981 0.022642
112 0.167925 0.071698 0.018868 0.022642
113 0.196226 0.070755 0.011321 0.020755
114 0.009434 0.121698 0.011321 0.020755
115 0.033962 0.121698 0.011321 0.020755
116 0.050000 0.121698 0.013208 0.020755
117 0.075472 0.122642 0.011321 0.022642
118 0.090566 0.121698 0.011321 0.020755
119 0.115094 0.121698 0.011321 0.020755
120 0.131132 0.126415 0.013208 0.030189
121 0.145283 0.120755 0.011321 0.018868
122 0.162264 0.127358 0.011321 0.032075
123 0.176415 0.120755 0.013208 0.018868
124 0.010377 0.178302 0.013208 0.032075
125 0.040566 0.173585 0.013208 0.022642
126 0.069811 0.173585 0.011321 0.022642
127 0.084906 0.173585 0.011321 0.022642
128 0.107547 0.173585 0.007547 0.022642
129 0.122642 0.176415 0.011321 0.028302
130 0.147170 0.173585 0.011321 0.022642
131 0.174528 0.176415 0.013208 0.028302
132 0.200000 0.172642 0.007547 0.020755
133 0.222642 0.174528 0.011321 0.024528
134 0.011321 0.223585 0.011321 0.020755
135 0.024528 0.225472 0.011321 0.024528
136 0.050000 0.223585 0.013208 0.020755
137 0.080189 0.226415 0.013208 0.026415
138 0.107547 0.224528 0.011321 0.022642
139 0.122642 0.224528 0.011321 0.022642
140 0.139623 0.223585 0.011321 0.020755
141 0.165094 0.222642 0.005660 0.018868
142 0.176415 0.216981 0.005660 0.007547
143 0.186792 0.223585 0.007547 0.020755
144 0.025472 0.274528 0.016981 0.032075
145 0.041509 0.261321 0.007547 0.005660
146 0.064151 0.261321 0.011321 0.005660
147 0.080189 0.262264 0.009434 0.007547
148 0.096226 0.261321 0.011321 0.005660
149 0.118868 0.262264 0.003774 0.007547
150 0.125472 0.262264 0.005660 0.007547
151 0.145283 0.261321 0.003774 0.005660
152 0.155660 0.269811 0.005660 0.022642
153 0.170755 0.269811 0.013208 0.022642
154 0.011321 0.330189 0.015094 0.041509
155 0.040566 0.331132 0.013208 0.043396
156 0.064151 0.330189 0.007547 0.041509
157 0.088679 0.324528 0.007547 0.030189
158 0.103774 0.322642 0.011321 0.026415
159 0.116981 0.310377 0.003774 0.001887
160 0.121698 0.311321 0.001887 0.003774
161 0.139623 0.315094 0.007547 0.011321
162 0.162264 0.313208 0.011321 0.007547
163 0.175472 0.312264 0.007547 0.005660
164 0.002830 0.372642 0.001887 0.001887
165 0.007547 0.374528 0.003774 0.005660
166 0.016038 0.378302 0.009434 0.013208
167 0.045283 0.380189 0.015094 0.016981
168 0.073585 0.378302 0.011321 0.013208
169 0.098113 0.380189 0.011321 0.016981
170 0.127358 0.379245 0.016981 0.015094
171 0.145283 0.378302 0.011321 0.013208
172 0.169811 0.378302 0.011321 0.013208
173 0.186792 0.380189 0.011321 0.016981
174 0.022642 0.416038 0.015094 0.016981
175 0.040566 0.414151 0.016981 0.013208
176 0.059434 0.414151 0.013208 0.013208
177 0.075472 0.416038 0.015094 0.016981
178 0.107547 0.417925 0.015094 0.020755
179 0.141509 0.417925 0.041509 0.020755
180 0.183019 0.423585 0.015094 0.032075
