0 0.021698 0.037736 0.016981 0.037736
1 0.044340 0.041509 0.016981 0.045283
2 0.068868 0.037736 0.028302 0.037736
3 0.116038 0.045283 0.032075 0.052830
4 0.155660 0.038679 0.043396 0.039623
5 0.219811 0.037736 0.050943 0.037736
6 0.250000 0.041509 0.005660 0.045283
7 0.274528 0.045283 0.016981 0.052830
8 0.304717 0.045283 0.016981 0.052830
9 0.335849 0.029245 0.018868 0.020755
10 0.019811 0.104717 0.028302 0.028302
11 0.053774 0.118868 0.013208 0.056604
12 0.070755 0.107547 0.013208 0.033962
13 0.083962 0.118868 0.009434 0.056604
14 0.119811 0.115094 0.032075 0.049057
15 0.170755 0.110377 0.035849 0.039623
16 0.217925 0.110377 0.024528 0.039623
17 0.265094 0.111321 0.035849 0.041509
18 0.315094 0.110377 0.033962 0.039623
19 0.362264 0.110377 0.033962 0.039623
20 0.032075 0.185849 0.033962 0.039623
21 0.082075 0.185849 0.032075 0.039623
22 0.133019 0.185849 0.035849 0.039623
23 0.169811 0.185849 0.033962 0.039623
24 0.206604 0.185849 0.032075 0.039623
25 0.243396 0.180189 0.015094 0.028302
26 0.275472 0.184906 0.015094 0.037736
27 0.313208 0.181132 0.026415 0.030189
28 0.344340 0.174528 0.028302 0.016981
29 0.386792 0.179245 0.026415 0.026415
30 0.032075 0.245283 0.030189 0.041509
31 0.075472 0.249057 0.049057 0.049057
32 0.137736 0.243396 0.041509 0.037736
33 0.184906 0.243396 0.041509 0.037736
34 0.241509 0.243396 0.037736 0.037736
35 0.283962 0.243396 0.043396 0.037736
36 0.344340 0.243396 0.043396 0.037736
37 0.400000 0.243396 0.041509 0.037736
38 0.456604 0.243396 0.041509 0.037736
39 0.518868 0.243396 0.049057 0.037736
40 0.030189 0.311321 0.026415 0.037736
41 0.066038 0.311321 0.041509 0.037736
42 0.112264 0.311321 0.047170 0.037736
43 0.168868 0.311321 0.039623 0.037736
44 0.232075 0.311321 0.052830 0.037736
45 0.295283 0.311321 0.047170 0.037736
46 0.340566 0.311321 0.039623 0.037736
47 0.385849 0.311321 0.039623 0.037736
48 0.440566 0.316981 0.039623 0.049057
49 0.486792 0.311321 0.041509 0.037736
50 0.034906 0.379245 0.035849 0.037736
51 0.075472 0.379245 0.037736 0.037736
52 0.132075 0.379245 0.041509 0.037736
53 0.175472 0.379245 0.037736 0.037736
54 0.235849 0.379245 0.056604 0.037736
55 0.292453 0.379245 0.049057 0.037736
56 0.339623 0.379245 0.037736 0.037736
57 0.396226 0.379245 0.041509 0.037736
58 0.441509 0.386792 0.022642 0.052830
59 0.471698 0.384906 0.030189 0.049057
60 0.015094 0.458491 0.022642 0.052830
61 0.054717 0.454717 0.026415 0.045283
62 0.083962 0.447170 0.028302 0.030189
63 0.108491 0.449057 0.013208 0.033962
64 0.145283 0.446226 0.033962 0.028302
65 0.183962 0.451887 0.032075 0.039623
66 0.216038 0.446226 0.028302 0.028302
67 0.262264 0.451887 0.033962 0.039623
68 0.297170 0.446226 0.028302 0.028302
69 0.335849 0.458491 0.041509 0.052830
70 0.019811 0.524528 0.035849 0.041509
71 0.057547 0.523585 0.035849 0.039623
72 0.099057 0.523585 0.016981 0.039623
73 0.126415 0.530189 0.030189 0.052830
74 0.172642 0.523585 0.035849 0.039623
75 0.200000 0.523585 0.015094 0.039623
76 0.234906 0.517925 0.050943 0.028302
77 0.291509 0.517925 0.035849 0.028302
78 0.326415 0.517925 0.030189 0.028302
79 0.374528 0.524528 0.039623 0.041509
80 0.018868 0.596226 0.033962 0.041509
81 0.065094 0.589623 0.028302 0.028302
82 0.097170 0.589623 0.028302 0.028302
83 0.136792 0.594340 0.020755 0.037736
84 0.181132 0.589623 0.033962 0.028302
85 0.214151 0.589623 0.028302 0.028302
86 0.254717 0.589623 0.045283 0.028302
87 0.313208 0.589623 0.037736 0.028302
88 0.366981 0.596226 0.035849 0.041509
89 0.403774 0.589623 0.030189 0.028302
90 0.012264 0.660377 0.020755 0.049057
91 0.038679 0.662264 0.005660 0.052830
92 0.068868 0.660377 0.020755 0.049057
93 0.105660 0.664151 0.026415 0.056604
