0 0.006604 0.037736 0.005660 0.037736
1 0.033019 0.038679 0.013208 0.039623
2 0.066038 0.036792 0.026415 0.035849
3 0.094340 0.036792 0.022642 0.035849
4 0.131132 0.039623 0.043396 0.041509
5 0.172642 0.038679 0.035849 0.039623
6 0.205660 0.038679 0.003774 0.039623
7 0.227358 0.044340 0.013208 0.050943
8 0.255660 0.044340 0.013208 0.050943
9 0.284906 0.028302 0.018868 0.018868
10 0.026415 0.101887 0.026415 0.026415
11 0.048113 0.108491 0.005660 0.039623
12 0.062264 0.100000 0.015094 0.022642
13 0.077358 0.102830 0.007547 0.028302
14 0.106604 0.111321 0.016981 0.045283
15 0.143396 0.101887 0.026415 0.026415
16 0.177358 0.101887 0.015094 0.026415
17 0.200000 0.101887 0.022642 0.026415
18 0.239623 0.108491 0.022642 0.039623
19 0.266038 0.107547 0.026415 0.037736
20 0.015094 0.172642 0.022642 0.039623
21 0.045283 0.171698 0.026415 0.037736
22 0.074528 0.172642 0.024528 0.039623
23 0.105660 0.171698 0.026415 0.037736
24 0.137736 0.172642 0.026415 0.039623
25 0.159434 0.165094 0.005660 0.024528
26 0.183019 0.169811 0.007547 0.033962
27 0.215094 0.166038 0.026415 0.026415
28 0.256604 0.159434 0.026415 0.013208
29 0.296226 0.164151 0.026415 0.022642
30 0.026415 0.231132 0.018868 0.039623
31 0.058491 0.233019 0.041509 0.043396
32 0.100943 0.231132 0.039623 0.039623
33 0.148113 0.231132 0.028302 0.039623
34 0.193396 0.231132 0.032075 0.039623
35 0.229245 0.231132 0.035849 0.039623
36 0.262264 0.231132 0.026415 0.039623
37 0.290566 0.231132 0.026415 0.039623
38 0.323585 0.231132 0.035849 0.039623
39 0.377358 0.231132 0.037736 0.039623
40 0.010377 0.293396 0.013208 0.039623
41 0.040566 0.299057 0.016981 0.050943
42 0.068868 0.293396 0.032075 0.039623
43 0.101887 0.293396 0.026415 0.039623
44 0.151887 0.293396 0.047170 0.039623
45 0.197170 0.293396 0.039623 0.039623
46 0.238679 0.293396 0.039623 0.039623
47 0.284906 0.293396 0.026415 0.039623
48 0.323585 0.299057 0.039623 0.050943
49 0.376415 0.293396 0.032075 0.039623
50 0.016981 0.363208 0.026415 0.039623
51 0.059434 0.363208 0.032075 0.039623
52 0.100000 0.363208 0.037736 0.039623
53 0.140566 0.363208 0.039623 0.039623
54 0.195283 0.363208 0.058491 0.039623
55 0.245283 0.363208 0.037736 0.039623
56 0.283962 0.363208 0.035849 0.039623
57 0.331132 0.363208 0.028302 0.039623
58 0.365094 0.369811 0.009434 0.052830
59 0.381132 0.366038 0.015094 0.045283
60 0.009434 0.441509 0.011321 0.052830
61 0.044340 0.435849 0.024528 0.041509
62 0.083962 0.422642 0.028302 0.015094
63 0.118868 0.429245 0.007547 0.028302
64 0.148113 0.427358 0.024528 0.024528
65 0.176415 0.435849 0.028302 0.041509
66 0.216038 0.427358 0.020755 0.024528
67 0.245283 0.435849 0.026415 0.041509
68 0.286792 0.427358 0.022642 0.024528
69 0.321698 0.435849 0.020755 0.041509
70 0.030189 0.505660 0.026415 0.037736
71 0.071698 0.507547 0.030189 0.041509
72 0.106604 0.504717 0.013208 0.035849
73 0.133962 0.511321 0.011321 0.049057
74 0.168868 0.507547 0.028302 0.041509
75 0.193396 0.507547 0.013208 0.041509
76 0.240566 0.499057 0.047170 0.024528
77 0.294340 0.499057 0.030189 0.024528
78 0.328302 0.499057 0.026415 0.024528
79 0.370755 0.505660 0.028302 0.037736
80 0.016038 0.573585 0.028302 0.037736
81 0.054717 0.566981 0.018868 0.024528
82 0.089623 0.566981 0.016981 0.024528
83 0.107547 0.570755 0.015094 0.032075
84 0.145283 0.566981 0.030189 0.024528
85 0.189623 0.566981 0.028302 0.024528
86 0.239623 0.566981 0.041509 0.024528
87 0.275472 0.566981 0.026415 0.024528
88 0.316038 0.573585 0.028302 0.037736
89 0.345283 0.566981 0.022642 0.024528
90 0.022642 0.637736 0.011321 0.052830
91 0.047170 0.638679 0.003774 0.054717
92 0.066981 0.637736 0.009434 0.052830
93 0.089623 0.628302 0.024528 0.033962
