94 0.027358 0.034906 0.024528 0.032075
95 0.052830 0.034906 0.022642 0.032075
96 0.079245 0.033962 0.022642 0.030189
97 0.119811 0.034906 0.024528 0.032075
98 0.159434 0.034906 0.024528 0.032075
99 0.199057 0.033962 0.024528 0.030189
100 0.225472 0.033962 0.024528 0.030189
101 0.266981 0.034906 0.024528 0.032075
102 0.296226 0.034906 0.022642 0.032075
103 0.320755 0.034906 0.022642 0.032075
104 0.016981 0.084906 0.022642 0.030189
105 0.066038 0.085849 0.041509 0.032075
106 0.124528 0.090566 0.041509 0.041509
107 0.173585 0.091509 0.026415 0.043396
108 0.203774 0.091509 0.026415 0.043396
109 0.232075 0.091509 0.026415 0.043396
110 0.262264 0.085849 0.026415 0.032075
111 0.300943 0.085849 0.043396 0.032075
112 0.345283 0.085849 0.041509 0.032075
113 0.381132 0.085849 0.026415 0.032075
114 0.016981 0.148113 0.026415 0.032075
115 0.059434 0.148113 0.024528 0.032075
116 0.097170 0.148113 0.024528 0.032075
117 0.124528 0.148113 0.022642 0.032075
118 0.164151 0.147170 0.022642 0.030189
119 0.188679 0.147170 0.022642 0.030189
120 0.226415 0.152830 0.022642 0.041509
121 0.263208 0.148113 0.024528 0.032075
122 0.300943 0.152830 0.024528 0.041509
123 0.331132 0.147170 0.032075 0.030189
124 0.019811 0.213208 0.032075 0.041509
125 0.050943 0.208491 0.026415 0.032075
126 0.078302 0.207547 0.024528 0.030189
127 0.117925 0.208491 0.024528 0.032075
128 0.155660 0.208491 0.020755 0.032075
129 0.180189 0.214151 0.024528 0.043396
130 0.209434 0.208491 0.022642 0.032075
131 0.237736 0.214151 0.026415 0.043396
132 0.276415 0.208491 0.020755 0.032075
133 0.315094 0.208491 0.026415 0.032075
134 0.026415 0.269811 0.026415 0.030189
135 0.057547 0.270755 0.024528 0.032075
136 0.098113 0.269811 0.022642 0.030189
137 0.131132 0.274528 0.032075 0.039623
138 0.174528 0.270755 0.024528 0.032075
139 0.212264 0.270755 0.024528 0.032075
140 0.238679 0.270755 0.020755 0.032075
141 0.262264 0.266038 0.015094 0.022642
142 0.281132 0.257547 0.018868 0.005660
143 0.304717 0.270755 0.016981 0.032075
144 0.021698 0.334906 0.032075 0.043396
145 0.064151 0.314151 0.022642 0.001887
146 0.090566 0.316981 0.022642 0.007547
147 0.116981 0.316981 0.022642 0.007547
148 0.154717 0.316981 0.022642 0.007547
149 0.172642 0.318868 0.005660 0.011321
150 0.184906 0.318868 0.015094 0.011321
151 0.212264 0.316038 0.005660 0.005660
152 0.222642 0.328302 0.007547 0.030189
153 0.241509 0.328302 0.022642 0.030189
154 0.025472 0.398113 0.016981 0.045283
155 0.042453 0.399057 0.013208 0.047170
156 0.059434 0.398113 0.013208 0.045283
157 0.080189 0.397170 0.016981 0.043396
158 0.105660 0.397170 0.022642 0.043396
159 0.141509 0.381132 0.018868 0.011321
160 0.167925 0.381132 0.003774 0.011321
161 0.181132 0.381132 0.015094 0.011321
162 0.215094 0.381132 0.018868 0.011321
163 0.233962 0.381132 0.011321 0.011321
164 0.018868 0.444340 0.011321 0.005660
165 0.031132 0.445283 0.009434 0.007547
166 0.047170 0.445283 0.011321 0.007547
167 0.066981 0.454717 0.024528 0.026415
168 0.093396 0.454717 0.024528 0.026415
169 0.132075 0.454717 0.022642 0.026415
170 0.169811 0.457547 0.026415 0.032075
171 0.211321 0.454717 0.022642 0.026415
172 0.237736 0.457547 0.022642 0.032075
173 0.264151 0.458491 0.022642 0.033962
174 0.014151 0.510377 0.024528 0.032075
175 0.059434 0.510377 0.032075 0.032075
176 0.089623 0.510377 0.024528 0.032075
177 0.118868 0.510377 0.022642 0.032075
178 0.162264 0.510377 0.033962 0.032075
179 0.216038 0.503774 0.039623 0.018868
180 0.250000 0.517925 0.024528 0.047170
