0 0.008491 0.039623 0.005660 0.041509
1 0.033019 0.041509 0.013208 0.045283
2 0.074528 0.039623 0.035849 0.041509
3 0.121698 0.044340 0.028302 0.050943
4 0.168868 0.038679 0.039623 0.039623
5 0.213208 0.039623 0.037736 0.041509
6 0.247170 0.041509 0.003774 0.045283
7 0.272642 0.042453 0.013208 0.047170
8 0.291509 0.042453 0.013208 0.047170
9 0.321698 0.029245 0.016981 0.020755
10 0.017925 0.105660 0.032075 0.033962
11 0.042453 0.102830 0.005660 0.028302
12 0.078302 0.094340 0.032075 0.011321
13 0.112264 0.102830 0.005660 0.028302
14 0.129245 0.113208 0.020755 0.049057
15 0.155660 0.109434 0.028302 0.041509
16 0.184906 0.109434 0.018868 0.041509
17 0.219811 0.109434 0.024528 0.041509
18 0.246226 0.109434 0.024528 0.041509
19 0.286792 0.109434 0.026415 0.041509
20 0.017925 0.177358 0.024528 0.041509
21 0.059434 0.177358 0.024528 0.041509
22 0.099057 0.177358 0.024528 0.041509
23 0.125472 0.177358 0.024528 0.041509
24 0.151887 0.178302 0.024528 0.043396
25 0.171698 0.170755 0.003774 0.028302
26 0.181132 0.172642 0.003774 0.032075
27 0.214151 0.170755 0.032075 0.028302
28 0.259434 0.163208 0.032075 0.013208
29 0.295283 0.170755 0.032075 0.028302
30 0.013208 0.239623 0.022642 0.041509
31 0.053774 0.242453 0.047170 0.047170
32 0.114151 0.239623 0.039623 0.041509
33 0.166038 0.239623 0.033962 0.041509
34 0.212264 0.239623 0.032075 0.041509
35 0.249057 0.239623 0.037736 0.041509
36 0.288679 0.239623 0.033962 0.041509
37 0.325472 0.239623 0.032075 0.041509
38 0.374528 0.239623 0.035849 0.041509
39 0.416981 0.239623 0.037736 0.041509
40 0.010377 0.305660 0.013208 0.041509
41 0.042453 0.305660 0.020755 0.041509
42 0.086792 0.305660 0.037736 0.041509
43 0.123585 0.305660 0.032075 0.041509
44 0.168868 0.305660 0.047170 0.041509
45 0.229245 0.305660 0.039623 0.041509
46 0.267925 0.305660 0.033962 0.041509
47 0.314151 0.305660 0.032075 0.041509
48 0.361321 0.308491 0.035849 0.047170
49 0.412264 0.305660 0.035849 0.041509
50 0.030189 0.371698 0.030189 0.041509
51 0.069811 0.371698 0.037736 0.041509
52 0.110377 0.371698 0.039623 0.041509
53 0.164151 0.371698 0.037736 0.041509
54 0.225472 0.371698 0.050943 0.041509
55 0.270755 0.371698 0.035849 0.041509
56 0.321698 0.371698 0.035849 0.041509
57 0.367925 0.371698 0.030189 0.041509
58 0.405660 0.375472 0.011321 0.049057
59 0.434906 0.375472 0.020755 0.049057
60 0.009434 0.443396 0.011321 0.049057
61 0.040566 0.432075 0.020755 0.026415
62 0.078302 0.426415 0.028302 0.015094
63 0.112264 0.435849 0.005660 0.033962
64 0.143396 0.432075 0.022642 0.026415
65 0.170755 0.439623 0.024528 0.041509
66 0.200000 0.432075 0.022642 0.026415
67 0.239623 0.439623 0.026415 0.041509
68 0.278302 0.432075 0.024528 0.026415
69 0.312264 0.439623 0.016981 0.041509
70 0.026415 0.503774 0.026415 0.033962
71 0.066981 0.507547 0.028302 0.041509
72 0.089623 0.507547 0.009434 0.041509
73 0.104717 0.511321 0.013208 0.049057
74 0.140566 0.507547 0.028302 0.041509
75 0.174528 0.507547 0.009434 0.041509
76 0.218868 0.500000 0.045283 0.026415
77 0.259434 0.500000 0.028302 0.026415
78 0.287736 0.500000 0.024528 0.026415
79 0.316981 0.503774 0.026415 0.033962
80 0.018868 0.571698 0.026415 0.033962
81 0.055660 0.568868 0.020755 0.028302
82 0.091509 0.567925 0.020755 0.026415
83 0.115094 0.572642 0.015094 0.035849
84 0.141509 0.567925 0.026415 0.026415
85 0.174528 0.567925 0.028302 0.026415
86 0.226415 0.567925 0.041509 0.026415
87 0.279245 0.567925 0.030189 0.026415
88 0.312264 0.571698 0.028302 0.033962
89 0.351887 0.567925 0.020755 0.026415
90 0.022642 0.633019 0.015094 0.047170
91 0.048113 0.633962 0.001887 0.049057
92 0.060377 0.633019 0.015094 0.047170
93 0.099057 0.632075 0.032075 0.045283
