94 0.015094 0.034906 0.022642 0.032075
95 0.050943 0.034906 0.022642 0.032075
96 0.075472 0.033962 0.022642 0.030189
97 0.113208 0.034906 0.022642 0.032075
98 0.137736 0.034906 0.022642 0.032075
99 0.178302 0.033962 0.024528 0.030189
100 0.203774 0.034906 0.018868 0.032075
101 0.226415 0.034906 0.022642 0.032075
102 0.265094 0.034906 0.028302 0.032075
103 0.293396 0.034906 0.024528 0.032075
104 0.027358 0.085849 0.024528 0.032075
105 0.058491 0.085849 0.033962 0.032075
106 0.094340 0.092453 0.033962 0.045283
107 0.125472 0.092453 0.024528 0.045283
108 0.166981 0.092453 0.024528 0.045283
109 0.205660 0.094340 0.026415 0.049057
110 0.235849 0.085849 0.026415 0.032075
111 0.282075 0.085849 0.035849 0.032075
112 0.323585 0.085849 0.039623 0.032075
113 0.360377 0.085849 0.022642 0.032075
114 0.015094 0.153774 0.022642 0.032075
115 0.051887 0.153774 0.020755 0.032075
116 0.081132 0.153774 0.026415 0.032075
117 0.110377 0.153774 0.020755 0.032075
118 0.148113 0.153774 0.028302 0.032075
119 0.176415 0.153774 0.024528 0.032075
120 0.202830 0.159434 0.024528 0.043396
121 0.240566 0.153774 0.024528 0.032075
122 0.266981 0.159434 0.024528 0.043396
123 0.308491 0.153774 0.028302 0.032075
124 0.029245 0.221698 0.028302 0.043396
125 0.057547 0.216038 0.024528 0.032075
126 0.096226 0.216038 0.022642 0.032075
127 0.119811 0.216038 0.020755 0.032075
128 0.156604 0.216038 0.018868 0.032075
129 0.191509 0.222642 0.020755 0.045283
130 0.229245 0.216038 0.020755 0.032075
131 0.265094 0.222642 0.024528 0.045283
132 0.301887 0.216038 0.018868 0.032075
133 0.341509 0.216981 0.026415 0.033962
134 0.028302 0.280189 0.030189 0.032075
135 0.070755 0.281132 0.024528 0.033962
136 0.109434 0.280189 0.026415 0.032075
137 0.150943 0.285849 0.030189 0.043396
138 0.178302 0.280189 0.020755 0.032075
139 0.214151 0.281132 0.024528 0.033962
140 0.249057 0.280189 0.018868 0.032075
141 0.270755 0.277358 0.020755 0.026415
142 0.295283 0.268868 0.020755 0.009434
143 0.318868 0.280189 0.018868 0.032075
144 0.021698 0.349057 0.035849 0.045283
145 0.054717 0.331132 0.022642 0.009434
146 0.079245 0.331132 0.022642 0.009434
147 0.106604 0.331132 0.024528 0.009434
148 0.143396 0.331132 0.022642 0.009434
149 0.161321 0.333019 0.009434 0.013208
150 0.187736 0.333019 0.016981 0.013208
151 0.214151 0.331132 0.009434 0.009434
152 0.227358 0.341509 0.009434 0.030189
153 0.257547 0.341509 0.024528 0.030189
154 0.026415 0.418868 0.018868 0.056604
155 0.061321 0.418868 0.016981 0.056604
156 0.092453 0.418868 0.018868 0.056604
157 0.115094 0.413208 0.018868 0.045283
158 0.148113 0.413208 0.020755 0.045283
159 0.171698 0.397170 0.018868 0.013208
160 0.187736 0.397170 0.005660 0.013208
161 0.215094 0.397170 0.018868 0.013208
162 0.249057 0.397170 0.022642 0.013208
163 0.268868 0.397170 0.013208 0.013208
164 0.013208 0.473585 0.015094 0.015094
165 0.043396 0.470755 0.011321 0.009434
166 0.068868 0.472642 0.009434 0.013208
167 0.098113 0.479245 0.022642 0.026415
168 0.126415 0.479245 0.022642 0.026415
169 0.152830 0.480189 0.022642 0.028302
170 0.182075 0.483962 0.024528 0.035849
171 0.209434 0.479245 0.026415 0.026415
172 0.237736 0.483962 0.022642 0.035849
173 0.264151 0.483962 0.022642 0.035849
174 0.016981 0.538679 0.022642 0.035849
175 0.058491 0.538679 0.030189 0.035849
176 0.091509 0.538679 0.024528 0.035849
177 0.134906 0.538679 0.028302 0.035849
178 0.182075 0.536792 0.032075 0.032075
179 0.222642 0.531132 0.037736 0.020755
180 0.254717 0.544340 0.022642 0.047170
