0 0.015094 0.040566 0.003774 0.043396
1 0.026415 0.030189 0.007547 0.022642
2 0.039623 0.040566 0.015094 0.043396
3 0.055660 0.039623 0.009434 0.041509
4 0.088679 0.040566 0.026415 0.043396
5 0.127358 0.039623 0.020755 0.041509
6 0.151887 0.030189 0.001887 0.022642
7 0.160377 0.045283 0.007547 0.052830
8 0.181132 0.043396 0.007547 0.049057
9 0.196226 0.030189 0.018868 0.022642
10 0.020755 0.098113 0.015094 0.015094
11 0.042453 0.099057 0.001887 0.016981
12 0.062264 0.096226 0.007547 0.011321
13 0.080189 0.095283 0.001887 0.009434
14 0.090566 0.111321 0.011321 0.041509
15 0.118868 0.112264 0.011321 0.043396
16 0.132075 0.112264 0.011321 0.043396
17 0.148113 0.112264 0.009434 0.043396
18 0.164151 0.112264 0.011321 0.043396
19 0.188679 0.100943 0.007547 0.020755
20 0.020755 0.175472 0.011321 0.045283
21 0.048113 0.174528 0.009434 0.043396
22 0.059434 0.172642 0.005660 0.039623
23 0.080189 0.176415 0.009434 0.047170
24 0.102830 0.172642 0.009434 0.039623
25 0.110377 0.165094 0.001887 0.024528
26 0.114151 0.166981 0.001887 0.028302
27 0.126415 0.171698 0.011321 0.037736
28 0.154717 0.155660 0.011321 0.005660
29 0.179245 0.170755 0.011321 0.035849
30 0.016038 0.240566 0.005660 0.043396
31 0.045283 0.243396 0.022642 0.049057
32 0.080189 0.240566 0.013208 0.043396
33 0.105660 0.240566 0.011321 0.043396
34 0.119811 0.240566 0.013208 0.043396
35 0.146226 0.240566 0.013208 0.043396
36 0.162264 0.240566 0.007547 0.043396
37 0.175472 0.240566 0.007547 0.043396
38 0.201887 0.240566 0.015094 0.043396
39 0.229245 0.232075 0.009434 0.026415
40 0.020755 0.308491 0.007547 0.043396
41 0.030189 0.311321 0.007547 0.049057
42 0.057547 0.308491 0.013208 0.043396
43 0.071698 0.308491 0.007547 0.043396
44 0.099057 0.307547 0.016981 0.041509
45 0.117925 0.308491 0.013208 0.043396
46 0.136792 0.309434 0.013208 0.045283
47 0.151887 0.308491 0.009434 0.043396
48 0.169811 0.312264 0.015094 0.050943
49 0.196226 0.308491 0.011321 0.043396
50 0.019811 0.379245 0.009434 0.045283
51 0.035849 0.377358 0.015094 0.041509
52 0.051887 0.378302 0.013208 0.043396
53 0.082075 0.378302 0.013208 0.043396
54 0.114151 0.378302 0.020755 0.043396
55 0.133962 0.377358 0.011321 0.041509
56 0.148113 0.369811 0.009434 0.026415
57 0.171698 0.378302 0.007547 0.043396
58 0.193396 0.379245 0.009434 0.045283
59 0.207547 0.377358 0.011321 0.041509
60 0.021698 0.443396 0.009434 0.045283
61 0.034906 0.445283 0.009434 0.049057
62 0.043396 0.420755 0.000000 0.000000
63 0.062264 0.426415 0.007547 0.011321
64 0.078302 0.439623 0.013208 0.037736
65 0.106604 0.439623 0.009434 0.037736
66 0.121698 0.439623 0.009434 0.037736
67 0.136792 0.439623 0.013208 0.037736
68 0.152830 0.439623 0.007547 0.037736
69 0.165094 0.439623 0.009434 0.037736
70 0.023585 0.507547 0.013208 0.037736
71 0.041509 0.507547 0.011321 0.037736
72 0.053774 0.507547 0.009434 0.037736
73 0.066981 0.510377 0.005660 0.043396
74 0.093396 0.507547 0.013208 0.037736
75 0.109434 0.500943 0.007547 0.024528
76 0.139623 0.507547 0.022642 0.037736
77 0.173585 0.506604 0.018868 0.035849
78 0.191509 0.507547 0.013208 0.037736
79 0.216038 0.506604 0.009434 0.035849
80 0.008491 0.576415 0.013208 0.050943
81 0.023585 0.568868 0.009434 0.035849
82 0.037736 0.569811 0.007547 0.037736
83 0.050000 0.568868 0.013208 0.035849
84 0.068868 0.568868 0.013208 0.035849
85 0.100000 0.568868 0.015094 0.035849
86 0.132075 0.570755 0.018868 0.039623
87 0.151887 0.569811 0.009434 0.037736
88 0.163208 0.567925 0.009434 0.033962
89 0.189623 0.569811 0.009434 0.037736
90 0.006604 0.643396 0.005660 0.045283
91 0.015094 0.643396 0.003774 0.045283
92 0.025472 0.643396 0.005660 0.045283
93 0.037736 0.637736 0.011321 0.033962
