0 0.006604 0.035849 0.005660 0.033962
1 0.018868 0.038679 0.015094 0.039623
2 0.039623 0.034906 0.022642 0.032075
3 0.073585 0.033019 0.018868 0.028302
4 0.104717 0.034906 0.035849 0.032075
5 0.142453 0.035849 0.035849 0.033962
6 0.168868 0.038679 0.005660 0.039623
7 0.179245 0.041509 0.011321 0.045283
8 0.203774 0.040566 0.011321 0.043396
9 0.219811 0.028302 0.016981 0.018868
10 0.029245 0.096226 0.024528 0.026415
11 0.051887 0.105660 0.009434 0.045283
12 0.066038 0.094340 0.011321 0.022642
13 0.089623 0.101887 0.005660 0.037736
14 0.102830 0.101887 0.013208 0.037736
15 0.135849 0.097170 0.022642 0.028302
16 0.169811 0.097170 0.015094 0.028302
17 0.204717 0.097170 0.020755 0.028302
18 0.238679 0.099057 0.020755 0.032075
19 0.264151 0.099057 0.022642 0.032075
20 0.023585 0.163208 0.020755 0.032075
21 0.050943 0.164151 0.022642 0.033962
22 0.077358 0.163208 0.022642 0.032075
23 0.112264 0.164151 0.020755 0.033962
24 0.138679 0.164151 0.020755 0.033962
25 0.153774 0.158491 0.005660 0.022642
26 0.178302 0.161321 0.009434 0.028302
27 0.211321 0.160377 0.022642 0.026415
28 0.240566 0.153774 0.024528 0.013208
29 0.281132 0.159434 0.022642 0.024528
30 0.020755 0.216981 0.015094 0.033962
31 0.050943 0.216981 0.033962 0.033962
32 0.100000 0.216981 0.033962 0.033962
33 0.144340 0.216981 0.028302 0.033962
34 0.179245 0.216981 0.030189 0.033962
35 0.228302 0.216981 0.033962 0.033962
36 0.273585 0.216981 0.026415 0.033962
37 0.314151 0.216981 0.024528 0.033962
38 0.358491 0.216981 0.033962 0.033962
39 0.410377 0.216981 0.035849 0.033962
40 0.020755 0.269811 0.015094 0.033962
41 0.050943 0.273585 0.015094 0.041509
42 0.081132 0.269811 0.033962 0.033962
43 0.123585 0.269811 0.024528 0.033962
44 0.173585 0.269811 0.041509 0.033962
45 0.214151 0.269811 0.035849 0.033962
46 0.262264 0.269811 0.033962 0.033962
47 0.305660 0.269811 0.026415 0.033962
48 0.350943 0.274528 0.033962 0.043396
49 0.387736 0.269811 0.032075 0.033962
50 0.023585 0.332075 0.020755 0.033962
51 0.063208 0.333019 0.028302 0.035849
52 0.097170 0.332075 0.035849 0.033962
53 0.147170 0.332075 0.033962 0.033962
54 0.189623 0.332075 0.047170 0.033962
55 0.243396 0.332075 0.033962 0.033962
56 0.292453 0.332075 0.030189 0.033962
57 0.325472 0.332075 0.028302 0.033962
58 0.350000 0.338679 0.009434 0.047170
59 0.365094 0.333962 0.013208 0.037736
60 0.005660 0.404717 0.007547 0.047170
61 0.026415 0.403774 0.022642 0.045283
62 0.067925 0.388679 0.026415 0.015094
63 0.098113 0.395283 0.007547 0.028302
64 0.114151 0.392453 0.020755 0.022642
65 0.140566 0.400000 0.024528 0.037736
66 0.177358 0.392453 0.018868 0.022642
67 0.200943 0.400000 0.024528 0.037736
68 0.239623 0.392453 0.018868 0.022642
69 0.271698 0.400000 0.018868 0.037736
70 0.013208 0.465094 0.022642 0.035849
71 0.042453 0.466038 0.024528 0.037736
72 0.077358 0.464151 0.011321 0.033962
73 0.103774 0.470755 0.011321 0.047170
74 0.128302 0.466038 0.026415 0.037736
75 0.150000 0.466038 0.013208 0.037736
76 0.191509 0.458491 0.039623 0.022642
77 0.239623 0.458491 0.026415 0.022642
78 0.279245 0.458491 0.022642 0.022642
79 0.306604 0.466038 0.024528 0.037736
80 0.016038 0.531132 0.024528 0.035849
81 0.053774 0.524528 0.016981 0.022642
82 0.083962 0.524528 0.016981 0.022642
83 0.102830 0.527358 0.013208 0.028302
84 0.134906 0.524528 0.024528 0.022642
85 0.172642 0.524528 0.024528 0.022642
86 0.206604 0.524528 0.035849 0.022642
87 0.238679 0.524528 0.024528 0.022642
88 0.268868 0.531132 0.024528 0.035849
89 0.297170 0.524528 0.020755 0.022642
90 0.022642 0.590566 0.011321 0.045283
91 0.047170 0.594340 0.003774 0.052830
92 0.060377 0.590566 0.011321 0.045283
93 0.093396 0.590566 0.024528 0.045283
