94 0.014151 0.030189 0.016981 0.022642
95 0.048113 0.030189 0.016981 0.022642
96 0.068868 0.030189 0.016981 0.022642
97 0.089623 0.030189 0.016981 0.022642
98 0.119811 0.030189 0.016981 0.022642
99 0.142453 0.030189 0.016981 0.022642
100 0.162264 0.030189 0.011321 0.022642
101 0.190566 0.030189 0.015094 0.022642
102 0.223585 0.030189 0.016981 0.022642
103 0.253774 0.028302 0.016981 0.018868
104 0.025472 0.070755 0.016981 0.020755
105 0.059434 0.071698 0.024528 0.022642
106 0.099057 0.076415 0.024528 0.032075
107 0.124528 0.078302 0.018868 0.035849
108 0.145283 0.078302 0.018868 0.035849
109 0.166981 0.078302 0.016981 0.035849
110 0.191509 0.071698 0.020755 0.022642
111 0.229245 0.071698 0.024528 0.022642
112 0.267925 0.071698 0.026415 0.022642
113 0.295283 0.071698 0.016981 0.022642
114 0.014151 0.126415 0.016981 0.022642
115 0.046226 0.126415 0.016981 0.022642
116 0.077358 0.126415 0.018868 0.022642
117 0.111321 0.126415 0.015094 0.022642
118 0.130189 0.126415 0.018868 0.022642
119 0.166038 0.126415 0.018868 0.022642
120 0.186792 0.131132 0.018868 0.032075
121 0.206604 0.126415 0.016981 0.022642
122 0.236792 0.131132 0.016981 0.032075
123 0.261321 0.126415 0.020755 0.022642
124 0.027358 0.182075 0.020755 0.032075
125 0.062264 0.177358 0.018868 0.022642
126 0.097170 0.177358 0.016981 0.022642
127 0.126415 0.177358 0.015094 0.022642
128 0.146226 0.177358 0.013208 0.022642
129 0.165094 0.183019 0.016981 0.033962
130 0.183962 0.177358 0.016981 0.022642
131 0.205660 0.183019 0.018868 0.033962
132 0.225472 0.177358 0.013208 0.022642
133 0.246226 0.178302 0.016981 0.024528
134 0.024528 0.230189 0.022642 0.022642
135 0.046226 0.231132 0.016981 0.024528
136 0.079245 0.230189 0.018868 0.022642
137 0.103774 0.231132 0.022642 0.024528
138 0.140566 0.230189 0.016981 0.022642
139 0.161321 0.230189 0.016981 0.022642
140 0.194340 0.230189 0.015094 0.022642
141 0.226415 0.229245 0.015094 0.020755
142 0.258491 0.223585 0.015094 0.009434
143 0.285849 0.230189 0.013208 0.022642
144 0.016038 0.279245 0.024528 0.033962
145 0.052830 0.266038 0.015094 0.007547
146 0.073585 0.266981 0.015094 0.009434
147 0.095283 0.266981 0.016981 0.009434
148 0.126415 0.266981 0.015094 0.009434
149 0.151887 0.267925 0.005660 0.011321
150 0.162264 0.266981 0.011321 0.009434
151 0.185849 0.264151 0.001887 0.003774
152 0.195283 0.273585 0.005660 0.022642
153 0.221698 0.273585 0.016981 0.022642
154 0.012264 0.333962 0.013208 0.037736
155 0.032075 0.333962 0.015094 0.037736
156 0.064151 0.333962 0.015094 0.037736
157 0.094340 0.332075 0.011321 0.033962
158 0.113208 0.331132 0.015094 0.032075
159 0.144340 0.321698 0.013208 0.013208
160 0.153774 0.318868 0.001887 0.007547
161 0.177358 0.319811 0.011321 0.009434
162 0.196226 0.319811 0.015094 0.009434
163 0.220755 0.318868 0.003774 0.007547
164 0.006604 0.375472 0.005660 0.007547
165 0.027358 0.375472 0.009434 0.007547
166 0.040566 0.377358 0.009434 0.011321
167 0.058491 0.381132 0.018868 0.018868
168 0.082075 0.380189 0.020755 0.016981
169 0.116038 0.381132 0.020755 0.018868
170 0.153774 0.384906 0.020755 0.026415
171 0.187736 0.380189 0.020755 0.016981
172 0.215094 0.382075 0.022642 0.020755
173 0.241509 0.383962 0.022642 0.024528
174 0.012264 0.428302 0.020755 0.022642
175 0.049057 0.428302 0.022642 0.022642
176 0.072642 0.428302 0.020755 0.022642
177 0.098113 0.426415 0.022642 0.018868
178 0.124528 0.428302 0.022642 0.022642
179 0.166981 0.425472 0.032075 0.016981
180 0.203774 0.433962 0.015094 0.033962
