0 0.008491 0.037736 0.009434 0.037736
1 0.036792 0.033019 0.013208 0.028302
2 0.073585 0.037736 0.030189 0.037736
3 0.115094 0.043396 0.022642 0.049057
4 0.164151 0.037736 0.045283 0.037736
5 0.218868 0.037736 0.037736 0.037736
6 0.257547 0.033019 0.005660 0.028302
7 0.269811 0.044340 0.011321 0.050943
8 0.296226 0.044340 0.011321 0.050943
9 0.324528 0.027358 0.018868 0.016981
10 0.027358 0.102830 0.028302 0.028302
11 0.049057 0.105660 0.011321 0.033962
12 0.079245 0.105660 0.015094 0.033962
13 0.105660 0.107547 0.007547 0.037736
14 0.137736 0.114151 0.030189 0.050943
15 0.173585 0.107547 0.030189 0.037736
16 0.210377 0.107547 0.013208 0.037736
17 0.246226 0.107547 0.028302 0.037736
18 0.288679 0.107547 0.026415 0.037736
19 0.322642 0.107547 0.030189 0.037736
20 0.030189 0.177358 0.026415 0.037736
21 0.072642 0.177358 0.028302 0.037736
22 0.105660 0.177358 0.026415 0.037736
23 0.135849 0.177358 0.030189 0.037736
24 0.180189 0.177358 0.028302 0.037736
25 0.203774 0.172642 0.007547 0.028302
26 0.228302 0.175472 0.011321 0.033962
27 0.251887 0.174528 0.024528 0.032075
28 0.291509 0.166038 0.028302 0.015094
29 0.321698 0.174528 0.024528 0.032075
30 0.014151 0.233962 0.024528 0.037736
31 0.064151 0.233962 0.041509 0.037736
32 0.112264 0.233962 0.043396 0.037736
33 0.152830 0.233962 0.030189 0.037736
34 0.197170 0.233962 0.032075 0.037736
35 0.236792 0.233962 0.035849 0.037736
36 0.270755 0.233962 0.028302 0.037736
37 0.313208 0.233962 0.026415 0.037736
38 0.349057 0.233962 0.037736 0.037736
39 0.392453 0.233962 0.037736 0.037736
40 0.019811 0.290566 0.009434 0.037736
41 0.052830 0.290566 0.022642 0.037736
42 0.082075 0.290566 0.032075 0.037736
43 0.113208 0.290566 0.026415 0.037736
44 0.150000 0.290566 0.043396 0.037736
45 0.194340 0.290566 0.037736 0.037736
46 0.251887 0.290566 0.043396 0.037736
47 0.300943 0.290566 0.028302 0.037736
48 0.338679 0.290566 0.043396 0.037736
49 0.390566 0.290566 0.030189 0.037736
50 0.017925 0.347170 0.024528 0.037736
51 0.062264 0.347170 0.030189 0.037736
52 0.100943 0.347170 0.035849 0.037736
53 0.151887 0.347170 0.039623 0.037736
54 0.205660 0.347170 0.060377 0.037736
55 0.270755 0.347170 0.035849 0.037736
56 0.318868 0.347170 0.033962 0.037736
57 0.355660 0.347170 0.032075 0.037736
58 0.395283 0.353774 0.013208 0.050943
59 0.418868 0.353774 0.026415 0.050943
60 0.020755 0.423585 0.015094 0.050943
61 0.055660 0.415094 0.024528 0.033962
62 0.087736 0.413208 0.028302 0.030189
63 0.120755 0.409434 0.007547 0.022642
64 0.143396 0.412264 0.026415 0.028302
65 0.174528 0.416981 0.028302 0.037736
66 0.201887 0.412264 0.022642 0.028302
67 0.241509 0.416981 0.030189 0.037736
68 0.276415 0.412264 0.028302 0.028302
69 0.305660 0.417925 0.018868 0.039623
70 0.018868 0.488679 0.030189 0.041509
71 0.054717 0.486792 0.030189 0.037736
72 0.077358 0.486792 0.007547 0.037736
73 0.094340 0.493396 0.018868 0.050943
74 0.132075 0.486792 0.026415 0.037736
75 0.163208 0.486792 0.009434 0.037736
76 0.202830 0.482075 0.043396 0.028302
77 0.240566 0.482075 0.028302 0.028302
78 0.275472 0.482075 0.030189 0.028302
79 0.322642 0.488679 0.030189 0.041509
80 0.020755 0.558491 0.030189 0.041509
81 0.061321 0.551887 0.016981 0.028302
82 0.083962 0.551887 0.020755 0.028302
83 0.116981 0.555660 0.018868 0.035849
84 0.153774 0.551887 0.028302 0.028302
85 0.195283 0.551887 0.028302 0.028302
86 0.250000 0.551887 0.047170 0.028302
87 0.294340 0.551887 0.030189 0.028302
88 0.342453 0.558491 0.032075 0.041509
89 0.386792 0.551887 0.022642 0.028302
90 0.021698 0.623585 0.016981 0.050943
91 0.036792 0.621698 0.005660 0.047170
92 0.052830 0.623585 0.015094 0.050943
93 0.077358 0.626415 0.026415 0.056604
