94 0.014151 0.030189 0.020755 0.022642
95 0.037736 0.030189 0.018868 0.022642
96 0.069811 0.030189 0.018868 0.022642
97 0.105660 0.030189 0.022642 0.022642
98 0.132075 0.030189 0.022642 0.022642
99 0.159434 0.030189 0.024528 0.022642
100 0.194340 0.030189 0.015094 0.022642
101 0.217925 0.030189 0.020755 0.022642
102 0.251887 0.030189 0.020755 0.022642
103 0.286792 0.032075 0.022642 0.026415
104 0.014151 0.077358 0.024528 0.026415
105 0.057547 0.075472 0.032075 0.022642
106 0.090566 0.081132 0.030189 0.033962
107 0.118868 0.081132 0.022642 0.033962
108 0.156604 0.081132 0.022642 0.033962
109 0.195283 0.081132 0.020755 0.033962
110 0.219811 0.075472 0.024528 0.022642
111 0.265094 0.075472 0.032075 0.022642
112 0.299057 0.075472 0.032075 0.022642
113 0.341509 0.075472 0.022642 0.022642
114 0.026415 0.128302 0.022642 0.022642
115 0.065094 0.128302 0.020755 0.022642
116 0.102830 0.128302 0.024528 0.022642
117 0.130189 0.128302 0.018868 0.022642
118 0.168868 0.128302 0.024528 0.022642
119 0.199057 0.127358 0.024528 0.020755
120 0.237736 0.133962 0.026415 0.033962
121 0.276415 0.128302 0.020755 0.022642
122 0.300943 0.134906 0.020755 0.035849
123 0.326415 0.128302 0.026415 0.022642
124 0.029245 0.189623 0.028302 0.035849
125 0.055660 0.183019 0.020755 0.022642
126 0.079245 0.183019 0.022642 0.022642
127 0.116038 0.182075 0.020755 0.020755
128 0.139623 0.183019 0.018868 0.022642
129 0.163208 0.188679 0.020755 0.033962
130 0.187736 0.183019 0.020755 0.022642
131 0.222642 0.187736 0.022642 0.032075
132 0.244340 0.183019 0.016981 0.022642
133 0.269811 0.183962 0.022642 0.024528
134 0.028302 0.235849 0.026415 0.018868
135 0.053774 0.238679 0.020755 0.024528
136 0.080189 0.237736 0.024528 0.022642
137 0.107547 0.238679 0.026415 0.024528
138 0.146226 0.237736 0.020755 0.022642
139 0.167925 0.237736 0.018868 0.022642
140 0.192453 0.237736 0.018868 0.022642
141 0.214151 0.235849 0.013208 0.018868
142 0.230189 0.230189 0.015094 0.007547
143 0.259434 0.237736 0.016981 0.022642
144 0.015094 0.287736 0.026415 0.035849
145 0.042453 0.272642 0.016981 0.005660
146 0.063208 0.274528 0.016981 0.009434
147 0.085849 0.274528 0.016981 0.009434
148 0.104717 0.274528 0.016981 0.009434
149 0.120755 0.273585 0.003774 0.007547
150 0.130189 0.273585 0.011321 0.007547
151 0.151887 0.272642 0.005660 0.005660
152 0.173585 0.281132 0.007547 0.022642
153 0.200000 0.281132 0.018868 0.022642
154 0.018868 0.343396 0.011321 0.037736
155 0.046226 0.344340 0.013208 0.039623
156 0.071698 0.343396 0.011321 0.037736
157 0.100000 0.340566 0.015094 0.032075
158 0.118868 0.340566 0.018868 0.032075
159 0.152830 0.331132 0.015094 0.013208
160 0.165094 0.327358 0.001887 0.005660
161 0.187736 0.328302 0.013208 0.007547
162 0.214151 0.327358 0.013208 0.005660
163 0.223585 0.328302 0.001887 0.007547
164 0.008491 0.388679 0.009434 0.011321
165 0.018868 0.387736 0.007547 0.009434
166 0.040566 0.389623 0.009434 0.013208
167 0.062264 0.394340 0.022642 0.022642
168 0.089623 0.389623 0.020755 0.013208
169 0.116038 0.392453 0.020755 0.018868
170 0.140566 0.395283 0.020755 0.024528
171 0.176415 0.391509 0.020755 0.016981
172 0.199057 0.393396 0.020755 0.020755
173 0.223585 0.394340 0.020755 0.022642
174 0.013208 0.437736 0.022642 0.022642
175 0.040566 0.437736 0.020755 0.022642
176 0.065094 0.437736 0.020755 0.022642
177 0.103774 0.438679 0.022642 0.024528
178 0.132075 0.437736 0.026415 0.022642
179 0.188679 0.435849 0.052830 0.018868
180 0.233962 0.440566 0.026415 0.028302
