94 0.012264 0.029245 0.013208 0.020755
95 0.032075 0.030189 0.015094 0.022642
96 0.061321 0.030189 0.016981 0.022642
97 0.081132 0.030189 0.015094 0.022642
98 0.101887 0.029245 0.015094 0.020755
99 0.132075 0.030189 0.018868 0.022642
100 0.151887 0.030189 0.009434 0.022642
101 0.168868 0.030189 0.016981 0.022642
102 0.187736 0.030189 0.016981 0.022642
103 0.224528 0.041509 0.026415 0.045283
104 0.026415 0.102830 0.026415 0.039623
105 0.064151 0.094340 0.022642 0.022642
106 0.100943 0.099057 0.020755 0.032075
107 0.139623 0.100943 0.022642 0.035849
108 0.178302 0.100943 0.024528 0.035849
109 0.220755 0.105660 0.026415 0.045283
110 0.261321 0.094340 0.020755 0.022642
111 0.296226 0.094340 0.022642 0.022642
112 0.320755 0.094340 0.022642 0.022642
113 0.345283 0.094340 0.015094 0.022642
114 0.011321 0.158491 0.015094 0.022642
115 0.028302 0.158491 0.015094 0.022642
116 0.060377 0.158491 0.015094 0.022642
117 0.079245 0.158491 0.011321 0.022642
118 0.109434 0.158491 0.015094 0.022642
119 0.126415 0.158491 0.015094 0.022642
120 0.146226 0.167925 0.020755 0.041509
121 0.169811 0.158491 0.015094 0.022642
122 0.201887 0.166981 0.018868 0.039623
123 0.223585 0.158491 0.016981 0.022642
124 0.015094 0.228302 0.022642 0.041509
125 0.039623 0.218868 0.015094 0.022642
126 0.056604 0.218868 0.015094 0.022642
127 0.088679 0.218868 0.015094 0.022642
128 0.118868 0.218868 0.011321 0.022642
129 0.135849 0.223585 0.015094 0.032075
130 0.165094 0.218868 0.016981 0.022642
131 0.196226 0.223585 0.015094 0.032075
132 0.215094 0.218868 0.015094 0.022642
133 0.240566 0.230189 0.024528 0.045283
134 0.013208 0.283019 0.015094 0.022642
135 0.050943 0.291509 0.026415 0.039623
136 0.073585 0.283019 0.015094 0.022642
137 0.112264 0.291509 0.028302 0.039623
138 0.136792 0.283019 0.016981 0.022642
139 0.174528 0.293396 0.024528 0.043396
140 0.198113 0.282075 0.015094 0.020755
141 0.217925 0.281132 0.013208 0.018868
142 0.240566 0.283019 0.020755 0.022642
143 0.260377 0.282075 0.011321 0.020755
144 0.027358 0.350943 0.020755 0.033962
145 0.060377 0.343396 0.015094 0.018868
146 0.078302 0.343396 0.016981 0.018868
147 0.110377 0.343396 0.020755 0.018868
148 0.144340 0.343396 0.020755 0.018868
149 0.172642 0.341509 0.005660 0.015094
150 0.185849 0.342453 0.009434 0.016981
151 0.197170 0.335849 0.001887 0.003774
152 0.204717 0.344340 0.005660 0.020755
153 0.216038 0.345283 0.013208 0.022642
154 0.033019 0.417925 0.035849 0.062264
155 0.068868 0.417925 0.024528 0.062264
156 0.112264 0.416981 0.032075 0.060377
157 0.147170 0.402830 0.011321 0.032075
158 0.177358 0.405660 0.015094 0.037736
159 0.193396 0.396226 0.013208 0.018868
160 0.205660 0.392453 0.003774 0.011321
161 0.216038 0.395283 0.013208 0.016981
162 0.235849 0.395283 0.015094 0.016981
163 0.250000 0.391509 0.009434 0.009434
164 0.010377 0.474528 0.009434 0.013208
165 0.020755 0.470755 0.007547 0.005660
166 0.033962 0.472642 0.007547 0.009434
167 0.050943 0.476415 0.018868 0.016981
168 0.084906 0.476415 0.015094 0.016981
169 0.117925 0.477358 0.016981 0.018868
170 0.146226 0.484906 0.035849 0.033962
171 0.176415 0.475472 0.020755 0.015094
172 0.203774 0.489623 0.030189 0.043396
173 0.246226 0.489623 0.024528 0.043396
174 0.027358 0.549057 0.024528 0.037736
175 0.059434 0.551887 0.032075 0.043396
176 0.103774 0.552830 0.030189 0.045283
177 0.149057 0.550943 0.030189 0.041509
178 0.190566 0.540566 0.018868 0.020755
179 0.233962 0.539623 0.033962 0.018868
180 0.266038 0.549057 0.018868 0.037736
