0 0.021698 0.036792 0.016981 0.035849
1 0.054717 0.041509 0.015094 0.045283
2 0.092453 0.038679 0.033962 0.039623
3 0.129245 0.041509 0.028302 0.045283
4 0.167925 0.042453 0.045283 0.047170
5 0.209434 0.038679 0.030189 0.039623
6 0.233962 0.041509 0.007547 0.045283
7 0.251887 0.038679 0.016981 0.039623
8 0.271698 0.038679 0.015094 0.039623
9 0.291509 0.024528 0.013208 0.011321
10 0.032075 0.100943 0.030189 0.032075
11 0.055660 0.104717 0.009434 0.039623
12 0.067925 0.107547 0.011321 0.045283
13 0.081132 0.108491 0.007547 0.047170
14 0.100000 0.106604 0.022642 0.043396
15 0.126415 0.102830 0.026415 0.035849
16 0.154717 0.102830 0.018868 0.035849
17 0.179245 0.102830 0.022642 0.035849
18 0.218868 0.102830 0.026415 0.035849
19 0.257547 0.102830 0.024528 0.035849
20 0.027358 0.168868 0.024528 0.035849
21 0.056604 0.168868 0.026415 0.035849
22 0.083019 0.168868 0.022642 0.035849
23 0.119811 0.168868 0.024528 0.035849
24 0.148113 0.168868 0.024528 0.035849
25 0.172642 0.164151 0.013208 0.026415
26 0.190566 0.166038 0.015094 0.030189
27 0.230189 0.166981 0.030189 0.032075
28 0.266038 0.160377 0.030189 0.018868
29 0.298113 0.166981 0.030189 0.032075
30 0.023585 0.225472 0.020755 0.039623
31 0.076415 0.232075 0.050943 0.052830
32 0.124528 0.225472 0.037736 0.039623
33 0.164151 0.229245 0.033962 0.047170
34 0.200943 0.225472 0.032075 0.039623
35 0.238679 0.225472 0.035849 0.039623
36 0.276415 0.225472 0.032075 0.039623
37 0.318868 0.225472 0.026415 0.039623
38 0.361321 0.230189 0.032075 0.049057
39 0.414151 0.225472 0.039623 0.039623
40 0.032075 0.297170 0.030189 0.039623
41 0.064151 0.301887 0.026415 0.049057
42 0.100943 0.297170 0.035849 0.039623
43 0.132075 0.297170 0.018868 0.039623
44 0.187736 0.297170 0.058491 0.039623
45 0.253774 0.297170 0.043396 0.039623
46 0.307547 0.297170 0.033962 0.039623
47 0.341509 0.297170 0.030189 0.039623
48 0.376415 0.297170 0.035849 0.039623
49 0.425472 0.296226 0.032075 0.037736
50 0.015094 0.365094 0.026415 0.039623
51 0.057547 0.365094 0.024528 0.039623
52 0.089623 0.365094 0.032075 0.039623
53 0.134906 0.365094 0.028302 0.039623
54 0.187736 0.365094 0.043396 0.039623
55 0.230189 0.367925 0.037736 0.045283
56 0.272642 0.369811 0.035849 0.049057
57 0.308491 0.365094 0.032075 0.039623
58 0.349057 0.365094 0.018868 0.039623
59 0.373585 0.366981 0.022642 0.043396
60 0.027358 0.433019 0.020755 0.039623
61 0.050943 0.435849 0.022642 0.045283
62 0.078302 0.428302 0.028302 0.030189
63 0.099057 0.427358 0.009434 0.028302
64 0.119811 0.426415 0.028302 0.026415
65 0.159434 0.433019 0.024528 0.039623
66 0.198113 0.426415 0.018868 0.026415
67 0.239623 0.433019 0.030189 0.039623
68 0.282075 0.426415 0.020755 0.026415
69 0.306604 0.437736 0.016981 0.049057
70 0.019811 0.499057 0.028302 0.035849
71 0.048113 0.500943 0.024528 0.039623
72 0.067925 0.500943 0.011321 0.039623
73 0.093396 0.504717 0.013208 0.047170
74 0.127358 0.505660 0.024528 0.049057
75 0.156604 0.500943 0.022642 0.039623
76 0.204717 0.496226 0.039623 0.030189
77 0.250943 0.494340 0.026415 0.026415
78 0.295283 0.494340 0.028302 0.026415
79 0.325472 0.499057 0.028302 0.035849
80 0.015094 0.566981 0.026415 0.035849
81 0.041509 0.562264 0.015094 0.026415
82 0.075472 0.565094 0.022642 0.032075
83 0.112264 0.567925 0.016981 0.037736
84 0.149057 0.562264 0.026415 0.026415
85 0.174528 0.562264 0.020755 0.026415
86 0.208491 0.564151 0.035849 0.030189
87 0.255660 0.562264 0.024528 0.026415
88 0.296226 0.566981 0.026415 0.035849
89 0.336792 0.562264 0.020755 0.026415
90 0.024528 0.632075 0.018868 0.052830
91 0.040566 0.629245 0.005660 0.047170
92 0.058491 0.632075 0.018868 0.052830
93 0.084906 0.639623 0.030189 0.067925
