94 0.021698 0.031132 0.016981 0.024528
95 0.041509 0.031132 0.018868 0.024528
96 0.062264 0.031132 0.018868 0.024528
97 0.085849 0.031132 0.016981 0.024528
98 0.116981 0.031132 0.018868 0.024528
99 0.153774 0.031132 0.020755 0.024528
100 0.172642 0.030189 0.013208 0.022642
101 0.201887 0.030189 0.015094 0.022642
102 0.219811 0.030189 0.016981 0.022642
103 0.255660 0.031132 0.020755 0.024528
104 0.016038 0.074528 0.020755 0.024528
105 0.054717 0.073585 0.026415 0.022642
106 0.086792 0.078302 0.026415 0.032075
107 0.116038 0.080189 0.020755 0.035849
108 0.139623 0.080189 0.022642 0.035849
109 0.167925 0.081132 0.026415 0.037736
110 0.196226 0.074528 0.022642 0.024528
111 0.223585 0.074528 0.028302 0.024528
112 0.265094 0.074528 0.028302 0.024528
113 0.300943 0.074528 0.016981 0.024528
114 0.012264 0.131132 0.016981 0.024528
115 0.034906 0.131132 0.016981 0.024528
116 0.055660 0.131132 0.020755 0.024528
117 0.080189 0.130189 0.016981 0.022642
118 0.104717 0.130189 0.020755 0.022642
119 0.127358 0.130189 0.020755 0.022642
120 0.152830 0.133962 0.022642 0.030189
121 0.176415 0.131132 0.020755 0.024528
122 0.211321 0.134906 0.022642 0.032075
123 0.239623 0.131132 0.022642 0.024528
124 0.016038 0.185849 0.024528 0.032075
125 0.040566 0.182075 0.020755 0.024528
126 0.075472 0.182075 0.022642 0.024528
127 0.101887 0.182075 0.018868 0.024528
128 0.120755 0.182075 0.015094 0.024528
129 0.153774 0.187736 0.016981 0.035849
130 0.176415 0.182075 0.016981 0.024528
131 0.200943 0.187736 0.020755 0.035849
132 0.224528 0.181132 0.015094 0.022642
133 0.259434 0.183019 0.020755 0.026415
134 0.026415 0.236792 0.022642 0.024528
135 0.051887 0.237736 0.020755 0.026415
136 0.085849 0.236792 0.020755 0.024528
137 0.113208 0.236792 0.026415 0.024528
138 0.140566 0.235849 0.016981 0.022642
139 0.163208 0.236792 0.020755 0.024528
140 0.194340 0.236792 0.015094 0.024528
141 0.224528 0.234906 0.018868 0.020755
142 0.246226 0.229245 0.016981 0.009434
143 0.262264 0.236792 0.011321 0.024528
144 0.012264 0.287736 0.020755 0.035849
145 0.035849 0.273585 0.015094 0.007547
146 0.055660 0.274528 0.016981 0.009434
147 0.079245 0.273585 0.018868 0.007547
148 0.099057 0.274528 0.016981 0.009434
149 0.112264 0.275472 0.005660 0.011321
150 0.134906 0.275472 0.013208 0.011321
151 0.155660 0.271698 0.001887 0.003774
152 0.162264 0.282075 0.007547 0.024528
153 0.189623 0.282075 0.016981 0.024528
154 0.009434 0.343396 0.015094 0.037736
155 0.035849 0.343396 0.011321 0.037736
156 0.062264 0.343396 0.007547 0.037736
157 0.078302 0.342453 0.013208 0.035849
158 0.099057 0.341509 0.016981 0.033962
159 0.116981 0.331132 0.015094 0.013208
160 0.140566 0.327358 0.001887 0.005660
161 0.163208 0.329245 0.013208 0.009434
162 0.194340 0.329245 0.015094 0.009434
163 0.220755 0.327358 0.003774 0.005660
164 0.021698 0.385849 0.009434 0.009434
165 0.046226 0.384906 0.009434 0.007547
166 0.070755 0.386792 0.009434 0.011321
167 0.091509 0.390566 0.020755 0.018868
168 0.117925 0.389623 0.020755 0.016981
169 0.144340 0.390566 0.020755 0.018868
170 0.182075 0.394340 0.020755 0.026415
171 0.217925 0.389623 0.020755 0.016981
172 0.248113 0.392453 0.028302 0.022642
173 0.290566 0.393396 0.022642 0.024528
174 0.012264 0.437736 0.020755 0.022642
175 0.039623 0.437736 0.026415 0.022642
176 0.079245 0.436792 0.022642 0.020755
177 0.105660 0.437736 0.026415 0.022642
178 0.145283 0.438679 0.022642 0.024528
179 0.174528 0.434906 0.032075 0.016981
180 0.200943 0.442453 0.016981 0.032075
