0 0.018868 0.041509 0.007547 0.045283
1 0.050000 0.047170 0.020755 0.056604
2 0.099057 0.043396 0.047170 0.049057
3 0.142453 0.050000 0.032075 0.062264
4 0.192453 0.040566 0.041509 0.043396
5 0.235849 0.042453 0.033962 0.047170
6 0.268868 0.047170 0.005660 0.056604
7 0.296226 0.046226 0.018868 0.054717
8 0.330189 0.046226 0.018868 0.054717
9 0.359434 0.030189 0.028302 0.022642
10 0.016038 0.112264 0.024528 0.024528
11 0.039623 0.119811 0.011321 0.039623
12 0.071698 0.116981 0.022642 0.033962
13 0.100943 0.118868 0.009434 0.037736
14 0.124528 0.122642 0.026415 0.045283
15 0.160377 0.122642 0.033962 0.045283
16 0.188679 0.121698 0.018868 0.043396
17 0.227358 0.121698 0.028302 0.043396
18 0.271698 0.122642 0.026415 0.045283
19 0.316981 0.121698 0.033962 0.043396
20 0.032075 0.186792 0.030189 0.045283
21 0.067925 0.186792 0.030189 0.045283
22 0.114151 0.186792 0.032075 0.045283
23 0.150943 0.186792 0.030189 0.045283
24 0.186792 0.186792 0.030189 0.045283
25 0.209434 0.178302 0.007547 0.028302
26 0.222642 0.183019 0.011321 0.037736
27 0.240566 0.176415 0.016981 0.024528
28 0.266038 0.172642 0.022642 0.016981
29 0.300943 0.177358 0.020755 0.026415
30 0.031132 0.250943 0.028302 0.045283
31 0.083962 0.252830 0.047170 0.049057
32 0.139623 0.250943 0.033962 0.045283
33 0.175472 0.250943 0.030189 0.045283
34 0.219811 0.250943 0.032075 0.045283
35 0.268868 0.250943 0.035849 0.045283
36 0.308491 0.250943 0.032075 0.045283
37 0.356604 0.250943 0.030189 0.045283
38 0.391509 0.250943 0.035849 0.045283
39 0.443396 0.250943 0.037736 0.045283
40 0.027358 0.317925 0.028302 0.043396
41 0.064151 0.319811 0.033962 0.047170
42 0.113208 0.319811 0.030189 0.047170
43 0.148113 0.318868 0.028302 0.045283
44 0.200943 0.319811 0.047170 0.047170
45 0.258491 0.319811 0.041509 0.047170
46 0.305660 0.318868 0.041509 0.045283
47 0.354717 0.318868 0.026415 0.045283
48 0.395283 0.324528 0.047170 0.056604
49 0.451887 0.318868 0.032075 0.045283
50 0.019811 0.394340 0.035849 0.045283
51 0.072642 0.394340 0.039623 0.045283
52 0.128302 0.394340 0.037736 0.045283
53 0.167925 0.394340 0.033962 0.045283
54 0.225472 0.395283 0.054717 0.047170
55 0.276415 0.394340 0.039623 0.045283
56 0.318868 0.394340 0.033962 0.045283
57 0.356604 0.394340 0.037736 0.045283
58 0.399057 0.399057 0.016981 0.054717
59 0.433019 0.395283 0.024528 0.047170
60 0.021698 0.472642 0.016981 0.054717
61 0.059434 0.458491 0.024528 0.026415
62 0.108491 0.467925 0.039623 0.045283
63 0.148113 0.465094 0.013208 0.039623
64 0.170755 0.460377 0.028302 0.030189
65 0.212264 0.467925 0.028302 0.045283
66 0.253774 0.460377 0.024528 0.030189
67 0.285849 0.467925 0.028302 0.045283
68 0.331132 0.460377 0.028302 0.030189
69 0.361321 0.468868 0.024528 0.047170
70 0.017925 0.540566 0.028302 0.043396
71 0.062264 0.541509 0.026415 0.045283
72 0.095283 0.539623 0.009434 0.041509
73 0.116038 0.546226 0.020755 0.054717
74 0.153774 0.541509 0.028302 0.045283
75 0.184906 0.541509 0.007547 0.045283
76 0.222642 0.535849 0.041509 0.033962
77 0.262264 0.533962 0.026415 0.030189
78 0.294340 0.533962 0.026415 0.030189
79 0.337736 0.540566 0.026415 0.043396
80 0.015094 0.614151 0.026415 0.043396
81 0.055660 0.607547 0.024528 0.030189
82 0.084906 0.607547 0.022642 0.030189
83 0.123585 0.612264 0.024528 0.039623
84 0.153774 0.607547 0.024528 0.030189
85 0.183019 0.607547 0.026415 0.030189
86 0.216038 0.607547 0.035849 0.030189
87 0.266981 0.607547 0.032075 0.030189
88 0.303774 0.614151 0.030189 0.043396
89 0.347170 0.607547 0.026415 0.030189
90 0.016038 0.682075 0.020755 0.054717
91 0.044340 0.683019 0.005660 0.056604
92 0.070755 0.682075 0.020755 0.054717
93 0.101887 0.694340 0.030189 0.079245
