0 0.008491 0.042453 0.005660 0.047170
1 0.020755 0.047170 0.015094 0.056604
2 0.066038 0.040566 0.045283 0.043396
3 0.116981 0.049057 0.030189 0.060377
4 0.155660 0.041509 0.039623 0.045283
5 0.193396 0.042453 0.032075 0.047170
6 0.216038 0.041509 0.005660 0.045283
7 0.241509 0.047170 0.015094 0.056604
8 0.269811 0.047170 0.015094 0.056604
9 0.304717 0.031132 0.024528 0.024528
10 0.024528 0.110377 0.022642 0.024528
11 0.054717 0.117925 0.007547 0.039623
12 0.080189 0.115094 0.016981 0.033962
13 0.109434 0.116981 0.007547 0.037736
14 0.142453 0.121698 0.024528 0.047170
15 0.173585 0.119811 0.030189 0.043396
16 0.201887 0.119811 0.018868 0.043396
17 0.240566 0.119811 0.024528 0.043396
18 0.279245 0.119811 0.026415 0.043396
19 0.324528 0.119811 0.030189 0.043396
20 0.031132 0.185849 0.028302 0.043396
21 0.060377 0.185849 0.026415 0.043396
22 0.093396 0.185849 0.032075 0.043396
23 0.137736 0.185849 0.026415 0.043396
24 0.180189 0.186792 0.028302 0.045283
25 0.200943 0.178302 0.005660 0.028302
26 0.223585 0.181132 0.009434 0.033962
27 0.250943 0.176415 0.015094 0.024528
28 0.283962 0.174528 0.020755 0.020755
29 0.305660 0.177358 0.018868 0.026415
30 0.025472 0.250000 0.024528 0.043396
31 0.062264 0.252830 0.045283 0.049057
32 0.107547 0.250000 0.033962 0.043396
33 0.144340 0.250943 0.028302 0.045283
34 0.190566 0.250000 0.030189 0.043396
35 0.227358 0.250000 0.032075 0.043396
36 0.264151 0.250000 0.030189 0.043396
37 0.298113 0.251887 0.026415 0.047170
38 0.342453 0.250000 0.035849 0.043396
39 0.382075 0.250000 0.035849 0.043396
40 0.030189 0.317925 0.026415 0.043396
41 0.065094 0.319811 0.032075 0.047170
42 0.097170 0.319811 0.028302 0.047170
43 0.130189 0.317925 0.026415 0.043396
44 0.168868 0.318868 0.043396 0.045283
45 0.216038 0.317925 0.039623 0.043396
46 0.272642 0.317925 0.039623 0.043396
47 0.317925 0.317925 0.024528 0.043396
48 0.356604 0.323585 0.045283 0.054717
49 0.409434 0.317925 0.030189 0.043396
50 0.021698 0.391509 0.032075 0.043396
51 0.068868 0.391509 0.035849 0.043396
52 0.118868 0.391509 0.033962 0.043396
53 0.168868 0.391509 0.032075 0.043396
54 0.214151 0.392453 0.054717 0.045283
55 0.276415 0.391509 0.035849 0.043396
56 0.325472 0.392453 0.032075 0.045283
57 0.372642 0.391509 0.035849 0.043396
58 0.400943 0.396226 0.013208 0.052830
59 0.432075 0.392453 0.022642 0.045283
60 0.012264 0.467925 0.013208 0.052830
61 0.035849 0.456604 0.022642 0.030189
62 0.080189 0.456604 0.035849 0.030189
63 0.118868 0.461321 0.011321 0.039623
64 0.139623 0.455660 0.026415 0.028302
65 0.179245 0.464151 0.026415 0.045283
66 0.220755 0.455660 0.022642 0.028302
67 0.250943 0.464151 0.026415 0.045283
68 0.282075 0.455660 0.028302 0.028302
69 0.310377 0.466038 0.024528 0.049057
70 0.016981 0.534906 0.026415 0.043396
71 0.058491 0.535849 0.026415 0.045283
72 0.091509 0.533962 0.005660 0.041509
73 0.104717 0.541509 0.016981 0.056604
74 0.140566 0.535849 0.024528 0.045283
75 0.161321 0.535849 0.005660 0.045283
76 0.186792 0.528302 0.037736 0.030189
77 0.223585 0.527358 0.024528 0.028302
78 0.253774 0.527358 0.024528 0.028302
79 0.282075 0.536792 0.024528 0.047170
80 0.017925 0.610377 0.024528 0.043396
81 0.044340 0.602830 0.020755 0.028302
82 0.079245 0.603774 0.022642 0.030189
83 0.118868 0.607547 0.022642 0.037736
84 0.145283 0.602830 0.022642 0.028302
85 0.170755 0.602830 0.024528 0.028302
86 0.202830 0.602830 0.035849 0.028302
87 0.237736 0.603774 0.030189 0.030189
88 0.272642 0.610377 0.028302 0.043396
89 0.314151 0.602830 0.024528 0.028302
90 0.015094 0.679245 0.018868 0.056604
91 0.042453 0.679245 0.005660 0.056604
92 0.058491 0.679245 0.018868 0.056604
93 0.099057 0.696226 0.028302 0.090566
