0 0.016981 0.037736 0.007547 0.037736
1 0.046226 0.047170 0.020755 0.056604
2 0.077358 0.037736 0.033962 0.037736
3 0.112264 0.040566 0.024528 0.043396
4 0.150000 0.037736 0.043396 0.037736
5 0.208491 0.037736 0.039623 0.037736
6 0.233962 0.047170 0.007547 0.056604
7 0.251887 0.044340 0.016981 0.050943
8 0.272642 0.044340 0.016981 0.050943
9 0.307547 0.030189 0.022642 0.022642
10 0.032075 0.110377 0.030189 0.032075
11 0.056604 0.119811 0.011321 0.050943
12 0.070755 0.116981 0.013208 0.045283
13 0.086792 0.117925 0.007547 0.047170
14 0.113208 0.113208 0.015094 0.037736
15 0.134906 0.113208 0.024528 0.037736
16 0.171698 0.113208 0.022642 0.037736
17 0.197170 0.113208 0.024528 0.037736
18 0.225472 0.113208 0.024528 0.037736
19 0.266981 0.113208 0.024528 0.037736
20 0.014151 0.182075 0.024528 0.035849
21 0.051887 0.183019 0.024528 0.037736
22 0.093396 0.183019 0.024528 0.037736
23 0.134906 0.183019 0.024528 0.037736
24 0.161321 0.183019 0.024528 0.037736
25 0.181132 0.175472 0.007547 0.022642
26 0.192453 0.179245 0.011321 0.030189
27 0.216981 0.178302 0.030189 0.028302
28 0.250943 0.173585 0.030189 0.018868
29 0.294340 0.178302 0.030189 0.028302
30 0.016038 0.239623 0.020755 0.037736
31 0.052830 0.246226 0.049057 0.050943
32 0.112264 0.239623 0.035849 0.037736
33 0.163208 0.239623 0.032075 0.037736
34 0.205660 0.239623 0.026415 0.037736
35 0.238679 0.239623 0.035849 0.037736
36 0.287736 0.239623 0.032075 0.037736
37 0.324528 0.239623 0.030189 0.037736
38 0.358491 0.239623 0.033962 0.037736
39 0.412264 0.239623 0.039623 0.037736
40 0.015094 0.309434 0.018868 0.037736
41 0.038679 0.312264 0.024528 0.043396
42 0.085849 0.309434 0.039623 0.037736
43 0.134906 0.309434 0.032075 0.037736
44 0.178302 0.309434 0.043396 0.037736
45 0.219811 0.309434 0.035849 0.037736
46 0.270755 0.309434 0.032075 0.037736
47 0.308491 0.309434 0.032075 0.037736
48 0.342453 0.315094 0.032075 0.049057
49 0.380189 0.309434 0.035849 0.037736
50 0.026415 0.377358 0.022642 0.037736
51 0.066038 0.377358 0.030189 0.037736
52 0.116981 0.377358 0.037736 0.037736
53 0.157547 0.377358 0.035849 0.037736
54 0.216038 0.377358 0.054717 0.037736
55 0.274528 0.377358 0.035849 0.037736
56 0.313208 0.377358 0.033962 0.037736
57 0.363208 0.377358 0.032075 0.037736
58 0.403774 0.383962 0.015094 0.050943
59 0.435849 0.377358 0.015094 0.037736
60 0.020755 0.453774 0.015094 0.050943
61 0.042453 0.449057 0.024528 0.041509
62 0.083962 0.443396 0.028302 0.030189
63 0.105660 0.439623 0.011321 0.022642
64 0.140566 0.439623 0.024528 0.022642
65 0.166981 0.447170 0.024528 0.037736
66 0.204717 0.439623 0.020755 0.022642
67 0.231132 0.447170 0.024528 0.037736
68 0.268868 0.439623 0.020755 0.022642
69 0.306604 0.447170 0.020755 0.037736
70 0.025472 0.516981 0.024528 0.037736
71 0.056604 0.516981 0.030189 0.037736
72 0.083019 0.516038 0.011321 0.035849
73 0.101887 0.523585 0.015094 0.050943
74 0.136792 0.516981 0.028302 0.037736
75 0.169811 0.516981 0.011321 0.037736
76 0.211321 0.509434 0.045283 0.022642
77 0.265094 0.509434 0.028302 0.022642
78 0.306604 0.509434 0.024528 0.022642
79 0.348113 0.516981 0.024528 0.037736
80 0.017925 0.586792 0.024528 0.037736
81 0.041509 0.579245 0.018868 0.022642
82 0.061321 0.579245 0.016981 0.022642
83 0.080189 0.583019 0.016981 0.030189
84 0.118868 0.579245 0.030189 0.022642
85 0.151887 0.579245 0.024528 0.022642
86 0.189623 0.579245 0.039623 0.022642
87 0.234906 0.579245 0.024528 0.022642
88 0.274528 0.586792 0.024528 0.037736
89 0.299057 0.579245 0.020755 0.022642
90 0.021698 0.649057 0.013208 0.049057
91 0.048113 0.650943 0.005660 0.052830
92 0.071698 0.649057 0.015094 0.049057
93 0.100000 0.658491 0.030189 0.067925
