94 0.011321 0.029245 0.018868 0.020755
95 0.034906 0.029245 0.020755 0.020755
96 0.072642 0.029245 0.020755 0.020755
97 0.096226 0.029245 0.018868 0.020755
98 0.132075 0.029245 0.018868 0.020755
99 0.170755 0.029245 0.024528 0.020755
100 0.194340 0.029245 0.015094 0.020755
101 0.224528 0.030189 0.018868 0.022642
102 0.261321 0.030189 0.020755 0.022642
103 0.295283 0.030189 0.020755 0.022642
104 0.013208 0.071698 0.022642 0.022642
105 0.040566 0.070755 0.028302 0.020755
106 0.085849 0.076415 0.028302 0.032075
107 0.127358 0.077358 0.024528 0.033962
108 0.155660 0.076415 0.024528 0.032075
109 0.183962 0.076415 0.024528 0.032075
110 0.213208 0.070755 0.026415 0.020755
111 0.243396 0.070755 0.030189 0.020755
112 0.278302 0.071698 0.028302 0.022642
113 0.305660 0.071698 0.018868 0.022642
114 0.025472 0.123585 0.020755 0.020755
115 0.062264 0.123585 0.018868 0.020755
116 0.097170 0.123585 0.020755 0.020755
117 0.130189 0.123585 0.018868 0.020755
118 0.151887 0.123585 0.020755 0.020755
119 0.190566 0.123585 0.022642 0.020755
120 0.227358 0.127358 0.024528 0.028302
121 0.267925 0.123585 0.022642 0.020755
122 0.295283 0.127358 0.024528 0.028302
123 0.333962 0.123585 0.022642 0.020755
124 0.016038 0.174528 0.024528 0.028302
125 0.056604 0.170755 0.022642 0.020755
126 0.096226 0.170755 0.022642 0.020755
127 0.133962 0.170755 0.018868 0.020755
128 0.165094 0.171698 0.016981 0.022642
129 0.196226 0.176415 0.018868 0.032075
130 0.220755 0.171698 0.018868 0.022642
131 0.259434 0.176415 0.024528 0.032075
132 0.293396 0.171698 0.016981 0.022642
133 0.329245 0.171698 0.020755 0.022642
134 0.029245 0.221698 0.024528 0.020755
135 0.068868 0.222642 0.020755 0.022642
136 0.091509 0.221698 0.020755 0.020755
137 0.130189 0.223585 0.026415 0.024528
138 0.165094 0.222642 0.016981 0.022642
139 0.199057 0.222642 0.020755 0.022642
140 0.221698 0.221698 0.016981 0.020755
141 0.243396 0.221698 0.018868 0.020755
142 0.266038 0.216038 0.018868 0.009434
143 0.284906 0.222642 0.015094 0.022642
144 0.016038 0.271698 0.020755 0.033962
145 0.041509 0.259434 0.018868 0.009434
146 0.063208 0.260377 0.020755 0.011321
147 0.086792 0.260377 0.022642 0.011321
148 0.110377 0.260377 0.020755 0.011321
149 0.130189 0.260377 0.007547 0.011321
150 0.143396 0.261321 0.015094 0.013208
151 0.166038 0.256604 0.003774 0.003774
152 0.186792 0.265094 0.007547 0.020755
153 0.213208 0.265094 0.018868 0.020755
154 0.024528 0.326415 0.015094 0.037736
155 0.052830 0.325472 0.011321 0.035849
156 0.078302 0.325472 0.013208 0.035849
157 0.108491 0.323585 0.013208 0.032075
158 0.129245 0.321698 0.016981 0.028302
159 0.158491 0.312264 0.015094 0.009434
160 0.173585 0.311321 0.003774 0.007547
161 0.199057 0.313208 0.013208 0.011321
162 0.217925 0.311321 0.016981 0.007547
163 0.235849 0.312264 0.011321 0.009434
164 0.023585 0.370755 0.013208 0.013208
165 0.049057 0.368868 0.007547 0.009434
166 0.061321 0.369811 0.009434 0.011321
167 0.094340 0.375472 0.022642 0.022642
168 0.121698 0.373585 0.020755 0.018868
169 0.149057 0.373585 0.022642 0.018868
170 0.189623 0.376415 0.024528 0.024528
171 0.228302 0.372642 0.026415 0.016981
172 0.270755 0.375472 0.028302 0.022642
173 0.300943 0.376415 0.028302 0.024528
174 0.016038 0.419811 0.020755 0.024528
175 0.056604 0.419811 0.030189 0.024528
176 0.102830 0.418868 0.028302 0.022642
177 0.148113 0.419811 0.028302 0.024528
178 0.186792 0.418868 0.022642 0.022642
179 0.222642 0.415094 0.037736 0.015094
180 0.253774 0.422642 0.020755 0.030189
