94 0.017925 0.032075 0.024528 0.026415
95 0.044340 0.032075 0.024528 0.026415
96 0.074528 0.032075 0.024528 0.026415
97 0.101887 0.032075 0.022642 0.026415
98 0.142453 0.032075 0.024528 0.026415
99 0.172642 0.032075 0.024528 0.026415
100 0.209434 0.032075 0.018868 0.026415
101 0.245283 0.032075 0.022642 0.026415
102 0.275472 0.032075 0.026415 0.026415
103 0.315094 0.032075 0.022642 0.026415
104 0.024528 0.077358 0.022642 0.026415
105 0.066038 0.077358 0.030189 0.026415
106 0.110377 0.082075 0.032075 0.035849
107 0.141509 0.082075 0.022642 0.035849
108 0.169811 0.082075 0.022642 0.035849
109 0.195283 0.083962 0.024528 0.039623
110 0.235849 0.077358 0.026415 0.026415
111 0.279245 0.077358 0.030189 0.026415
112 0.328302 0.077358 0.033962 0.026415
113 0.362264 0.077358 0.022642 0.026415
114 0.026415 0.135849 0.022642 0.026415
115 0.064151 0.135849 0.022642 0.026415
116 0.089623 0.135849 0.024528 0.026415
117 0.127358 0.135849 0.024528 0.026415
118 0.168868 0.135849 0.024528 0.026415
119 0.206604 0.135849 0.024528 0.026415
120 0.246226 0.139623 0.024528 0.033962
121 0.274528 0.135849 0.020755 0.026415
122 0.300000 0.138679 0.022642 0.032075
123 0.340566 0.135849 0.024528 0.026415
124 0.014151 0.191509 0.024528 0.032075
125 0.053774 0.188679 0.024528 0.026415
126 0.090566 0.188679 0.022642 0.026415
127 0.119811 0.188679 0.024528 0.026415
128 0.148113 0.188679 0.024528 0.026415
129 0.185849 0.192453 0.024528 0.033962
130 0.215094 0.188679 0.022642 0.026415
131 0.253774 0.192453 0.024528 0.033962
132 0.277358 0.188679 0.018868 0.026415
133 0.301887 0.188679 0.022642 0.026415
134 0.017925 0.241509 0.028302 0.026415
135 0.056604 0.241509 0.022642 0.026415
136 0.085849 0.241509 0.024528 0.026415
137 0.129245 0.245283 0.032075 0.033962
138 0.172642 0.241509 0.024528 0.026415
139 0.202830 0.242453 0.024528 0.028302
140 0.235849 0.241509 0.015094 0.026415
141 0.255660 0.241509 0.016981 0.026415
142 0.287736 0.233019 0.016981 0.009434
143 0.318868 0.241509 0.018868 0.026415
144 0.021698 0.300943 0.032075 0.039623
145 0.065094 0.286792 0.020755 0.011321
146 0.098113 0.286792 0.018868 0.011321
147 0.120755 0.286792 0.022642 0.011321
148 0.146226 0.287736 0.020755 0.013208
149 0.174528 0.287736 0.009434 0.013208
150 0.188679 0.287736 0.015094 0.013208
151 0.214151 0.284906 0.005660 0.007547
152 0.233962 0.294340 0.007547 0.026415
153 0.262264 0.294340 0.018868 0.026415
154 0.026415 0.359434 0.018868 0.039623
155 0.051887 0.360377 0.020755 0.041509
156 0.078302 0.359434 0.020755 0.039623
157 0.103774 0.356604 0.018868 0.033962
158 0.134906 0.352830 0.016981 0.026415
159 0.152830 0.345283 0.015094 0.011321
160 0.166981 0.343396 0.001887 0.007547
161 0.177358 0.343396 0.011321 0.007547
162 0.191509 0.344340 0.009434 0.009434
163 0.214151 0.344340 0.009434 0.009434
164 0.021698 0.403774 0.009434 0.007547
165 0.044340 0.404717 0.009434 0.009434
166 0.069811 0.405660 0.011321 0.011321
167 0.088679 0.410377 0.018868 0.020755
168 0.123585 0.413208 0.016981 0.026415
169 0.157547 0.413208 0.016981 0.026415
170 0.177358 0.413208 0.018868 0.026415
171 0.202830 0.413208 0.020755 0.026415
172 0.227358 0.413208 0.020755 0.026415
173 0.264151 0.413208 0.018868 0.026415
174 0.022642 0.458491 0.018868 0.026415
175 0.042453 0.458491 0.016981 0.026415
176 0.061321 0.458491 0.016981 0.026415
177 0.083019 0.458491 0.018868 0.026415
178 0.120755 0.458491 0.022642 0.026415
179 0.166981 0.453774 0.043396 0.016981
180 0.208491 0.466038 0.028302 0.041509
