94 0.011321 0.030189 0.015094 0.022642
95 0.030189 0.030189 0.015094 0.022642
96 0.050000 0.030189 0.016981 0.022642
97 0.083962 0.030189 0.016981 0.022642
98 0.116038 0.030189 0.016981 0.022642
99 0.151887 0.030189 0.020755 0.022642
100 0.183019 0.030189 0.011321 0.022642
101 0.212264 0.030189 0.016981 0.022642
102 0.237736 0.030189 0.022642 0.022642
103 0.263208 0.030189 0.016981 0.022642
104 0.026415 0.072642 0.018868 0.024528
105 0.064151 0.071698 0.022642 0.022642
106 0.101887 0.076415 0.022642 0.032075
107 0.137736 0.077358 0.018868 0.033962
108 0.169811 0.077358 0.018868 0.033962
109 0.201887 0.078302 0.015094 0.035849
110 0.226415 0.071698 0.022642 0.022642
111 0.255660 0.071698 0.024528 0.022642
112 0.286792 0.071698 0.026415 0.022642
113 0.310377 0.071698 0.016981 0.022642
114 0.014151 0.126415 0.016981 0.022642
115 0.035849 0.126415 0.015094 0.022642
116 0.056604 0.126415 0.018868 0.022642
117 0.077358 0.126415 0.015094 0.022642
118 0.108491 0.126415 0.020755 0.022642
119 0.133962 0.126415 0.018868 0.022642
120 0.167925 0.131132 0.018868 0.032075
121 0.201887 0.126415 0.015094 0.022642
122 0.232075 0.131132 0.015094 0.032075
123 0.255660 0.126415 0.020755 0.022642
124 0.012264 0.182075 0.020755 0.032075
125 0.037736 0.177358 0.018868 0.022642
126 0.061321 0.177358 0.016981 0.022642
127 0.093396 0.177358 0.013208 0.022642
128 0.112264 0.177358 0.013208 0.022642
129 0.143396 0.181132 0.015094 0.030189
130 0.163208 0.177358 0.016981 0.022642
131 0.196226 0.177358 0.018868 0.022642
132 0.229245 0.177358 0.013208 0.022642
133 0.260377 0.178302 0.018868 0.024528
134 0.015094 0.228302 0.022642 0.022642
135 0.039623 0.229245 0.018868 0.024528
136 0.062264 0.228302 0.018868 0.022642
137 0.098113 0.229245 0.022642 0.024528
138 0.120755 0.228302 0.015094 0.022642
139 0.153774 0.228302 0.016981 0.022642
140 0.175472 0.228302 0.015094 0.022642
141 0.196226 0.228302 0.015094 0.022642
142 0.217925 0.220755 0.016981 0.007547
143 0.236792 0.219811 0.013208 0.005660
144 0.016981 0.267925 0.022642 0.015094
145 0.050000 0.264151 0.013208 0.007547
146 0.081132 0.264151 0.015094 0.007547
147 0.113208 0.265094 0.015094 0.009434
148 0.133962 0.264151 0.015094 0.007547
149 0.150943 0.266981 0.007547 0.013208
150 0.166981 0.266038 0.013208 0.011321
151 0.181132 0.261321 0.003774 0.001887
152 0.191509 0.264151 0.005660 0.007547
153 0.215094 0.270755 0.015094 0.020755
154 0.022642 0.318868 0.015094 0.037736
155 0.040566 0.318868 0.013208 0.037736
156 0.069811 0.318868 0.015094 0.037736
157 0.099057 0.302830 0.013208 0.005660
158 0.126415 0.314151 0.015094 0.028302
159 0.157547 0.305660 0.013208 0.011321
160 0.170755 0.303774 0.001887 0.007547
161 0.195283 0.304717 0.013208 0.009434
162 0.224528 0.302830 0.011321 0.005660
163 0.247170 0.303774 0.003774 0.007547
164 0.008491 0.361321 0.009434 0.009434
165 0.020755 0.359434 0.007547 0.005660
166 0.036792 0.363208 0.013208 0.013208
167 0.055660 0.367925 0.020755 0.022642
168 0.087736 0.365094 0.016981 0.016981
169 0.110377 0.365094 0.016981 0.016981
170 0.131132 0.368868 0.020755 0.024528
171 0.151887 0.365094 0.016981 0.016981
172 0.186792 0.367925 0.022642 0.022642
173 0.213208 0.367925 0.022642 0.022642
174 0.012264 0.411321 0.020755 0.022642
175 0.051887 0.411321 0.024528 0.022642
176 0.078302 0.411321 0.020755 0.022642
177 0.114151 0.410377 0.020755 0.020755
178 0.151887 0.411321 0.020755 0.022642
179 0.185849 0.407547 0.035849 0.015094
180 0.226415 0.416038 0.018868 0.032075
