94 0.025472 0.033962 0.016981 0.030189
95 0.057547 0.033962 0.016981 0.030189
96 0.091509 0.033962 0.016981 0.030189
97 0.122642 0.033962 0.018868 0.030189
98 0.156604 0.033962 0.018868 0.030189
99 0.191509 0.033962 0.020755 0.030189
100 0.212264 0.033962 0.013208 0.030189
101 0.243396 0.033962 0.015094 0.030189
102 0.278302 0.033962 0.020755 0.030189
103 0.300000 0.034906 0.018868 0.032075
104 0.013208 0.084906 0.018868 0.030189
105 0.053774 0.084906 0.028302 0.030189
106 0.096226 0.091509 0.030189 0.043396
107 0.136792 0.091509 0.020755 0.043396
108 0.163208 0.091509 0.020755 0.043396
109 0.189623 0.093396 0.020755 0.047170
110 0.228302 0.084906 0.022642 0.030189
111 0.267925 0.084906 0.030189 0.030189
112 0.303774 0.084906 0.033962 0.030189
113 0.333962 0.084906 0.018868 0.030189
114 0.015094 0.150943 0.018868 0.030189
115 0.034906 0.150943 0.016981 0.030189
116 0.066981 0.150943 0.020755 0.030189
117 0.101887 0.150943 0.015094 0.030189
118 0.136792 0.150943 0.024528 0.030189
119 0.172642 0.150943 0.020755 0.030189
120 0.208491 0.157547 0.020755 0.043396
121 0.229245 0.150943 0.016981 0.030189
122 0.248113 0.156604 0.016981 0.041509
123 0.274528 0.150943 0.024528 0.030189
124 0.029245 0.219811 0.024528 0.043396
125 0.055660 0.213208 0.020755 0.030189
126 0.077358 0.213208 0.018868 0.030189
127 0.110377 0.213208 0.016981 0.030189
128 0.141509 0.213208 0.015094 0.030189
129 0.159434 0.219811 0.016981 0.043396
130 0.191509 0.213208 0.016981 0.030189
131 0.212264 0.218868 0.020755 0.041509
132 0.243396 0.213208 0.015094 0.030189
133 0.265094 0.214151 0.020755 0.032075
134 0.016038 0.275472 0.024528 0.030189
135 0.050943 0.276415 0.018868 0.032075
136 0.077358 0.275472 0.022642 0.030189
137 0.117925 0.280189 0.024528 0.039623
138 0.144340 0.275472 0.016981 0.030189
139 0.167925 0.276415 0.018868 0.032075
140 0.200000 0.274528 0.015094 0.028302
141 0.228302 0.272642 0.015094 0.024528
142 0.248113 0.265094 0.016981 0.009434
143 0.277358 0.275472 0.015094 0.030189
144 0.017925 0.328302 0.028302 0.018868
145 0.056604 0.322642 0.015094 0.007547
146 0.087736 0.322642 0.016981 0.007547
147 0.107547 0.323585 0.018868 0.009434
148 0.129245 0.322642 0.016981 0.007547
149 0.142453 0.324528 0.005660 0.011321
150 0.168868 0.325472 0.013208 0.013208
151 0.190566 0.321698 0.003774 0.005660
152 0.212264 0.333962 0.005660 0.030189
153 0.240566 0.333962 0.020755 0.030189
154 0.022642 0.396226 0.015094 0.056604
155 0.050000 0.396226 0.013208 0.056604
156 0.064151 0.396226 0.011321 0.056604
157 0.092453 0.388679 0.015094 0.041509
158 0.108491 0.375472 0.013208 0.015094
159 0.136792 0.374528 0.013208 0.013208
160 0.147170 0.367925 0.000000 0.000000
161 0.169811 0.373585 0.015094 0.011321
162 0.200000 0.373585 0.018868 0.011321
163 0.227358 0.374528 0.009434 0.013208
164 0.018868 0.450000 0.011321 0.013208
165 0.042453 0.448113 0.009434 0.009434
166 0.065094 0.449057 0.005660 0.011321
167 0.090566 0.456604 0.018868 0.026415
168 0.113208 0.456604 0.018868 0.026415
169 0.147170 0.456604 0.018868 0.026415
170 0.170755 0.455660 0.016981 0.024528
171 0.191509 0.456604 0.020755 0.026415
172 0.228302 0.461321 0.018868 0.035849
173 0.250943 0.461321 0.018868 0.035849
174 0.014151 0.515094 0.016981 0.033962
175 0.050000 0.516038 0.024528 0.035849
176 0.077358 0.516038 0.018868 0.035849
177 0.100943 0.511321 0.020755 0.026415
178 0.124528 0.512264 0.022642 0.028302
179 0.168868 0.508491 0.032075 0.020755
180 0.200000 0.520755 0.018868 0.045283
