0 0.005660 0.036792 0.007547 0.035849
1 0.025472 0.047170 0.020755 0.056604
2 0.066038 0.038679 0.033962 0.039623
3 0.096226 0.039623 0.022642 0.041509
4 0.134906 0.036792 0.043396 0.035849
5 0.181132 0.035849 0.041509 0.033962
6 0.207547 0.047170 0.007547 0.056604
7 0.224528 0.043396 0.015094 0.049057
8 0.245283 0.043396 0.015094 0.049057
9 0.277358 0.032075 0.022642 0.026415
10 0.016981 0.109434 0.030189 0.030189
11 0.038679 0.119811 0.009434 0.050943
12 0.067925 0.111321 0.015094 0.033962
13 0.094340 0.113208 0.007547 0.037736
14 0.114151 0.117925 0.024528 0.047170
15 0.152830 0.112264 0.022642 0.035849
16 0.186792 0.112264 0.018868 0.035849
17 0.209434 0.112264 0.022642 0.035849
18 0.247170 0.112264 0.022642 0.035849
19 0.273585 0.112264 0.022642 0.035849
20 0.016981 0.182075 0.022642 0.035849
21 0.052830 0.182075 0.022642 0.035849
22 0.079245 0.182075 0.022642 0.035849
23 0.116981 0.182075 0.022642 0.035849
24 0.143396 0.182075 0.022642 0.035849
25 0.160377 0.175472 0.007547 0.022642
26 0.185849 0.180189 0.009434 0.032075
27 0.211321 0.178302 0.030189 0.028302
28 0.256604 0.172642 0.030189 0.016981
29 0.303774 0.178302 0.030189 0.028302
30 0.021698 0.236792 0.016981 0.035849
31 0.069811 0.244340 0.049057 0.050943
32 0.118868 0.236792 0.037736 0.035849
33 0.156604 0.236792 0.033962 0.035849
34 0.207547 0.236792 0.033962 0.035849
35 0.246226 0.236792 0.039623 0.035849
36 0.289623 0.236792 0.035849 0.035849
37 0.335849 0.236792 0.030189 0.035849
38 0.385849 0.236792 0.035849 0.035849
39 0.430189 0.236792 0.045283 0.035849
40 0.010377 0.306604 0.016981 0.035849
41 0.033962 0.313208 0.022642 0.049057
42 0.067925 0.306604 0.037736 0.035849
43 0.118868 0.306604 0.033962 0.035849
44 0.173585 0.306604 0.049057 0.035849
45 0.226415 0.306604 0.045283 0.035849
46 0.270755 0.306604 0.039623 0.035849
47 0.307547 0.306604 0.030189 0.035849
48 0.346226 0.311321 0.039623 0.045283
49 0.388679 0.306604 0.037736 0.035849
50 0.013208 0.374528 0.022642 0.035849
51 0.060377 0.375472 0.037736 0.037736
52 0.113208 0.374528 0.037736 0.035849
53 0.166038 0.374528 0.037736 0.035849
54 0.214151 0.374528 0.050943 0.035849
55 0.275472 0.374528 0.037736 0.035849
56 0.316981 0.374528 0.037736 0.035849
57 0.353774 0.375472 0.032075 0.037736
58 0.388679 0.381132 0.011321 0.049057
59 0.412264 0.380189 0.024528 0.047170
60 0.011321 0.449057 0.011321 0.049057
61 0.030189 0.445283 0.022642 0.041509
62 0.072642 0.439623 0.028302 0.030189
63 0.104717 0.438679 0.009434 0.028302
64 0.135849 0.435849 0.022642 0.022642
65 0.166038 0.442453 0.026415 0.035849
66 0.203774 0.435849 0.022642 0.022642
67 0.244340 0.442453 0.028302 0.035849
68 0.284906 0.435849 0.022642 0.022642
69 0.308491 0.442453 0.020755 0.035849
70 0.017925 0.510377 0.028302 0.035849
71 0.059434 0.510377 0.028302 0.035849
72 0.083962 0.510377 0.013208 0.035849
73 0.100943 0.516981 0.009434 0.049057
74 0.134906 0.510377 0.028302 0.035849
75 0.173585 0.510377 0.015094 0.035849
76 0.209434 0.503774 0.045283 0.022642
77 0.259434 0.503774 0.028302 0.022642
78 0.287736 0.503774 0.024528 0.022642
79 0.327358 0.510377 0.028302 0.035849
80 0.016038 0.578302 0.028302 0.035849
81 0.055660 0.571698 0.016981 0.022642
82 0.077358 0.571698 0.018868 0.022642
83 0.111321 0.574528 0.015094 0.028302
84 0.150000 0.571698 0.028302 0.022642
85 0.181132 0.571698 0.026415 0.022642
86 0.216038 0.571698 0.039623 0.022642
87 0.266038 0.571698 0.026415 0.022642
88 0.294340 0.578302 0.026415 0.035849
89 0.322642 0.572642 0.022642 0.024528
90 0.021698 0.639623 0.013208 0.049057
91 0.043396 0.639623 0.003774 0.049057
92 0.069811 0.639623 0.015094 0.049057
93 0.105660 0.637736 0.030189 0.045283
