0 0.018868 0.038679 0.007547 0.039623
1 0.044340 0.041509 0.016981 0.045283
2 0.078302 0.038679 0.024528 0.039623
3 0.104717 0.042453 0.020755 0.047170
4 0.137736 0.038679 0.037736 0.039623
5 0.188679 0.038679 0.030189 0.039623
6 0.211321 0.041509 0.007547 0.045283
7 0.233962 0.044340 0.011321 0.050943
8 0.249057 0.044340 0.011321 0.050943
9 0.264151 0.028302 0.015094 0.018868
10 0.026415 0.102830 0.022642 0.028302
11 0.053774 0.111321 0.005660 0.045283
12 0.079245 0.105660 0.011321 0.033962
13 0.093396 0.102830 0.005660 0.028302
14 0.119811 0.108491 0.013208 0.039623
15 0.138679 0.108491 0.020755 0.039623
16 0.173585 0.108491 0.015094 0.039623
17 0.193396 0.108491 0.020755 0.039623
18 0.217925 0.108491 0.020755 0.039623
19 0.252830 0.108491 0.022642 0.039623
20 0.026415 0.172642 0.022642 0.039623
21 0.054717 0.172642 0.022642 0.039623
22 0.080189 0.172642 0.020755 0.039623
23 0.102830 0.172642 0.020755 0.039623
24 0.129245 0.172642 0.020755 0.039623
25 0.155660 0.167925 0.005660 0.030189
26 0.167925 0.171698 0.007547 0.037736
27 0.184906 0.166981 0.022642 0.028302
28 0.211321 0.161321 0.022642 0.016981
29 0.249057 0.166981 0.022642 0.028302
30 0.017925 0.231132 0.024528 0.039623
31 0.065094 0.236792 0.043396 0.050943
32 0.116038 0.231132 0.032075 0.039623
33 0.149057 0.231132 0.026415 0.039623
34 0.193396 0.231132 0.028302 0.039623
35 0.235849 0.231132 0.026415 0.039623
36 0.274528 0.231132 0.024528 0.039623
37 0.311321 0.231132 0.022642 0.039623
38 0.351887 0.231132 0.032075 0.039623
39 0.384906 0.231132 0.026415 0.039623
40 0.019811 0.300943 0.005660 0.039623
41 0.050000 0.300943 0.020755 0.039623
42 0.089623 0.300943 0.028302 0.039623
43 0.118868 0.300943 0.022642 0.039623
44 0.150000 0.300943 0.032075 0.039623
45 0.196226 0.300943 0.026415 0.039623
46 0.231132 0.300943 0.032075 0.039623
47 0.274528 0.300943 0.024528 0.039623
48 0.306604 0.302830 0.032075 0.043396
49 0.340566 0.300943 0.028302 0.039623
50 0.028302 0.363208 0.026415 0.039623
51 0.055660 0.363208 0.024528 0.039623
52 0.098113 0.363208 0.026415 0.039623
53 0.128302 0.363208 0.030189 0.039623
54 0.168868 0.363208 0.043396 0.039623
55 0.220755 0.363208 0.030189 0.039623
56 0.254717 0.363208 0.030189 0.039623
57 0.288679 0.363208 0.026415 0.039623
58 0.320755 0.368868 0.011321 0.050943
59 0.338679 0.363208 0.013208 0.039623
60 0.021698 0.438679 0.009434 0.050943
61 0.040566 0.435849 0.020755 0.045283
62 0.079245 0.428302 0.026415 0.030189
63 0.110377 0.421698 0.009434 0.016981
64 0.139623 0.428302 0.022642 0.030189
65 0.164151 0.433019 0.022642 0.039623
66 0.192453 0.428302 0.022642 0.030189
67 0.232075 0.433019 0.022642 0.039623
68 0.260377 0.428302 0.022642 0.030189
69 0.295283 0.433019 0.016981 0.039623
70 0.013208 0.503774 0.022642 0.041509
71 0.038679 0.502830 0.020755 0.039623
72 0.066981 0.503774 0.005660 0.041509
73 0.090566 0.509434 0.011321 0.052830
74 0.121698 0.502830 0.020755 0.039623
75 0.151887 0.502830 0.005660 0.039623
76 0.186792 0.498113 0.033962 0.030189
77 0.217925 0.498113 0.020755 0.030189
78 0.253774 0.498113 0.024528 0.030189
79 0.290566 0.503774 0.022642 0.041509
80 0.016981 0.575472 0.022642 0.041509
81 0.039623 0.569811 0.015094 0.030189
82 0.072642 0.569811 0.020755 0.030189
83 0.092453 0.574528 0.015094 0.039623
84 0.125472 0.569811 0.020755 0.030189
85 0.150000 0.569811 0.024528 0.030189
86 0.193396 0.569811 0.035849 0.030189
87 0.228302 0.569811 0.022642 0.030189
88 0.266981 0.575472 0.024528 0.041509
89 0.306604 0.569811 0.020755 0.030189
90 0.024528 0.640566 0.015094 0.050943
91 0.038679 0.640566 0.005660 0.050943
92 0.050943 0.640566 0.015094 0.050943
93 0.071698 0.643396 0.022642 0.056604
