94 0.021698 0.030189 0.016981 0.022642
95 0.054717 0.030189 0.015094 0.022642
96 0.076415 0.030189 0.016981 0.022642
97 0.097170 0.030189 0.016981 0.022642
98 0.131132 0.030189 0.016981 0.022642
99 0.165094 0.030189 0.020755 0.022642
100 0.199057 0.030189 0.016981 0.022642
101 0.233019 0.030189 0.016981 0.022642
102 0.252830 0.030189 0.018868 0.022642
103 0.294340 0.042453 0.033962 0.047170
104 0.033019 0.108491 0.035849 0.047170
105 0.066981 0.096226 0.028302 0.022642
106 0.110377 0.100943 0.028302 0.032075
107 0.143396 0.103774 0.026415 0.037736
108 0.174528 0.104717 0.024528 0.039623
109 0.211321 0.104717 0.022642 0.039623
110 0.236792 0.096226 0.020755 0.022642
111 0.279245 0.096226 0.030189 0.022642
112 0.326415 0.096226 0.030189 0.022642
113 0.351887 0.096226 0.016981 0.022642
114 0.015094 0.162264 0.018868 0.022642
115 0.036792 0.162264 0.016981 0.022642
116 0.060377 0.162264 0.018868 0.022642
117 0.095283 0.162264 0.016981 0.022642
118 0.116981 0.162264 0.018868 0.022642
119 0.150943 0.162264 0.018868 0.022642
120 0.184906 0.174528 0.041509 0.047170
121 0.232075 0.162264 0.018868 0.022642
122 0.276415 0.174528 0.039623 0.047170
123 0.308491 0.162264 0.020755 0.022642
124 0.038679 0.240566 0.043396 0.047170
125 0.073585 0.228302 0.018868 0.022642
126 0.110377 0.228302 0.020755 0.022642
127 0.133019 0.228302 0.016981 0.022642
128 0.152830 0.228302 0.015094 0.022642
129 0.178302 0.235849 0.028302 0.037736
130 0.214151 0.228302 0.016981 0.022642
131 0.242453 0.235849 0.028302 0.037736
132 0.281132 0.228302 0.015094 0.022642
133 0.310377 0.240566 0.035849 0.047170
134 0.024528 0.294340 0.022642 0.022642
135 0.067925 0.306604 0.037736 0.047170
136 0.100000 0.294340 0.018868 0.022642
137 0.129245 0.300000 0.028302 0.033962
138 0.153774 0.294340 0.016981 0.022642
139 0.174528 0.295283 0.020755 0.024528
140 0.211321 0.302830 0.026415 0.039623
141 0.246226 0.292453 0.013208 0.018868
142 0.283962 0.296226 0.035849 0.026415
143 0.309434 0.294340 0.011321 0.022642
144 0.014151 0.366038 0.020755 0.033962
145 0.042453 0.363208 0.024528 0.028302
146 0.081132 0.363208 0.026415 0.028302
147 0.121698 0.363208 0.028302 0.028302
148 0.150943 0.363208 0.026415 0.028302
149 0.193396 0.361321 0.028302 0.024528
150 0.231132 0.363208 0.013208 0.028302
151 0.255660 0.350943 0.001887 0.003774
152 0.274528 0.360377 0.005660 0.022642
153 0.288679 0.360377 0.015094 0.022642
154 0.025472 0.428302 0.024528 0.052830
155 0.058491 0.426415 0.011321 0.049057
156 0.087736 0.428302 0.020755 0.052830
157 0.117925 0.420755 0.028302 0.037736
158 0.148113 0.420755 0.024528 0.037736
159 0.185849 0.419811 0.024528 0.035849
160 0.203774 0.406604 0.003774 0.009434
161 0.234906 0.411321 0.024528 0.018868
162 0.259434 0.412264 0.016981 0.020755
163 0.289623 0.406604 0.009434 0.009434
164 0.033019 0.487736 0.032075 0.028302
165 0.055660 0.477358 0.005660 0.007547
166 0.082075 0.483962 0.016981 0.020755
167 0.102830 0.483962 0.020755 0.020755
168 0.138679 0.483019 0.016981 0.018868
169 0.160377 0.484906 0.022642 0.022642
170 0.194340 0.491509 0.037736 0.035849
171 0.238679 0.482075 0.020755 0.016981
172 0.278302 0.487736 0.028302 0.028302
173 0.323585 0.490566 0.032075 0.033962
174 0.018868 0.546226 0.030189 0.035849
175 0.061321 0.545283 0.028302 0.033962
176 0.105660 0.543396 0.026415 0.030189
177 0.138679 0.544340 0.028302 0.032075
178 0.171698 0.544340 0.033962 0.032075
179 0.216981 0.538679 0.045283 0.020755
180 0.256604 0.554717 0.026415 0.052830
