94 0.024528 0.031132 0.018868 0.024528
95 0.058491 0.031132 0.018868 0.024528
96 0.080189 0.032075 0.020755 0.026415
97 0.101887 0.031132 0.018868 0.024528
98 0.124528 0.032075 0.018868 0.026415
99 0.146226 0.032075 0.020755 0.026415
100 0.176415 0.032075 0.013208 0.026415
101 0.205660 0.031132 0.018868 0.024528
102 0.242453 0.031132 0.020755 0.024528
103 0.276415 0.032075 0.020755 0.026415
104 0.013208 0.078302 0.022642 0.028302
105 0.053774 0.076415 0.028302 0.024528
106 0.100000 0.082075 0.030189 0.035849
107 0.139623 0.082075 0.022642 0.035849
108 0.179245 0.082075 0.022642 0.035849
109 0.200943 0.083019 0.016981 0.037736
110 0.227358 0.076415 0.028302 0.024528
111 0.261321 0.077358 0.028302 0.026415
112 0.303774 0.076415 0.030189 0.024528
113 0.345283 0.076415 0.018868 0.024528
114 0.013208 0.133962 0.018868 0.026415
115 0.035849 0.133019 0.018868 0.024528
116 0.060377 0.133962 0.022642 0.026415
117 0.083962 0.133962 0.016981 0.026415
118 0.118868 0.133962 0.022642 0.026415
119 0.145283 0.133962 0.022642 0.026415
120 0.183019 0.138679 0.022642 0.035849
121 0.207547 0.133962 0.018868 0.026415
122 0.239623 0.138679 0.018868 0.035849
123 0.266981 0.133962 0.024528 0.026415
124 0.025472 0.193396 0.024528 0.035849
125 0.062264 0.187736 0.022642 0.024528
126 0.085849 0.188679 0.020755 0.026415
127 0.106604 0.188679 0.016981 0.026415
128 0.138679 0.188679 0.016981 0.026415
129 0.158491 0.192453 0.018868 0.033962
130 0.190566 0.187736 0.018868 0.024528
131 0.226415 0.192453 0.022642 0.033962
132 0.261321 0.187736 0.016981 0.024528
133 0.283962 0.189623 0.020755 0.028302
134 0.031132 0.243396 0.028302 0.026415
135 0.072642 0.244340 0.020755 0.028302
136 0.096226 0.243396 0.022642 0.026415
137 0.133962 0.244340 0.026415 0.028302
138 0.163208 0.242453 0.020755 0.024528
139 0.188679 0.243396 0.018868 0.026415
140 0.212264 0.243396 0.016981 0.026415
141 0.243396 0.240566 0.015094 0.020755
142 0.261321 0.234906 0.016981 0.009434
143 0.279245 0.242453 0.015094 0.024528
144 0.030189 0.298113 0.026415 0.041509
145 0.056604 0.282075 0.018868 0.009434
146 0.077358 0.283962 0.018868 0.013208
147 0.111321 0.283962 0.018868 0.013208
148 0.132075 0.283019 0.018868 0.011321
149 0.150943 0.283019 0.007547 0.011321
150 0.166981 0.283019 0.013208 0.011321
151 0.192453 0.280189 0.003774 0.005660
152 0.200000 0.289623 0.007547 0.024528
153 0.215094 0.289623 0.018868 0.024528
154 0.023585 0.358491 0.016981 0.041509
155 0.055660 0.358491 0.016981 0.041509
156 0.073585 0.358491 0.015094 0.041509
157 0.103774 0.354717 0.015094 0.033962
158 0.133962 0.355660 0.018868 0.035849
159 0.153774 0.343396 0.016981 0.011321
160 0.165094 0.341509 0.001887 0.007547
161 0.179245 0.343396 0.015094 0.011321
162 0.199057 0.342453 0.016981 0.009434
163 0.214151 0.341509 0.009434 0.007547
164 0.008491 0.404717 0.013208 0.013208
165 0.033962 0.402830 0.007547 0.009434
166 0.046226 0.405660 0.009434 0.015094
167 0.061321 0.406604 0.016981 0.016981
168 0.096226 0.407547 0.022642 0.018868
169 0.124528 0.409434 0.022642 0.022642
170 0.155660 0.411321 0.028302 0.026415
171 0.193396 0.407547 0.020755 0.018868
172 0.223585 0.411321 0.028302 0.026415
173 0.252830 0.411321 0.026415 0.026415
174 0.017925 0.456604 0.024528 0.026415
175 0.048113 0.456604 0.028302 0.026415
176 0.081132 0.456604 0.026415 0.026415
177 0.122642 0.456604 0.026415 0.026415
178 0.149057 0.456604 0.022642 0.026415
179 0.190566 0.453774 0.030189 0.020755
180 0.221698 0.464151 0.020755 0.041509
