0 0.017925 0.039623 0.005660 0.041509
1 0.041509 0.044340 0.015094 0.050943
2 0.067925 0.038679 0.033962 0.039623
3 0.097170 0.037736 0.013208 0.037736
4 0.117925 0.039623 0.016981 0.041509
5 0.151887 0.039623 0.020755 0.041509
6 0.180189 0.044340 0.005660 0.050943
7 0.188679 0.039623 0.007547 0.041509
8 0.213208 0.039623 0.007547 0.041509
9 0.225472 0.025472 0.009434 0.013208
10 0.015094 0.099057 0.018868 0.020755
11 0.032075 0.108491 0.003774 0.039623
12 0.050000 0.100000 0.005660 0.022642
13 0.060377 0.107547 0.003774 0.037736
14 0.068868 0.106604 0.009434 0.035849
15 0.083962 0.109434 0.013208 0.041509
16 0.110377 0.109434 0.009434 0.041509
17 0.128302 0.109434 0.015094 0.041509
18 0.155660 0.109434 0.013208 0.041509
19 0.185849 0.109434 0.013208 0.041509
20 0.021698 0.169811 0.013208 0.041509
21 0.040566 0.169811 0.013208 0.041509
22 0.055660 0.169811 0.013208 0.041509
23 0.072642 0.169811 0.013208 0.041509
24 0.089623 0.169811 0.013208 0.041509
25 0.111321 0.164151 0.003774 0.030189
26 0.132075 0.166981 0.003774 0.035849
27 0.155660 0.157547 0.016981 0.016981
28 0.179245 0.153774 0.018868 0.009434
29 0.199057 0.157547 0.016981 0.016981
30 0.011321 0.230189 0.011321 0.041509
31 0.039623 0.231132 0.041509 0.043396
32 0.074528 0.230189 0.016981 0.041509
33 0.095283 0.230189 0.016981 0.041509
34 0.125472 0.230189 0.013208 0.041509
35 0.153774 0.230189 0.016981 0.041509
36 0.174528 0.230189 0.016981 0.041509
37 0.196226 0.230189 0.015094 0.041509
38 0.215094 0.230189 0.015094 0.041509
39 0.235849 0.230189 0.018868 0.041509
40 0.021698 0.292453 0.009434 0.041509
41 0.038679 0.292453 0.013208 0.041509
42 0.070755 0.292453 0.020755 0.041509
43 0.090566 0.292453 0.015094 0.041509
44 0.122642 0.292453 0.022642 0.041509
45 0.155660 0.292453 0.016981 0.041509
46 0.175472 0.292453 0.015094 0.041509
47 0.193396 0.292453 0.016981 0.041509
48 0.222642 0.295283 0.015094 0.047170
49 0.252830 0.292453 0.018868 0.041509
50 0.021698 0.358491 0.013208 0.041509
51 0.041509 0.358491 0.018868 0.041509
52 0.071698 0.358491 0.015094 0.041509
53 0.092453 0.358491 0.015094 0.041509
54 0.129245 0.358491 0.024528 0.041509
55 0.156604 0.358491 0.018868 0.041509
56 0.189623 0.358491 0.016981 0.041509
57 0.218868 0.358491 0.015094 0.041509
58 0.233962 0.358491 0.007547 0.041509
59 0.246226 0.355660 0.009434 0.035849
60 0.016981 0.418868 0.007547 0.041509
61 0.047170 0.416981 0.022642 0.037736
62 0.076415 0.405660 0.028302 0.015094
63 0.099057 0.409434 0.005660 0.022642
64 0.125472 0.413208 0.013208 0.030189
65 0.143396 0.418868 0.015094 0.041509
66 0.162264 0.413208 0.011321 0.030189
67 0.187736 0.418868 0.013208 0.041509
68 0.216038 0.413208 0.013208 0.030189
69 0.229245 0.418868 0.009434 0.041509
70 0.020755 0.479245 0.015094 0.041509
71 0.041509 0.479245 0.015094 0.041509
72 0.067925 0.479245 0.007547 0.041509
73 0.090566 0.483962 0.007547 0.050943
74 0.104717 0.479245 0.016981 0.041509
75 0.118868 0.479245 0.007547 0.041509
76 0.147170 0.473585 0.022642 0.030189
77 0.179245 0.473585 0.015094 0.030189
78 0.198113 0.473585 0.011321 0.030189
79 0.226415 0.478302 0.015094 0.039623
80 0.021698 0.548113 0.013208 0.039623
81 0.036792 0.543396 0.013208 0.030189
82 0.061321 0.543396 0.009434 0.030189
83 0.074528 0.547170 0.009434 0.037736
84 0.092453 0.543396 0.015094 0.030189
85 0.112264 0.543396 0.013208 0.030189
86 0.145283 0.543396 0.022642 0.030189
87 0.166981 0.543396 0.013208 0.030189
88 0.182075 0.548113 0.013208 0.039623
89 0.210377 0.543396 0.013208 0.030189
90 0.024528 0.607547 0.015094 0.041509
91 0.036792 0.610377 0.001887 0.047170
92 0.059434 0.607547 0.013208 0.041509
93 0.090566 0.603774 0.018868 0.033962
