0 0.004717 0.039623 0.005660 0.041509
1 0.028302 0.044340 0.015094 0.050943
2 0.066038 0.038679 0.030189 0.039623
3 0.110377 0.043396 0.024528 0.049057
4 0.144340 0.038679 0.039623 0.039623
5 0.185849 0.039623 0.039623 0.041509
6 0.213208 0.041509 0.003774 0.045283
7 0.225472 0.043396 0.013208 0.049057
8 0.240566 0.043396 0.013208 0.049057
9 0.259434 0.029245 0.020755 0.020755
10 0.018868 0.103774 0.030189 0.030189
11 0.054717 0.111321 0.007547 0.045283
12 0.066038 0.100000 0.011321 0.022642
13 0.076415 0.102830 0.005660 0.028302
14 0.101887 0.109434 0.015094 0.041509
15 0.123585 0.108491 0.024528 0.039623
16 0.150000 0.108491 0.020755 0.039623
17 0.178302 0.108491 0.024528 0.039623
18 0.208491 0.108491 0.024528 0.039623
19 0.235849 0.108491 0.026415 0.039623
20 0.025472 0.172642 0.024528 0.039623
21 0.066038 0.172642 0.026415 0.039623
22 0.108491 0.172642 0.024528 0.039623
23 0.149057 0.172642 0.026415 0.039623
24 0.187736 0.172642 0.024528 0.039623
25 0.217925 0.166981 0.005660 0.028302
26 0.239623 0.170755 0.007547 0.035849
27 0.275472 0.165094 0.030189 0.024528
28 0.311321 0.161321 0.030189 0.016981
29 0.358491 0.164151 0.030189 0.022642
30 0.012264 0.232075 0.020755 0.041509
31 0.048113 0.231132 0.039623 0.039623
32 0.092453 0.232075 0.041509 0.041509
33 0.133019 0.232075 0.035849 0.041509
34 0.181132 0.232075 0.033962 0.041509
35 0.223585 0.232075 0.039623 0.041509
36 0.275472 0.232075 0.033962 0.041509
37 0.310377 0.232075 0.032075 0.041509
38 0.360377 0.232075 0.037736 0.041509
39 0.400943 0.232075 0.039623 0.041509
40 0.011321 0.292453 0.018868 0.041509
41 0.048113 0.292453 0.028302 0.041509
42 0.100943 0.292453 0.043396 0.041509
43 0.156604 0.292453 0.033962 0.041509
44 0.201887 0.292453 0.049057 0.041509
45 0.263208 0.292453 0.043396 0.041509
46 0.307547 0.292453 0.037736 0.041509
47 0.345283 0.292453 0.033962 0.041509
48 0.394340 0.298113 0.037736 0.052830
49 0.447170 0.292453 0.037736 0.041509
50 0.027358 0.364151 0.028302 0.041509
51 0.064151 0.364151 0.033962 0.041509
52 0.116038 0.364151 0.043396 0.041509
53 0.162264 0.364151 0.041509 0.041509
54 0.211321 0.364151 0.052830 0.041509
55 0.262264 0.364151 0.037736 0.041509
56 0.302830 0.364151 0.039623 0.041509
57 0.339623 0.364151 0.030189 0.041509
58 0.366038 0.368868 0.011321 0.050943
59 0.403774 0.364151 0.030189 0.041509
60 0.011321 0.438679 0.011321 0.050943
61 0.032075 0.433962 0.022642 0.041509
62 0.063208 0.428302 0.028302 0.030189
63 0.095283 0.427358 0.009434 0.028302
64 0.117925 0.426415 0.024528 0.026415
65 0.146226 0.433962 0.028302 0.041509
66 0.172642 0.426415 0.020755 0.026415
67 0.212264 0.433962 0.028302 0.041509
68 0.240566 0.426415 0.024528 0.026415
69 0.265094 0.433962 0.020755 0.041509
70 0.028302 0.501887 0.026415 0.037736
71 0.061321 0.503774 0.032075 0.041509
72 0.086792 0.503774 0.015094 0.041509
73 0.104717 0.509434 0.013208 0.052830
74 0.130189 0.503774 0.030189 0.041509
75 0.166038 0.503774 0.015094 0.041509
76 0.213208 0.496226 0.045283 0.026415
77 0.253774 0.496226 0.032075 0.026415
78 0.285849 0.496226 0.024528 0.026415
79 0.317925 0.501887 0.028302 0.037736
80 0.015094 0.573585 0.026415 0.037736
81 0.054717 0.567925 0.022642 0.026415
82 0.092453 0.567925 0.018868 0.026415
83 0.116981 0.571698 0.018868 0.033962
84 0.145283 0.567925 0.030189 0.026415
85 0.188679 0.567925 0.030189 0.026415
86 0.230189 0.567925 0.041509 0.026415
87 0.278302 0.567925 0.028302 0.026415
88 0.312264 0.573585 0.028302 0.037736
89 0.340566 0.567925 0.020755 0.026415
90 0.013208 0.638679 0.015094 0.054717
91 0.039623 0.634906 0.003774 0.047170
92 0.052830 0.638679 0.015094 0.054717
93 0.088679 0.639623 0.030189 0.056604
