0 0.010377 0.039623 0.013208 0.041509
1 0.031132 0.044340 0.016981 0.050943
2 0.074528 0.039623 0.035849 0.041509
3 0.112264 0.041509 0.032075 0.045283
4 0.157547 0.039623 0.050943 0.041509
5 0.215094 0.039623 0.052830 0.041509
6 0.249057 0.041509 0.007547 0.045283
7 0.266981 0.045283 0.020755 0.052830
8 0.304717 0.045283 0.020755 0.052830
9 0.330189 0.029245 0.022642 0.020755
10 0.019811 0.107547 0.032075 0.033962
11 0.054717 0.116038 0.011321 0.050943
12 0.084906 0.118868 0.015094 0.056604
13 0.101887 0.118868 0.011321 0.056604
14 0.124528 0.115094 0.022642 0.049057
15 0.170755 0.111321 0.039623 0.041509
16 0.207547 0.111321 0.026415 0.041509
17 0.242453 0.111321 0.035849 0.041509
18 0.293396 0.111321 0.035849 0.041509
19 0.335849 0.111321 0.037736 0.041509
20 0.018868 0.186792 0.033962 0.041509
21 0.066981 0.186792 0.035849 0.041509
22 0.116981 0.190566 0.037736 0.049057
23 0.156604 0.186792 0.033962 0.041509
24 0.195283 0.186792 0.035849 0.041509
25 0.233019 0.179245 0.009434 0.026415
26 0.258491 0.183019 0.011321 0.033962
27 0.297170 0.180189 0.032075 0.028302
28 0.331132 0.173585 0.032075 0.015094
29 0.368868 0.180189 0.032075 0.028302
30 0.027358 0.254717 0.028302 0.041509
31 0.067925 0.258491 0.049057 0.049057
32 0.120755 0.254717 0.045283 0.041509
33 0.169811 0.254717 0.045283 0.041509
34 0.224528 0.254717 0.037736 0.041509
35 0.269811 0.254717 0.049057 0.041509
36 0.333019 0.254717 0.043396 0.041509
37 0.379245 0.254717 0.041509 0.041509
38 0.440566 0.254717 0.047170 0.041509
39 0.492453 0.254717 0.052830 0.041509
40 0.018868 0.322642 0.026415 0.041509
41 0.053774 0.322642 0.035849 0.041509
42 0.102830 0.322642 0.054717 0.041509
43 0.153774 0.322642 0.043396 0.041509
44 0.218868 0.322642 0.060377 0.041509
45 0.291509 0.322642 0.050943 0.041509
46 0.356604 0.322642 0.045283 0.041509
47 0.406604 0.322642 0.043396 0.041509
48 0.465094 0.327358 0.047170 0.050943
49 0.530189 0.322642 0.049057 0.041509
50 0.020755 0.392453 0.033962 0.041509
51 0.075472 0.392453 0.045283 0.041509
52 0.125472 0.392453 0.047170 0.041509
53 0.187736 0.392453 0.047170 0.041509
54 0.263208 0.392453 0.069811 0.041509
55 0.326415 0.392453 0.045283 0.041509
56 0.389623 0.392453 0.047170 0.041509
57 0.450000 0.392453 0.043396 0.041509
58 0.487736 0.396226 0.020755 0.049057
59 0.524528 0.396226 0.022642 0.049057
60 0.015094 0.466038 0.022642 0.052830
61 0.042453 0.467925 0.028302 0.056604
62 0.074528 0.454717 0.028302 0.030189
63 0.096226 0.453774 0.011321 0.028302
64 0.118868 0.452830 0.030189 0.026415
65 0.152830 0.460377 0.033962 0.041509
66 0.185849 0.452830 0.028302 0.026415
67 0.230189 0.460377 0.033962 0.041509
68 0.275472 0.452830 0.026415 0.026415
69 0.304717 0.460377 0.028302 0.041509
70 0.020755 0.534906 0.030189 0.039623
71 0.068868 0.535849 0.035849 0.041509
72 0.113208 0.535849 0.018868 0.041509
73 0.150943 0.542453 0.022642 0.054717
74 0.198113 0.535849 0.037736 0.041509
75 0.230189 0.535849 0.018868 0.041509
76 0.271698 0.528302 0.052830 0.026415
77 0.333019 0.528302 0.035849 0.026415
78 0.378302 0.528302 0.028302 0.026415
79 0.415094 0.534906 0.033962 0.039623
80 0.018868 0.608491 0.033962 0.039623
81 0.053774 0.601887 0.028302 0.026415
82 0.083962 0.601887 0.024528 0.026415
83 0.123585 0.607547 0.020755 0.037736
84 0.165094 0.601887 0.035849 0.026415
85 0.200000 0.601887 0.030189 0.026415
86 0.240566 0.601887 0.047170 0.026415
87 0.283962 0.601887 0.032075 0.026415
88 0.321698 0.608491 0.032075 0.039623
89 0.353774 0.601887 0.028302 0.026415
90 0.011321 0.673585 0.015094 0.052830
91 0.026415 0.675472 0.003774 0.056604
92 0.052830 0.673585 0.018868 0.052830
93 0.091509 0.681132 0.032075 0.067925
