94 0.020755 0.030189 0.015094 0.022642
95 0.039623 0.030189 0.015094 0.022642
96 0.068868 0.030189 0.016981 0.022642
97 0.099057 0.030189 0.016981 0.022642
98 0.133019 0.030189 0.016981 0.022642
99 0.169811 0.030189 0.022642 0.022642
100 0.189623 0.030189 0.013208 0.022642
101 0.221698 0.030189 0.016981 0.022642
102 0.246226 0.030189 0.020755 0.022642
103 0.266981 0.031132 0.016981 0.024528
104 0.025472 0.073585 0.016981 0.022642
105 0.064151 0.073585 0.026415 0.022642
106 0.093396 0.078302 0.028302 0.032075
107 0.131132 0.080189 0.020755 0.035849
108 0.153774 0.080189 0.020755 0.035849
109 0.188679 0.082075 0.018868 0.039623
110 0.225472 0.073585 0.024528 0.022642
111 0.254717 0.073585 0.026415 0.022642
112 0.296226 0.073585 0.030189 0.022642
113 0.333019 0.073585 0.016981 0.022642
114 0.025472 0.132075 0.016981 0.022642
115 0.056604 0.132075 0.015094 0.022642
116 0.088679 0.132075 0.018868 0.022642
117 0.108491 0.132075 0.016981 0.022642
118 0.130189 0.132075 0.022642 0.022642
119 0.166981 0.132075 0.020755 0.022642
120 0.191509 0.138679 0.020755 0.035849
121 0.222642 0.132075 0.015094 0.022642
122 0.254717 0.132075 0.015094 0.022642
123 0.276415 0.132075 0.020755 0.022642
124 0.023585 0.193396 0.020755 0.035849
125 0.046226 0.186792 0.020755 0.022642
126 0.079245 0.186792 0.018868 0.022642
127 0.100943 0.186792 0.016981 0.022642
128 0.131132 0.186792 0.013208 0.022642
129 0.158491 0.186792 0.015094 0.022642
130 0.178302 0.186792 0.016981 0.022642
131 0.214151 0.193396 0.020755 0.035849
132 0.247170 0.186792 0.015094 0.022642
133 0.266981 0.187736 0.016981 0.024528
134 0.027358 0.241509 0.024528 0.022642
135 0.063208 0.242453 0.016981 0.024528
136 0.083962 0.241509 0.020755 0.022642
137 0.112264 0.245283 0.024528 0.030189
138 0.148113 0.241509 0.016981 0.022642
139 0.182075 0.242453 0.016981 0.024528
140 0.201887 0.241509 0.015094 0.022642
141 0.234906 0.241509 0.016981 0.022642
142 0.266981 0.233962 0.016981 0.007547
143 0.296226 0.241509 0.015094 0.022642
144 0.014151 0.297170 0.024528 0.035849
145 0.048113 0.283019 0.016981 0.007547
146 0.083019 0.285849 0.018868 0.013208
147 0.103774 0.285849 0.018868 0.013208
148 0.137736 0.285849 0.018868 0.013208
149 0.165094 0.285849 0.005660 0.013208
150 0.190566 0.285849 0.011321 0.013208
151 0.203774 0.282075 0.003774 0.005660
152 0.213208 0.290566 0.007547 0.022642
153 0.242453 0.290566 0.016981 0.022642
154 0.021698 0.352830 0.013208 0.037736
155 0.050943 0.352830 0.015094 0.037736
156 0.083019 0.353774 0.015094 0.039623
157 0.111321 0.351887 0.015094 0.035849
158 0.131132 0.351887 0.016981 0.035849
159 0.159434 0.338679 0.013208 0.009434
160 0.183962 0.337736 0.001887 0.007547
161 0.208491 0.339623 0.013208 0.011321
162 0.224528 0.337736 0.015094 0.007547
163 0.253774 0.338679 0.009434 0.009434
164 0.020755 0.398113 0.011321 0.011321
165 0.047170 0.396226 0.007547 0.007547
166 0.069811 0.399057 0.011321 0.013208
167 0.092453 0.403774 0.022642 0.022642
168 0.116038 0.400000 0.016981 0.015094
169 0.137736 0.401887 0.018868 0.018868
170 0.159434 0.403774 0.020755 0.022642
171 0.195283 0.400000 0.020755 0.015094
172 0.223585 0.401887 0.024528 0.018868
173 0.249057 0.403774 0.022642 0.022642
174 0.012264 0.445283 0.020755 0.022642
175 0.050943 0.445283 0.022642 0.022642
176 0.087736 0.442453 0.024528 0.016981
177 0.117925 0.445283 0.024528 0.022642
178 0.155660 0.445283 0.020755 0.022642
179 0.203774 0.444340 0.049057 0.020755
180 0.238679 0.450943 0.016981 0.033962
