94 0.017925 0.031132 0.024528 0.024528
95 0.054717 0.031132 0.018868 0.024528
96 0.090566 0.031132 0.022642 0.024528
97 0.131132 0.031132 0.024528 0.024528
98 0.159434 0.031132 0.024528 0.024528
99 0.200943 0.031132 0.028302 0.024528
100 0.236792 0.031132 0.016981 0.024528
101 0.273585 0.031132 0.022642 0.024528
102 0.301887 0.031132 0.026415 0.024528
103 0.330189 0.033962 0.022642 0.030189
104 0.024528 0.083019 0.022642 0.030189
105 0.057547 0.080189 0.032075 0.024528
106 0.108491 0.083962 0.035849 0.032075
107 0.155660 0.083019 0.024528 0.030189
108 0.185849 0.083019 0.024528 0.030189
109 0.223585 0.083019 0.024528 0.030189
110 0.260377 0.080189 0.037736 0.024528
111 0.308491 0.080189 0.032075 0.024528
112 0.348113 0.080189 0.035849 0.024528
113 0.395283 0.080189 0.024528 0.024528
114 0.016981 0.131132 0.022642 0.024528
115 0.046226 0.131132 0.024528 0.024528
116 0.077358 0.131132 0.030189 0.024528
117 0.118868 0.131132 0.022642 0.024528
118 0.150943 0.131132 0.030189 0.024528
119 0.194340 0.131132 0.026415 0.024528
120 0.233962 0.133962 0.026415 0.030189
121 0.274528 0.131132 0.024528 0.024528
122 0.301887 0.133019 0.022642 0.028302
123 0.332075 0.131132 0.030189 0.024528
124 0.031132 0.182075 0.028302 0.028302
125 0.074528 0.180189 0.024528 0.024528
126 0.100943 0.180189 0.024528 0.024528
127 0.130189 0.180189 0.022642 0.024528
128 0.170755 0.180189 0.024528 0.024528
129 0.212264 0.183019 0.024528 0.030189
130 0.237736 0.180189 0.022642 0.024528
131 0.266981 0.183962 0.024528 0.032075
132 0.296226 0.180189 0.022642 0.024528
133 0.334906 0.181132 0.024528 0.026415
134 0.020755 0.230189 0.033962 0.022642
135 0.050943 0.232075 0.022642 0.026415
136 0.081132 0.231132 0.030189 0.024528
137 0.127358 0.235849 0.032075 0.033962
138 0.160377 0.231132 0.022642 0.024528
139 0.196226 0.232075 0.022642 0.026415
140 0.233962 0.231132 0.022642 0.024528
141 0.269811 0.229245 0.015094 0.020755
142 0.293396 0.222642 0.020755 0.007547
143 0.326415 0.231132 0.018868 0.024528
144 0.017925 0.288679 0.028302 0.033962
145 0.059434 0.277358 0.020755 0.011321
146 0.097170 0.276415 0.020755 0.009434
147 0.132075 0.276415 0.022642 0.009434
148 0.160377 0.276415 0.022642 0.009434
149 0.181132 0.277358 0.007547 0.011321
150 0.203774 0.277358 0.011321 0.011321
151 0.225472 0.274528 0.005660 0.005660
152 0.235849 0.283962 0.007547 0.024528
153 0.263208 0.283962 0.016981 0.024528
154 0.027358 0.341509 0.028302 0.033962
155 0.069811 0.342453 0.026415 0.035849
156 0.112264 0.341509 0.032075 0.033962
157 0.150000 0.340566 0.016981 0.032075
158 0.182075 0.336792 0.016981 0.024528
159 0.200943 0.332075 0.013208 0.015094
160 0.212264 0.329245 0.001887 0.009434
161 0.226415 0.330189 0.018868 0.011321
162 0.262264 0.330189 0.022642 0.011321
163 0.297170 0.330189 0.013208 0.011321
164 0.012264 0.383019 0.016981 0.007547
165 0.039623 0.383019 0.007547 0.007547
166 0.054717 0.385849 0.011321 0.013208
167 0.083019 0.387736 0.015094 0.016981
168 0.116981 0.391509 0.018868 0.024528
169 0.132075 0.390566 0.007547 0.022642
170 0.160377 0.391509 0.018868 0.024528
171 0.183019 0.391509 0.018868 0.024528
172 0.219811 0.391509 0.020755 0.024528
173 0.244340 0.391509 0.016981 0.024528
174 0.021698 0.434906 0.016981 0.024528
175 0.053774 0.434906 0.016981 0.024528
176 0.071698 0.434906 0.015094 0.024528
177 0.091509 0.434906 0.016981 0.024528
178 0.131132 0.434906 0.028302 0.024528
179 0.167925 0.431132 0.037736 0.016981
180 0.214151 0.440566 0.020755 0.035849
