0 0.005660 0.037736 0.007547 0.037736
1 0.031132 0.038679 0.016981 0.039623
2 0.068868 0.037736 0.028302 0.037736
3 0.100943 0.041509 0.024528 0.045283
4 0.139623 0.039623 0.049057 0.041509
5 0.185849 0.037736 0.039623 0.037736
6 0.213208 0.038679 0.007547 0.039623
7 0.239623 0.044340 0.015094 0.050943
8 0.270755 0.044340 0.016981 0.050943
9 0.306604 0.029245 0.020755 0.020755
10 0.018868 0.102830 0.026415 0.028302
11 0.037736 0.114151 0.007547 0.050943
12 0.060377 0.105660 0.011321 0.033962
13 0.083962 0.107547 0.005660 0.037736
14 0.104717 0.114151 0.024528 0.050943
15 0.143396 0.107547 0.026415 0.037736
16 0.170755 0.107547 0.024528 0.037736
17 0.212264 0.107547 0.024528 0.037736
18 0.242453 0.107547 0.024528 0.037736
19 0.283019 0.107547 0.030189 0.037736
20 0.026415 0.178302 0.026415 0.039623
21 0.056604 0.177358 0.026415 0.037736
22 0.084906 0.177358 0.026415 0.037736
23 0.115094 0.177358 0.026415 0.037736
24 0.157547 0.177358 0.028302 0.037736
25 0.177358 0.171698 0.007547 0.026415
26 0.189623 0.176415 0.009434 0.035849
27 0.220755 0.170755 0.026415 0.024528
28 0.252830 0.166981 0.026415 0.016981
29 0.292453 0.170755 0.026415 0.024528
30 0.025472 0.235849 0.020755 0.037736
31 0.064151 0.237736 0.045283 0.041509
32 0.110377 0.235849 0.035849 0.037736
33 0.156604 0.235849 0.030189 0.037736
34 0.200000 0.235849 0.026415 0.037736
35 0.245283 0.235849 0.033962 0.037736
36 0.288679 0.235849 0.026415 0.037736
37 0.331132 0.235849 0.024528 0.037736
38 0.360377 0.235849 0.030189 0.037736
39 0.409434 0.235849 0.033962 0.037736
40 0.008491 0.296226 0.013208 0.037736
41 0.037736 0.301887 0.015094 0.049057
42 0.066981 0.296226 0.035849 0.037736
43 0.113208 0.296226 0.026415 0.037736
44 0.161321 0.296226 0.043396 0.037736
45 0.201887 0.296226 0.033962 0.037736
46 0.248113 0.296226 0.032075 0.037736
47 0.293396 0.296226 0.028302 0.037736
48 0.341509 0.301887 0.033962 0.049057
49 0.379245 0.296226 0.033962 0.037736
50 0.025472 0.364151 0.024528 0.037736
51 0.070755 0.364151 0.032075 0.037736
52 0.107547 0.364151 0.033962 0.037736
53 0.144340 0.364151 0.035849 0.037736
54 0.193396 0.364151 0.054717 0.037736
55 0.243396 0.364151 0.033962 0.037736
56 0.283019 0.364151 0.033962 0.037736
57 0.329245 0.364151 0.028302 0.037736
58 0.366981 0.370755 0.013208 0.050943
59 0.387736 0.370755 0.024528 0.050943
60 0.010377 0.440566 0.013208 0.050943
61 0.032075 0.433962 0.022642 0.037736
62 0.066981 0.430189 0.020755 0.030189
63 0.086792 0.432075 0.011321 0.033962
64 0.120755 0.429245 0.026415 0.028302
65 0.161321 0.434906 0.028302 0.039623
66 0.188679 0.429245 0.022642 0.028302
67 0.219811 0.434906 0.028302 0.039623
68 0.250943 0.429245 0.026415 0.028302
69 0.291509 0.434906 0.020755 0.039623
70 0.026415 0.504717 0.026415 0.039623
71 0.058491 0.504717 0.030189 0.039623
72 0.082075 0.504717 0.013208 0.039623
73 0.109434 0.510377 0.011321 0.050943
74 0.148113 0.504717 0.032075 0.039623
75 0.187736 0.504717 0.013208 0.039623
76 0.233019 0.499057 0.047170 0.028302
77 0.286792 0.499057 0.030189 0.028302
78 0.331132 0.499057 0.028302 0.028302
79 0.376415 0.504717 0.028302 0.039623
80 0.016038 0.574528 0.028302 0.039623
81 0.047170 0.568868 0.022642 0.028302
82 0.070755 0.568868 0.020755 0.028302
83 0.092453 0.572642 0.018868 0.035849
84 0.130189 0.568868 0.030189 0.028302
85 0.175472 0.568868 0.030189 0.028302
86 0.218868 0.568868 0.045283 0.028302
87 0.268868 0.568868 0.028302 0.028302
88 0.303774 0.574528 0.030189 0.039623
89 0.343396 0.568868 0.022642 0.028302
90 0.011321 0.638679 0.018868 0.050943
91 0.024528 0.638679 0.003774 0.050943
92 0.049057 0.638679 0.018868 0.050943
93 0.090566 0.647170 0.030189 0.067925
