0 0.016981 0.037736 0.007547 0.037736
1 0.048113 0.041509 0.020755 0.045283
2 0.089623 0.037736 0.035849 0.037736
3 0.139623 0.043396 0.033962 0.049057
4 0.197170 0.037736 0.047170 0.037736
5 0.255660 0.037736 0.035849 0.037736
6 0.279245 0.041509 0.007547 0.045283
7 0.306604 0.041509 0.013208 0.045283
8 0.334906 0.041509 0.013208 0.045283
9 0.354717 0.026415 0.015094 0.015094
10 0.027358 0.101887 0.028302 0.030189
11 0.061321 0.103774 0.005660 0.033962
12 0.086792 0.098113 0.011321 0.022642
13 0.108491 0.100943 0.005660 0.028302
14 0.141509 0.105660 0.033962 0.037736
15 0.191509 0.105660 0.035849 0.037736
16 0.220755 0.105660 0.011321 0.037736
17 0.243396 0.105660 0.030189 0.037736
18 0.289623 0.105660 0.032075 0.037736
19 0.339623 0.105660 0.033962 0.037736
20 0.020755 0.163208 0.033962 0.039623
21 0.060377 0.162264 0.033962 0.037736
22 0.098113 0.163208 0.033962 0.039623
23 0.133962 0.162264 0.033962 0.037736
24 0.171698 0.162264 0.033962 0.037736
25 0.195283 0.158491 0.005660 0.030189
26 0.214151 0.161321 0.005660 0.035849
27 0.246226 0.156604 0.024528 0.026415
28 0.278302 0.150943 0.028302 0.015094
29 0.308491 0.156604 0.024528 0.026415
30 0.024528 0.220755 0.022642 0.037736
31 0.060377 0.220755 0.041509 0.037736
32 0.107547 0.220755 0.041509 0.037736
33 0.161321 0.220755 0.035849 0.037736
34 0.204717 0.220755 0.039623 0.037736
35 0.260377 0.220755 0.037736 0.037736
36 0.300943 0.222642 0.032075 0.041509
37 0.348113 0.220755 0.032075 0.037736
38 0.400943 0.220755 0.039623 0.037736
39 0.444340 0.220755 0.035849 0.037736
40 0.008491 0.281132 0.005660 0.037736
41 0.041509 0.281132 0.026415 0.037736
42 0.089623 0.281132 0.035849 0.037736
43 0.136792 0.282075 0.032075 0.039623
44 0.175472 0.281132 0.041509 0.037736
45 0.232075 0.281132 0.037736 0.037736
46 0.276415 0.281132 0.043396 0.037736
47 0.330189 0.281132 0.033962 0.037736
48 0.383962 0.283019 0.043396 0.041509
49 0.425472 0.281132 0.035849 0.037736
50 0.031132 0.341509 0.035849 0.037736
51 0.082075 0.342453 0.035849 0.039623
52 0.133962 0.341509 0.037736 0.037736
53 0.176415 0.341509 0.039623 0.037736
54 0.240566 0.341509 0.058491 0.037736
55 0.300943 0.341509 0.035849 0.037736
56 0.340566 0.341509 0.035849 0.037736
57 0.377358 0.342453 0.033962 0.039623
58 0.414151 0.345283 0.013208 0.045283
59 0.443396 0.341509 0.033962 0.037736
60 0.008491 0.411321 0.013208 0.049057
61 0.040566 0.403774 0.024528 0.033962
62 0.083962 0.401887 0.028302 0.030189
63 0.104717 0.398113 0.009434 0.022642
64 0.132075 0.401887 0.033962 0.030189
65 0.169811 0.401887 0.030189 0.030189
66 0.214151 0.401887 0.032075 0.030189
67 0.261321 0.401887 0.032075 0.030189
68 0.296226 0.401887 0.026415 0.030189
69 0.336792 0.401887 0.028302 0.030189
70 0.019811 0.469811 0.032075 0.030189
71 0.052830 0.469811 0.030189 0.030189
72 0.074528 0.469811 0.005660 0.030189
73 0.095283 0.469811 0.024528 0.030189
74 0.128302 0.469811 0.030189 0.030189
75 0.160377 0.469811 0.026415 0.030189
76 0.204717 0.469811 0.035849 0.030189
77 0.253774 0.469811 0.032075 0.030189
78 0.301887 0.469811 0.037736 0.030189
79 0.351887 0.469811 0.028302 0.030189
80 0.021698 0.519811 0.035849 0.032075
81 0.067925 0.518868 0.030189 0.030189
82 0.114151 0.518868 0.028302 0.030189
83 0.158491 0.518868 0.030189 0.030189
84 0.205660 0.518868 0.030189 0.030189
85 0.250943 0.518868 0.033962 0.030189
86 0.298113 0.518868 0.049057 0.030189
87 0.339623 0.518868 0.030189 0.030189
88 0.370755 0.518868 0.028302 0.030189
89 0.400000 0.518868 0.026415 0.030189
90 0.010377 0.577358 0.016981 0.045283
91 0.027358 0.578302 0.005660 0.047170
92 0.044340 0.579245 0.016981 0.049057
93 0.071698 0.577358 0.026415 0.045283
