0 0.017925 0.036792 0.009434 0.035849
1 0.033962 0.044340 0.015094 0.050943
2 0.059434 0.038679 0.024528 0.039623
3 0.097170 0.036792 0.016981 0.035849
4 0.134906 0.036792 0.024528 0.035849
5 0.163208 0.036792 0.024528 0.035849
6 0.180189 0.044340 0.005660 0.050943
7 0.206604 0.042453 0.013208 0.047170
8 0.235849 0.042453 0.011321 0.047170
9 0.252830 0.026415 0.015094 0.015094
10 0.019811 0.103774 0.028302 0.030189
11 0.040566 0.097170 0.005660 0.016981
12 0.049057 0.100000 0.007547 0.022642
13 0.057547 0.102830 0.005660 0.028302
14 0.075472 0.112264 0.018868 0.047170
15 0.110377 0.106604 0.016981 0.035849
16 0.129245 0.106604 0.013208 0.035849
17 0.147170 0.106604 0.018868 0.035849
18 0.168868 0.106604 0.016981 0.035849
19 0.202830 0.105660 0.016981 0.033962
20 0.023585 0.171698 0.016981 0.033962
21 0.052830 0.172642 0.015094 0.035849
22 0.074528 0.172642 0.016981 0.035849
23 0.093396 0.172642 0.016981 0.035849
24 0.113208 0.172642 0.015094 0.035849
25 0.126415 0.166981 0.007547 0.024528
26 0.147170 0.166981 0.007547 0.024528
27 0.166981 0.168868 0.028302 0.028302
28 0.208491 0.163208 0.028302 0.016981
29 0.251887 0.166981 0.028302 0.024528
30 0.024528 0.227358 0.015094 0.035849
31 0.050000 0.227358 0.032075 0.035849
32 0.093396 0.227358 0.020755 0.035849
33 0.131132 0.227358 0.020755 0.035849
34 0.166981 0.227358 0.016981 0.035849
35 0.202830 0.227358 0.020755 0.035849
36 0.240566 0.227358 0.020755 0.035849
37 0.278302 0.227358 0.020755 0.035849
38 0.301887 0.227358 0.018868 0.035849
39 0.329245 0.227358 0.024528 0.035849
40 0.012264 0.282075 0.013208 0.035849
41 0.044340 0.284906 0.020755 0.041509
42 0.070755 0.282075 0.024528 0.035849
43 0.096226 0.282075 0.015094 0.035849
44 0.131132 0.282075 0.028302 0.035849
45 0.174528 0.282075 0.024528 0.035849
46 0.201887 0.282075 0.018868 0.035849
47 0.236792 0.282075 0.020755 0.035849
48 0.262264 0.286792 0.018868 0.045283
49 0.297170 0.282075 0.020755 0.035849
50 0.026415 0.346226 0.018868 0.035849
51 0.058491 0.346226 0.018868 0.035849
52 0.091509 0.346226 0.020755 0.035849
53 0.125472 0.346226 0.020755 0.035849
54 0.164151 0.346226 0.030189 0.035849
55 0.203774 0.346226 0.022642 0.035849
56 0.229245 0.346226 0.020755 0.035849
57 0.251887 0.346226 0.020755 0.035849
58 0.286792 0.353774 0.015094 0.050943
59 0.311321 0.351887 0.003774 0.047170
60 0.022642 0.423585 0.015094 0.050943
61 0.048113 0.416981 0.024528 0.037736
62 0.087736 0.405660 0.028302 0.015094
63 0.106604 0.412264 0.005660 0.028302
64 0.119811 0.410377 0.016981 0.024528
65 0.139623 0.416038 0.015094 0.035849
66 0.166981 0.410377 0.013208 0.024528
67 0.195283 0.416038 0.016981 0.035849
68 0.224528 0.410377 0.015094 0.024528
69 0.249057 0.421698 0.022642 0.047170
70 0.024528 0.485849 0.022642 0.035849
71 0.048113 0.485849 0.016981 0.035849
72 0.066981 0.485849 0.009434 0.035849
73 0.085849 0.491509 0.016981 0.047170
74 0.105660 0.485849 0.018868 0.035849
75 0.134906 0.485849 0.009434 0.035849
76 0.158491 0.480189 0.026415 0.024528
77 0.195283 0.480189 0.016981 0.024528
78 0.213208 0.480189 0.015094 0.024528
79 0.248113 0.485849 0.020755 0.035849
80 0.021698 0.551887 0.016981 0.035849
81 0.051887 0.546226 0.013208 0.024528
82 0.079245 0.546226 0.015094 0.024528
83 0.094340 0.550000 0.011321 0.032075
84 0.123585 0.546226 0.016981 0.024528
85 0.142453 0.546226 0.013208 0.024528
86 0.175472 0.546226 0.022642 0.024528
87 0.201887 0.546226 0.018868 0.024528
88 0.224528 0.551887 0.022642 0.035849
89 0.247170 0.546226 0.018868 0.024528
90 0.021698 0.614151 0.013208 0.050943
91 0.031132 0.612264 0.001887 0.047170
92 0.042453 0.614151 0.013208 0.050943
93 0.066981 0.616981 0.028302 0.056604
