94 0.014151 0.034906 0.016981 0.032075
95 0.032075 0.033962 0.015094 0.030189
96 0.061321 0.033962 0.016981 0.030189
97 0.083962 0.034906 0.016981 0.032075
98 0.102830 0.034906 0.016981 0.032075
99 0.126415 0.033962 0.018868 0.030189
100 0.157547 0.033962 0.016981 0.030189
101 0.180189 0.034906 0.016981 0.032075
102 0.202830 0.034906 0.016981 0.032075
103 0.220755 0.033962 0.015094 0.030189
104 0.010377 0.084906 0.016981 0.030189
105 0.038679 0.085849 0.028302 0.032075
106 0.068868 0.089623 0.028302 0.039623
107 0.109434 0.090566 0.018868 0.041509
108 0.133962 0.090566 0.018868 0.041509
109 0.153774 0.091509 0.016981 0.043396
110 0.188679 0.085849 0.018868 0.032075
111 0.216981 0.085849 0.030189 0.032075
112 0.250000 0.085849 0.028302 0.032075
113 0.278302 0.085849 0.016981 0.032075
114 0.012264 0.148113 0.016981 0.032075
115 0.045283 0.148113 0.015094 0.032075
116 0.065094 0.148113 0.016981 0.032075
117 0.083019 0.148113 0.015094 0.032075
118 0.112264 0.147170 0.016981 0.030189
119 0.134906 0.147170 0.016981 0.030189
120 0.155660 0.152830 0.016981 0.041509
121 0.179245 0.148113 0.018868 0.032075
122 0.211321 0.152830 0.018868 0.041509
123 0.233962 0.147170 0.022642 0.030189
124 0.016038 0.213208 0.024528 0.041509
125 0.039623 0.208491 0.018868 0.032075
126 0.061321 0.207547 0.016981 0.030189
127 0.081132 0.208491 0.015094 0.032075
128 0.113208 0.208491 0.015094 0.032075
129 0.146226 0.208491 0.016981 0.032075
130 0.168868 0.208491 0.016981 0.032075
131 0.201887 0.213208 0.018868 0.041509
132 0.232075 0.208491 0.015094 0.032075
133 0.262264 0.208491 0.018868 0.032075
134 0.025472 0.267925 0.016981 0.030189
135 0.056604 0.268868 0.018868 0.032075
136 0.091509 0.267925 0.016981 0.030189
137 0.113208 0.272642 0.022642 0.039623
138 0.137736 0.268868 0.015094 0.032075
139 0.155660 0.268868 0.016981 0.032075
140 0.177358 0.268868 0.015094 0.032075
141 0.204717 0.263208 0.009434 0.020755
142 0.230189 0.255660 0.015094 0.005660
143 0.258491 0.268868 0.011321 0.032075
144 0.013208 0.333019 0.022642 0.043396
145 0.049057 0.312264 0.015094 0.001887
146 0.067925 0.315094 0.015094 0.007547
147 0.086792 0.315094 0.015094 0.007547
148 0.116981 0.314151 0.015094 0.005660
149 0.143396 0.316981 0.003774 0.011321
150 0.166981 0.316981 0.009434 0.011321
151 0.179245 0.313208 0.003774 0.003774
152 0.200943 0.326415 0.005660 0.030189
153 0.214151 0.326415 0.016981 0.030189
154 0.017925 0.396226 0.009434 0.045283
155 0.041509 0.396226 0.007547 0.045283
156 0.050943 0.396226 0.007547 0.045283
157 0.062264 0.395283 0.011321 0.043396
158 0.078302 0.394340 0.016981 0.041509
159 0.106604 0.379245 0.013208 0.011321
160 0.129245 0.379245 0.001887 0.011321
161 0.151887 0.379245 0.009434 0.011321
162 0.180189 0.378302 0.013208 0.009434
163 0.193396 0.379245 0.001887 0.011321
164 0.006604 0.440566 0.009434 0.005660
165 0.030189 0.441509 0.007547 0.007547
166 0.043396 0.440566 0.007547 0.005660
167 0.061321 0.450943 0.016981 0.026415
168 0.090566 0.450943 0.015094 0.026415
169 0.119811 0.450943 0.016981 0.026415
170 0.141509 0.453774 0.018868 0.032075
171 0.175472 0.450943 0.015094 0.026415
172 0.194340 0.453774 0.015094 0.032075
173 0.211321 0.453774 0.015094 0.032075
174 0.014151 0.504717 0.016981 0.032075
175 0.046226 0.504717 0.020755 0.032075
176 0.070755 0.504717 0.016981 0.032075
177 0.101887 0.504717 0.015094 0.032075
178 0.136792 0.504717 0.024528 0.032075
179 0.165094 0.498113 0.028302 0.018868
180 0.190566 0.510377 0.015094 0.043396
