0 0.010377 0.037736 0.016981 0.037736
1 0.043396 0.044340 0.022642 0.050943
2 0.072642 0.037736 0.032075 0.037736
3 0.108491 0.041509 0.028302 0.045283
4 0.158491 0.038679 0.037736 0.039623
5 0.199057 0.037736 0.039623 0.037736
6 0.238679 0.044340 0.009434 0.050943
7 0.257547 0.042453 0.020755 0.047170
8 0.292453 0.043396 0.022642 0.049057
9 0.327358 0.029245 0.020755 0.020755
10 0.018868 0.104717 0.030189 0.032075
11 0.041509 0.119811 0.011321 0.062264
12 0.067925 0.105660 0.015094 0.033962
13 0.094340 0.112264 0.007547 0.047170
14 0.112264 0.109434 0.024528 0.041509
15 0.139623 0.107547 0.026415 0.037736
16 0.166038 0.107547 0.022642 0.037736
17 0.197170 0.107547 0.028302 0.037736
18 0.226415 0.107547 0.026415 0.037736
19 0.270755 0.107547 0.028302 0.037736
20 0.017925 0.188679 0.028302 0.037736
21 0.050943 0.188679 0.026415 0.037736
22 0.094340 0.188679 0.026415 0.037736
23 0.137736 0.188679 0.026415 0.037736
24 0.181132 0.188679 0.026415 0.037736
25 0.204717 0.183019 0.013208 0.026415
26 0.221698 0.188679 0.016981 0.037736
27 0.258491 0.183962 0.030189 0.028302
28 0.290566 0.179245 0.030189 0.018868
29 0.322642 0.183962 0.030189 0.028302
30 0.014151 0.245283 0.020755 0.037736
31 0.051887 0.250943 0.047170 0.049057
32 0.099057 0.245283 0.039623 0.037736
33 0.143396 0.245283 0.037736 0.037736
34 0.195283 0.245283 0.035849 0.037736
35 0.239623 0.245283 0.045283 0.037736
36 0.296226 0.245283 0.041509 0.037736
37 0.350943 0.245283 0.041509 0.037736
38 0.395283 0.245283 0.039623 0.037736
39 0.456604 0.245283 0.049057 0.037736
40 0.031132 0.313208 0.028302 0.037736
41 0.074528 0.313208 0.032075 0.037736
42 0.116981 0.313208 0.049057 0.037736
43 0.172642 0.313208 0.035849 0.037736
44 0.223585 0.313208 0.058491 0.037736
45 0.291509 0.313208 0.047170 0.037736
46 0.339623 0.313208 0.037736 0.037736
47 0.395283 0.313208 0.039623 0.037736
48 0.451887 0.317925 0.039623 0.047170
49 0.497170 0.313208 0.039623 0.037736
50 0.017925 0.379245 0.032075 0.037736
51 0.068868 0.379245 0.035849 0.037736
52 0.124528 0.379245 0.041509 0.037736
53 0.179245 0.379245 0.037736 0.037736
54 0.232075 0.379245 0.056604 0.037736
55 0.300943 0.379245 0.047170 0.037736
56 0.347170 0.379245 0.037736 0.037736
57 0.400000 0.379245 0.037736 0.037736
58 0.435849 0.386792 0.026415 0.052830
59 0.465094 0.381132 0.024528 0.041509
60 0.018868 0.458491 0.026415 0.052830
61 0.058491 0.452830 0.022642 0.041509
62 0.097170 0.447170 0.028302 0.030189
63 0.129245 0.446226 0.009434 0.028302
64 0.148113 0.445283 0.024528 0.026415
65 0.187736 0.452830 0.024528 0.041509
66 0.224528 0.445283 0.022642 0.026415
67 0.252830 0.452830 0.030189 0.041509
68 0.281132 0.445283 0.022642 0.026415
69 0.313208 0.458491 0.037736 0.052830
70 0.030189 0.522642 0.030189 0.037736
71 0.064151 0.524528 0.026415 0.041509
72 0.101887 0.522642 0.015094 0.037736
73 0.127358 0.528302 0.028302 0.049057
74 0.169811 0.524528 0.026415 0.041509
75 0.195283 0.524528 0.016981 0.041509
76 0.227358 0.516981 0.039623 0.026415
77 0.262264 0.516981 0.026415 0.026415
78 0.302830 0.516981 0.024528 0.026415
79 0.348113 0.522642 0.032075 0.037736
80 0.027358 0.590566 0.024528 0.037736
81 0.066038 0.584906 0.022642 0.026415
82 0.091509 0.584906 0.020755 0.026415
83 0.124528 0.588679 0.018868 0.033962
84 0.152830 0.584906 0.026415 0.026415
85 0.180189 0.584906 0.024528 0.026415
86 0.226415 0.584906 0.037736 0.026415
87 0.276415 0.584906 0.028302 0.026415
88 0.308491 0.590566 0.032075 0.037736
89 0.338679 0.584906 0.024528 0.026415
90 0.022642 0.652830 0.015094 0.049057
91 0.033962 0.652830 0.003774 0.049057
92 0.058491 0.652830 0.015094 0.049057
93 0.083962 0.656604 0.028302 0.056604
