0 0.011321 0.035849 0.011321 0.033962
1 0.040566 0.035849 0.013208 0.033962
2 0.066038 0.037736 0.030189 0.037736
3 0.097170 0.043396 0.028302 0.049057
4 0.143396 0.037736 0.030189 0.037736
5 0.193396 0.037736 0.035849 0.037736
6 0.218868 0.035849 0.003774 0.033962
7 0.242453 0.040566 0.016981 0.043396
8 0.264151 0.041509 0.015094 0.045283
9 0.295283 0.026415 0.016981 0.015094
10 0.017925 0.100000 0.024528 0.026415
11 0.050000 0.103774 0.005660 0.033962
12 0.065094 0.103774 0.016981 0.033962
13 0.080189 0.110377 0.005660 0.047170
14 0.114151 0.111321 0.028302 0.049057
15 0.154717 0.105660 0.026415 0.037736
16 0.178302 0.105660 0.016981 0.037736
17 0.216981 0.105660 0.026415 0.037736
18 0.258491 0.105660 0.026415 0.037736
19 0.302830 0.105660 0.028302 0.037736
20 0.016981 0.175472 0.026415 0.041509
21 0.045283 0.173585 0.026415 0.037736
22 0.083962 0.173585 0.024528 0.037736
23 0.125472 0.178302 0.028302 0.047170
24 0.153774 0.177358 0.024528 0.045283
25 0.184906 0.169811 0.007547 0.030189
26 0.196226 0.171698 0.007547 0.033962
27 0.224528 0.168868 0.022642 0.028302
28 0.264151 0.161321 0.022642 0.013208
29 0.303774 0.168868 0.022642 0.028302
30 0.026415 0.239623 0.018868 0.037736
31 0.058491 0.239623 0.033962 0.037736
32 0.097170 0.239623 0.039623 0.037736
33 0.133962 0.239623 0.030189 0.037736
34 0.168868 0.239623 0.028302 0.037736
35 0.199057 0.239623 0.028302 0.037736
36 0.232075 0.239623 0.030189 0.037736
37 0.276415 0.239623 0.028302 0.037736
38 0.324528 0.239623 0.033962 0.037736
39 0.372642 0.239623 0.032075 0.037736
40 0.022642 0.296226 0.015094 0.037736
41 0.057547 0.296226 0.024528 0.037736
42 0.100943 0.296226 0.035849 0.037736
43 0.139623 0.296226 0.030189 0.037736
44 0.188679 0.296226 0.041509 0.037736
45 0.230189 0.296226 0.030189 0.037736
46 0.277358 0.296226 0.030189 0.037736
47 0.312264 0.296226 0.028302 0.037736
48 0.344340 0.298113 0.032075 0.041509
49 0.392453 0.297170 0.030189 0.039623
50 0.027358 0.356604 0.028302 0.037736
51 0.074528 0.356604 0.032075 0.037736
52 0.122642 0.356604 0.030189 0.037736
53 0.157547 0.360377 0.035849 0.045283
54 0.216038 0.361321 0.047170 0.047170
55 0.260377 0.356604 0.037736 0.037736
56 0.301887 0.360377 0.037736 0.045283
57 0.351887 0.356604 0.032075 0.037736
58 0.392453 0.361321 0.015094 0.047170
59 0.433019 0.362264 0.032075 0.049057
60 0.011321 0.429245 0.015094 0.047170
61 0.046226 0.430189 0.028302 0.049057
62 0.074528 0.420755 0.024528 0.030189
63 0.105660 0.414151 0.007547 0.016981
64 0.146226 0.424528 0.039623 0.037736
65 0.184906 0.424528 0.030189 0.037736
66 0.219811 0.424528 0.028302 0.037736
67 0.253774 0.424528 0.028302 0.037736
68 0.288679 0.424528 0.030189 0.037736
69 0.323585 0.424528 0.028302 0.037736
70 0.030189 0.492453 0.033962 0.037736
71 0.066981 0.492453 0.032075 0.037736
72 0.096226 0.492453 0.015094 0.037736
73 0.121698 0.492453 0.024528 0.037736
74 0.165094 0.492453 0.035849 0.037736
75 0.213208 0.492453 0.030189 0.037736
76 0.264151 0.492453 0.041509 0.037736
77 0.301887 0.492453 0.030189 0.037736
78 0.333962 0.492453 0.030189 0.037736
79 0.378302 0.492453 0.028302 0.037736
80 0.029245 0.550943 0.032075 0.041509
81 0.075472 0.550000 0.030189 0.039623
82 0.117925 0.549057 0.028302 0.037736
83 0.161321 0.549057 0.032075 0.037736
84 0.194340 0.549057 0.030189 0.037736
85 0.233019 0.552830 0.035849 0.045283
86 0.291509 0.553774 0.047170 0.047170
87 0.350943 0.549057 0.037736 0.037736
88 0.394340 0.552830 0.037736 0.045283
89 0.444340 0.549057 0.032075 0.037736
90 0.014151 0.618868 0.016981 0.045283
91 0.031132 0.619811 0.005660 0.047170
92 0.046226 0.618868 0.016981 0.045283
93 0.078302 0.613208 0.020755 0.033962
