0 0.008491 0.038679 0.013208 0.039623
1 0.036792 0.038679 0.016981 0.039623
2 0.066981 0.036792 0.032075 0.035849
3 0.099057 0.042453 0.028302 0.047170
4 0.146226 0.038679 0.035849 0.039623
5 0.191509 0.038679 0.028302 0.039623
6 0.226415 0.038679 0.007547 0.039623
7 0.242453 0.044340 0.020755 0.050943
8 0.264151 0.044340 0.018868 0.050943
9 0.299057 0.030189 0.020755 0.022642
10 0.026415 0.101887 0.026415 0.026415
11 0.060377 0.116981 0.015094 0.056604
12 0.078302 0.100000 0.016981 0.022642
13 0.107547 0.112264 0.007547 0.047170
14 0.141509 0.111321 0.030189 0.045283
15 0.174528 0.106604 0.028302 0.035849
16 0.203774 0.106604 0.022642 0.035849
17 0.230189 0.106604 0.026415 0.035849
18 0.271698 0.106604 0.026415 0.035849
19 0.312264 0.106604 0.028302 0.035849
20 0.030189 0.182075 0.026415 0.035849
21 0.060377 0.182075 0.026415 0.035849
22 0.101887 0.182075 0.026415 0.035849
23 0.134906 0.182075 0.028302 0.035849
24 0.175472 0.182075 0.026415 0.035849
25 0.198113 0.178302 0.011321 0.028302
26 0.228302 0.183019 0.018868 0.037736
27 0.261321 0.179245 0.020755 0.030189
28 0.297170 0.170755 0.024528 0.013208
29 0.333962 0.179245 0.022642 0.030189
30 0.014151 0.240566 0.020755 0.039623
31 0.046226 0.246226 0.032075 0.050943
32 0.090566 0.238679 0.030189 0.035849
33 0.134906 0.238679 0.028302 0.035849
34 0.166981 0.238679 0.028302 0.035849
35 0.198113 0.238679 0.030189 0.035849
36 0.232075 0.238679 0.026415 0.035849
37 0.262264 0.238679 0.026415 0.035849
38 0.294340 0.238679 0.030189 0.035849
39 0.331132 0.238679 0.032075 0.035849
40 0.017925 0.308491 0.028302 0.035849
41 0.060377 0.308491 0.026415 0.035849
42 0.094340 0.308491 0.030189 0.035849
43 0.136792 0.308491 0.020755 0.035849
44 0.181132 0.308491 0.033962 0.035849
45 0.227358 0.308491 0.032075 0.035849
46 0.270755 0.308491 0.028302 0.035849
47 0.316038 0.308491 0.028302 0.035849
48 0.350000 0.313208 0.028302 0.045283
49 0.392453 0.308491 0.026415 0.035849
50 0.016038 0.372642 0.028302 0.035849
51 0.045283 0.372642 0.026415 0.035849
52 0.075472 0.372642 0.030189 0.035849
53 0.108491 0.372642 0.028302 0.035849
54 0.155660 0.372642 0.032075 0.035849
55 0.203774 0.372642 0.033962 0.035849
56 0.251887 0.372642 0.028302 0.035849
57 0.287736 0.372642 0.032075 0.035849
58 0.320755 0.380189 0.022642 0.050943
59 0.351887 0.377358 0.013208 0.045283
60 0.013208 0.450000 0.022642 0.050943
61 0.052830 0.441509 0.022642 0.033962
62 0.095283 0.439623 0.032075 0.030189
63 0.120755 0.435849 0.011321 0.022642
64 0.143396 0.438679 0.026415 0.028302
65 0.186792 0.444340 0.026415 0.039623
66 0.217925 0.438679 0.024528 0.028302
67 0.262264 0.444340 0.030189 0.039623
68 0.295283 0.438679 0.024528 0.028302
69 0.338679 0.450000 0.035849 0.050943
70 0.026415 0.514151 0.026415 0.039623
71 0.069811 0.514151 0.026415 0.039623
72 0.095283 0.514151 0.020755 0.039623
73 0.125472 0.519811 0.028302 0.050943
74 0.169811 0.514151 0.026415 0.039623
75 0.193396 0.514151 0.016981 0.039623
76 0.220755 0.508491 0.030189 0.028302
77 0.264151 0.508491 0.026415 0.028302
78 0.296226 0.508491 0.026415 0.028302
79 0.325472 0.514151 0.028302 0.039623
80 0.030189 0.583962 0.026415 0.039623
81 0.072642 0.578302 0.024528 0.028302
82 0.113208 0.578302 0.022642 0.028302
83 0.150000 0.583019 0.024528 0.037736
84 0.187736 0.578302 0.024528 0.028302
85 0.224528 0.578302 0.022642 0.028302
86 0.256604 0.578302 0.030189 0.028302
87 0.288679 0.578302 0.030189 0.028302
88 0.322642 0.583962 0.030189 0.039623
89 0.354717 0.578302 0.026415 0.028302
90 0.016038 0.648113 0.024528 0.050943
91 0.050943 0.650943 0.015094 0.056604
92 0.074528 0.648113 0.024528 0.050943
93 0.116038 0.656604 0.028302 0.067925
