0 0.016981 0.037736 0.007547 0.037736
1 0.031132 0.038679 0.009434 0.039623
2 0.064151 0.040566 0.030189 0.043396
3 0.106604 0.043396 0.024528 0.049057
4 0.153774 0.040566 0.043396 0.043396
5 0.216981 0.037736 0.049057 0.037736
6 0.245283 0.038679 0.003774 0.039623
7 0.257547 0.047170 0.016981 0.056604
8 0.287736 0.047170 0.016981 0.056604
9 0.321698 0.028302 0.020755 0.018868
10 0.026415 0.104717 0.018868 0.020755
11 0.054717 0.114151 0.007547 0.039623
12 0.071698 0.116981 0.015094 0.045283
13 0.083962 0.108491 0.005660 0.028302
14 0.096226 0.116981 0.015094 0.045283
15 0.132075 0.113208 0.026415 0.037736
16 0.169811 0.113208 0.015094 0.037736
17 0.196226 0.113208 0.026415 0.037736
18 0.222642 0.113208 0.022642 0.037736
19 0.260377 0.113208 0.026415 0.037736
20 0.027358 0.177358 0.024528 0.037736
21 0.055660 0.177358 0.024528 0.037736
22 0.094340 0.178302 0.026415 0.039623
23 0.134906 0.177358 0.024528 0.037736
24 0.166038 0.177358 0.026415 0.037736
25 0.195283 0.171698 0.005660 0.026415
26 0.218868 0.175472 0.007547 0.033962
27 0.242453 0.169811 0.013208 0.022642
28 0.270755 0.163208 0.016981 0.009434
29 0.302830 0.170755 0.013208 0.024528
30 0.013208 0.234906 0.015094 0.035849
31 0.054717 0.235849 0.033962 0.037736
32 0.103774 0.235849 0.037736 0.037736
33 0.138679 0.235849 0.028302 0.037736
34 0.187736 0.235849 0.035849 0.037736
35 0.228302 0.235849 0.037736 0.037736
36 0.264151 0.235849 0.030189 0.037736
37 0.296226 0.235849 0.030189 0.037736
38 0.334906 0.235849 0.039623 0.037736
39 0.377358 0.235849 0.041509 0.037736
40 0.023585 0.292453 0.013208 0.037736
41 0.045283 0.300000 0.022642 0.052830
42 0.090566 0.292453 0.037736 0.037736
43 0.137736 0.292453 0.030189 0.037736
44 0.190566 0.292453 0.049057 0.037736
45 0.239623 0.292453 0.041509 0.037736
46 0.292453 0.292453 0.037736 0.037736
47 0.332075 0.292453 0.030189 0.037736
48 0.385849 0.298113 0.043396 0.049057
49 0.430189 0.292453 0.037736 0.037736
50 0.026415 0.364151 0.022642 0.037736
51 0.057547 0.364151 0.035849 0.037736
52 0.108491 0.364151 0.039623 0.037736
53 0.163208 0.364151 0.039623 0.037736
54 0.216981 0.364151 0.064151 0.037736
55 0.269811 0.364151 0.037736 0.037736
56 0.311321 0.364151 0.033962 0.037736
57 0.349057 0.364151 0.033962 0.037736
58 0.375472 0.373585 0.015094 0.056604
59 0.407547 0.366981 0.015094 0.043396
60 0.010377 0.449057 0.013208 0.056604
61 0.040566 0.433962 0.016981 0.026415
62 0.075472 0.428302 0.022642 0.015094
63 0.106604 0.429245 0.009434 0.016981
64 0.137736 0.433962 0.022642 0.026415
65 0.166038 0.442453 0.030189 0.043396
66 0.205660 0.433962 0.022642 0.026415
67 0.249057 0.442453 0.030189 0.043396
68 0.292453 0.433962 0.022642 0.026415
69 0.318868 0.441509 0.018868 0.041509
70 0.028302 0.516981 0.026415 0.041509
71 0.068868 0.517925 0.028302 0.043396
72 0.102830 0.515094 0.013208 0.037736
73 0.121698 0.522642 0.013208 0.052830
74 0.150000 0.517925 0.032075 0.043396
75 0.175472 0.517925 0.015094 0.043396
76 0.221698 0.509434 0.043396 0.026415
77 0.263208 0.509434 0.028302 0.026415
78 0.305660 0.509434 0.026415 0.026415
79 0.337736 0.516981 0.030189 0.041509
80 0.032075 0.587736 0.030189 0.039623
81 0.060377 0.581132 0.018868 0.026415
82 0.094340 0.581132 0.018868 0.026415
83 0.128302 0.583962 0.018868 0.032075
84 0.165094 0.581132 0.028302 0.026415
85 0.209434 0.581132 0.026415 0.026415
86 0.247170 0.581132 0.045283 0.026415
87 0.289623 0.581132 0.032075 0.026415
88 0.336792 0.588679 0.028302 0.041509
89 0.367925 0.581132 0.026415 0.026415
90 0.015094 0.656604 0.018868 0.056604
91 0.031132 0.654717 0.001887 0.052830
92 0.047170 0.656604 0.018868 0.056604
93 0.066038 0.645283 0.015094 0.033962
