94 0.025472 0.033962 0.020755 0.030189
95 0.048113 0.033962 0.020755 0.030189
96 0.075472 0.033962 0.022642 0.030189
97 0.115094 0.033962 0.022642 0.030189
98 0.141509 0.033962 0.022642 0.030189
99 0.179245 0.033962 0.026415 0.030189
100 0.214151 0.033962 0.016981 0.030189
101 0.246226 0.033962 0.020755 0.030189
102 0.272642 0.033962 0.028302 0.030189
103 0.316038 0.034906 0.024528 0.032075
104 0.025472 0.085849 0.024528 0.032075
105 0.059434 0.084906 0.035849 0.030189
106 0.101887 0.091509 0.037736 0.043396
107 0.135849 0.091509 0.026415 0.043396
108 0.179245 0.091509 0.026415 0.043396
109 0.209434 0.093396 0.026415 0.047170
110 0.242453 0.084906 0.028302 0.030189
111 0.277358 0.084906 0.037736 0.030189
112 0.331132 0.084906 0.043396 0.030189
113 0.379245 0.084906 0.022642 0.030189
114 0.024528 0.150943 0.022642 0.030189
115 0.051887 0.150943 0.020755 0.030189
116 0.077358 0.150000 0.026415 0.028302
117 0.102830 0.150943 0.020755 0.030189
118 0.144340 0.150943 0.032075 0.030189
119 0.177358 0.150943 0.026415 0.030189
120 0.207547 0.150943 0.026415 0.030189
121 0.233962 0.150943 0.022642 0.030189
122 0.269811 0.150943 0.022642 0.030189
123 0.313208 0.150943 0.030189 0.030189
124 0.032075 0.200000 0.030189 0.030189
125 0.075472 0.200000 0.026415 0.030189
126 0.117925 0.200000 0.024528 0.030189
127 0.157547 0.200000 0.020755 0.030189
128 0.195283 0.200000 0.020755 0.030189
129 0.221698 0.206604 0.020755 0.043396
130 0.259434 0.200000 0.020755 0.030189
131 0.300000 0.205660 0.026415 0.041509
132 0.324528 0.200000 0.018868 0.030189
133 0.350943 0.200943 0.026415 0.032075
134 0.017925 0.262264 0.032075 0.030189
135 0.051887 0.263208 0.024528 0.032075
136 0.082075 0.262264 0.028302 0.030189
137 0.117925 0.266981 0.032075 0.039623
138 0.158491 0.262264 0.018868 0.030189
139 0.192453 0.263208 0.022642 0.032075
140 0.218868 0.254717 0.018868 0.015094
141 0.241509 0.259434 0.018868 0.024528
142 0.265094 0.251887 0.020755 0.009434
143 0.286792 0.262264 0.018868 0.030189
144 0.033962 0.328302 0.037736 0.045283
145 0.081132 0.309434 0.022642 0.007547
146 0.105660 0.309434 0.022642 0.007547
147 0.132075 0.310377 0.022642 0.009434
148 0.158491 0.309434 0.022642 0.007547
149 0.176415 0.310377 0.009434 0.009434
150 0.196226 0.312264 0.018868 0.013208
151 0.221698 0.308491 0.005660 0.005660
152 0.242453 0.320755 0.009434 0.030189
153 0.263208 0.320755 0.024528 0.030189
154 0.012264 0.398113 0.020755 0.056604
155 0.046226 0.398113 0.016981 0.056604
156 0.077358 0.398113 0.015094 0.056604
157 0.100000 0.391509 0.018868 0.043396
158 0.122642 0.391509 0.018868 0.043396
159 0.147170 0.376415 0.018868 0.013208
160 0.172642 0.374528 0.001887 0.009434
161 0.188679 0.375472 0.018868 0.011321
162 0.226415 0.376415 0.022642 0.013208
163 0.248113 0.376415 0.013208 0.013208
164 0.024528 0.451887 0.015094 0.013208
165 0.050000 0.450000 0.009434 0.009434
166 0.070755 0.450943 0.005660 0.011321
167 0.090566 0.458491 0.022642 0.026415
168 0.118868 0.458491 0.022642 0.026415
169 0.143396 0.458491 0.022642 0.026415
170 0.183962 0.463208 0.024528 0.035849
171 0.224528 0.458491 0.026415 0.026415
172 0.252830 0.463208 0.022642 0.035849
173 0.279245 0.463208 0.022642 0.035849
174 0.016981 0.517925 0.022642 0.035849
175 0.058491 0.516981 0.030189 0.033962
176 0.087736 0.515094 0.024528 0.030189
177 0.118868 0.517925 0.026415 0.035849
178 0.149057 0.515094 0.030189 0.030189
179 0.187736 0.510377 0.043396 0.020755
180 0.235849 0.523585 0.022642 0.047170
