94 0.013208 0.033962 0.022642 0.030189
95 0.037736 0.033962 0.018868 0.030189
96 0.063208 0.033962 0.020755 0.030189
97 0.100000 0.033962 0.022642 0.030189
98 0.140566 0.033962 0.024528 0.030189
99 0.179245 0.033962 0.022642 0.030189
100 0.214151 0.033962 0.020755 0.030189
101 0.236792 0.033962 0.020755 0.030189
102 0.275472 0.033962 0.022642 0.030189
103 0.300943 0.033962 0.020755 0.030189
104 0.013208 0.083019 0.022642 0.030189
105 0.050000 0.083019 0.039623 0.030189
106 0.095283 0.087736 0.039623 0.039623
107 0.132075 0.088679 0.022642 0.041509
108 0.171698 0.088679 0.022642 0.041509
109 0.208491 0.088679 0.024528 0.041509
110 0.235849 0.083019 0.022642 0.030189
111 0.272642 0.083019 0.039623 0.030189
112 0.317925 0.083019 0.039623 0.030189
113 0.364151 0.083019 0.022642 0.030189
114 0.014151 0.143396 0.024528 0.030189
115 0.039623 0.143396 0.022642 0.030189
116 0.063208 0.143396 0.020755 0.030189
117 0.087736 0.143396 0.020755 0.030189
118 0.125472 0.143396 0.020755 0.030189
119 0.148113 0.143396 0.020755 0.030189
120 0.185849 0.148113 0.020755 0.039623
121 0.212264 0.143396 0.024528 0.030189
122 0.253774 0.148113 0.024528 0.039623
123 0.292453 0.143396 0.026415 0.030189
124 0.019811 0.206604 0.028302 0.039623
125 0.049057 0.201887 0.022642 0.030189
126 0.083962 0.201887 0.020755 0.030189
127 0.117925 0.201887 0.020755 0.030189
128 0.139623 0.201887 0.018868 0.030189
129 0.177358 0.207547 0.022642 0.041509
130 0.204717 0.201887 0.020755 0.030189
131 0.232075 0.207547 0.022642 0.041509
132 0.254717 0.201887 0.018868 0.030189
133 0.295283 0.201887 0.028302 0.030189
134 0.028302 0.262264 0.026415 0.030189
135 0.057547 0.262264 0.024528 0.030189
136 0.085849 0.262264 0.020755 0.030189
137 0.124528 0.262264 0.030189 0.030189
138 0.165094 0.262264 0.020755 0.030189
139 0.204717 0.262264 0.024528 0.030189
140 0.228302 0.262264 0.018868 0.030189
141 0.259434 0.256604 0.016981 0.018868
142 0.281132 0.250000 0.018868 0.005660
143 0.302830 0.262264 0.013208 0.030189
144 0.029245 0.317925 0.032075 0.043396
145 0.055660 0.297170 0.016981 0.001887
146 0.074528 0.299057 0.016981 0.005660
147 0.107547 0.300000 0.018868 0.007547
148 0.127358 0.299057 0.016981 0.005660
149 0.153774 0.301887 0.005660 0.011321
150 0.166981 0.301887 0.013208 0.011321
151 0.177358 0.299057 0.003774 0.005660
152 0.185849 0.311321 0.009434 0.030189
153 0.216981 0.311321 0.022642 0.030189
154 0.022642 0.380189 0.018868 0.043396
155 0.042453 0.380189 0.016981 0.043396
156 0.073585 0.380189 0.018868 0.043396
157 0.103774 0.379245 0.015094 0.041509
158 0.137736 0.378302 0.022642 0.039623
159 0.170755 0.364151 0.016981 0.011321
160 0.193396 0.363208 0.001887 0.009434
161 0.216038 0.363208 0.016981 0.009434
162 0.251887 0.363208 0.024528 0.009434
163 0.283962 0.363208 0.013208 0.009434
164 0.009434 0.423585 0.015094 0.005660
165 0.039623 0.425472 0.011321 0.009434
166 0.063208 0.428302 0.009434 0.015094
167 0.082075 0.433019 0.024528 0.024528
168 0.111321 0.433962 0.022642 0.026415
169 0.149057 0.434906 0.022642 0.028302
170 0.177358 0.435849 0.026415 0.030189
171 0.204717 0.433962 0.024528 0.026415
172 0.242453 0.437736 0.024528 0.033962
173 0.283962 0.437736 0.024528 0.033962
174 0.027358 0.489623 0.020755 0.032075
175 0.071698 0.488679 0.033962 0.030189
176 0.117925 0.490566 0.024528 0.033962
177 0.155660 0.489623 0.024528 0.032075
178 0.185849 0.488679 0.032075 0.030189
179 0.233962 0.480189 0.033962 0.013208
180 0.263208 0.496226 0.020755 0.045283
