94 0.025472 0.030189 0.016981 0.022642
95 0.044340 0.030189 0.016981 0.022642
96 0.078302 0.029245 0.016981 0.020755
97 0.113208 0.030189 0.018868 0.022642
98 0.133962 0.029245 0.018868 0.020755
99 0.160377 0.029245 0.022642 0.020755
100 0.193396 0.030189 0.013208 0.022642
101 0.223585 0.030189 0.016981 0.022642
102 0.244340 0.030189 0.020755 0.022642
103 0.281132 0.031132 0.018868 0.024528
104 0.027358 0.074528 0.020755 0.024528
105 0.054717 0.073585 0.026415 0.022642
106 0.086792 0.078302 0.026415 0.032075
107 0.112264 0.078302 0.020755 0.032075
108 0.134906 0.078302 0.020755 0.032075
109 0.169811 0.079245 0.018868 0.033962
110 0.197170 0.072642 0.024528 0.020755
111 0.226415 0.072642 0.026415 0.020755
112 0.258491 0.073585 0.030189 0.022642
113 0.284906 0.073585 0.018868 0.022642
114 0.011321 0.125472 0.018868 0.020755
115 0.034906 0.126415 0.016981 0.022642
116 0.057547 0.126415 0.020755 0.022642
117 0.079245 0.125472 0.015094 0.020755
118 0.111321 0.126415 0.022642 0.022642
119 0.134906 0.126415 0.020755 0.022642
120 0.159434 0.131132 0.020755 0.032075
121 0.191509 0.126415 0.016981 0.022642
122 0.214151 0.131132 0.016981 0.032075
123 0.239623 0.126415 0.022642 0.022642
124 0.028302 0.182075 0.022642 0.032075
125 0.055660 0.177358 0.020755 0.022642
126 0.081132 0.177358 0.018868 0.022642
127 0.115094 0.177358 0.015094 0.022642
128 0.146226 0.176415 0.013208 0.020755
129 0.178302 0.182075 0.016981 0.032075
130 0.197170 0.177358 0.016981 0.022642
131 0.233019 0.182075 0.020755 0.032075
132 0.267925 0.177358 0.015094 0.022642
133 0.302830 0.178302 0.020755 0.024528
134 0.025472 0.228302 0.024528 0.022642
135 0.060377 0.229245 0.018868 0.024528
136 0.082075 0.228302 0.020755 0.022642
137 0.110377 0.232075 0.024528 0.030189
138 0.146226 0.228302 0.016981 0.022642
139 0.166981 0.228302 0.016981 0.022642
140 0.185849 0.220755 0.016981 0.007547
141 0.205660 0.228302 0.015094 0.022642
142 0.222642 0.220755 0.015094 0.007547
143 0.250943 0.220755 0.011321 0.007547
144 0.016038 0.275472 0.020755 0.018868
145 0.037736 0.270755 0.015094 0.009434
146 0.069811 0.271698 0.015094 0.011321
147 0.087736 0.272642 0.016981 0.013208
148 0.105660 0.271698 0.015094 0.011321
149 0.131132 0.269811 0.005660 0.007547
150 0.141509 0.271698 0.011321 0.011321
151 0.153774 0.267925 0.001887 0.003774
152 0.174528 0.269811 0.005660 0.007547
153 0.200943 0.276415 0.016981 0.020755
154 0.010377 0.325472 0.013208 0.039623
155 0.029245 0.326415 0.016981 0.041509
156 0.059434 0.326415 0.016981 0.041509
157 0.086792 0.309434 0.011321 0.007547
158 0.105660 0.320755 0.018868 0.030189
159 0.125472 0.312264 0.013208 0.013208
160 0.138679 0.309434 0.001887 0.007547
161 0.150943 0.309434 0.011321 0.007547
162 0.166038 0.310377 0.015094 0.009434
163 0.179245 0.309434 0.007547 0.007547
164 0.019811 0.372642 0.009434 0.013208
165 0.029245 0.369811 0.005660 0.007547
166 0.040566 0.372642 0.013208 0.013208
167 0.072642 0.376415 0.020755 0.020755
168 0.105660 0.373585 0.018868 0.015094
169 0.139623 0.373585 0.018868 0.015094
170 0.175472 0.377358 0.022642 0.022642
171 0.200000 0.373585 0.018868 0.015094
172 0.226415 0.376415 0.022642 0.020755
173 0.264151 0.379245 0.022642 0.026415
174 0.010377 0.420755 0.016981 0.018868
175 0.032075 0.421698 0.022642 0.020755
176 0.072642 0.421698 0.024528 0.020755
177 0.098113 0.419811 0.022642 0.016981
178 0.135849 0.421698 0.018868 0.020755
179 0.172642 0.420755 0.043396 0.018868
180 0.202830 0.423585 0.013208 0.024528
