0 0.026415 0.040566 0.018868 0.043396
1 0.058491 0.030189 0.011321 0.022642
2 0.094340 0.043396 0.033962 0.049057
3 0.140566 0.043396 0.028302 0.049057
4 0.184906 0.042453 0.030189 0.047170
5 0.223585 0.042453 0.035849 0.047170
6 0.258491 0.030189 0.003774 0.022642
7 0.272642 0.041509 0.013208 0.045283
8 0.303774 0.040566 0.015094 0.043396
9 0.333019 0.024528 0.013208 0.011321
10 0.023585 0.094340 0.013208 0.015094
11 0.049057 0.098113 0.003774 0.022642
12 0.070755 0.092453 0.009434 0.011321
13 0.094340 0.096226 0.003774 0.018868
14 0.114151 0.112264 0.024528 0.050943
15 0.143396 0.110377 0.030189 0.047170
16 0.180189 0.109434 0.016981 0.045283
17 0.219811 0.110377 0.028302 0.047170
18 0.249057 0.110377 0.026415 0.047170
19 0.280189 0.109434 0.024528 0.045283
20 0.016981 0.180189 0.026415 0.047170
21 0.047170 0.180189 0.026415 0.047170
22 0.086792 0.179245 0.022642 0.045283
23 0.112264 0.180189 0.024528 0.047170
24 0.150000 0.180189 0.024528 0.047170
25 0.168868 0.166038 0.005660 0.018868
26 0.181132 0.166981 0.007547 0.020755
27 0.204717 0.163208 0.009434 0.013208
28 0.228302 0.160377 0.011321 0.007547
29 0.242453 0.164151 0.009434 0.015094
30 0.015094 0.244340 0.018868 0.043396
31 0.056604 0.237736 0.030189 0.030189
32 0.100000 0.246226 0.030189 0.047170
33 0.133962 0.246226 0.030189 0.047170
34 0.180189 0.246226 0.028302 0.047170
35 0.227358 0.246226 0.032075 0.047170
36 0.270755 0.246226 0.028302 0.047170
37 0.305660 0.246226 0.030189 0.047170
38 0.350000 0.246226 0.028302 0.047170
39 0.382075 0.246226 0.032075 0.047170
40 0.018868 0.312264 0.030189 0.047170
41 0.051887 0.312264 0.028302 0.047170
42 0.099057 0.312264 0.032075 0.047170
43 0.148113 0.312264 0.035849 0.047170
44 0.188679 0.312264 0.041509 0.047170
45 0.229245 0.312264 0.032075 0.047170
46 0.265094 0.312264 0.032075 0.047170
47 0.311321 0.312264 0.030189 0.047170
48 0.358491 0.313208 0.033962 0.049057
49 0.407547 0.313208 0.030189 0.049057
50 0.027358 0.380189 0.028302 0.047170
51 0.059434 0.379245 0.028302 0.045283
52 0.107547 0.380189 0.037736 0.047170
53 0.147170 0.380189 0.033962 0.047170
54 0.205660 0.380189 0.049057 0.047170
55 0.263208 0.380189 0.032075 0.047170
56 0.313208 0.383019 0.037736 0.052830
57 0.356604 0.380189 0.037736 0.047170
58 0.403774 0.380189 0.022642 0.047170
59 0.434906 0.381132 0.013208 0.049057
60 0.024528 0.451887 0.022642 0.047170
61 0.043396 0.435849 0.011321 0.015094
62 0.072642 0.443396 0.035849 0.030189
63 0.098113 0.439623 0.007547 0.022642
64 0.128302 0.440566 0.026415 0.024528
65 0.156604 0.451887 0.022642 0.047170
66 0.181132 0.440566 0.015094 0.024528
67 0.209434 0.450000 0.030189 0.043396
68 0.248113 0.440566 0.016981 0.024528
69 0.273585 0.457547 0.026415 0.058491
70 0.015094 0.524528 0.022642 0.037736
71 0.042453 0.528302 0.020755 0.045283
72 0.062264 0.521698 0.015094 0.032075
73 0.083019 0.529245 0.022642 0.047170
74 0.110377 0.528302 0.020755 0.045283
75 0.145283 0.528302 0.018868 0.045283
76 0.172642 0.516038 0.032075 0.020755
77 0.208491 0.515094 0.028302 0.018868
78 0.250000 0.516981 0.020755 0.022642
79 0.290566 0.524528 0.026415 0.037736
80 0.015094 0.590566 0.022642 0.037736
81 0.037736 0.583962 0.011321 0.024528
82 0.055660 0.584906 0.013208 0.026415
83 0.073585 0.590566 0.015094 0.037736
84 0.095283 0.581132 0.016981 0.018868
85 0.117925 0.582075 0.020755 0.020755
86 0.150000 0.582075 0.032075 0.020755
87 0.181132 0.583019 0.018868 0.022642
88 0.200943 0.588679 0.016981 0.033962
89 0.233962 0.590566 0.018868 0.037736
90 0.013208 0.651887 0.015094 0.047170
91 0.025472 0.650000 0.005660 0.043396
92 0.049057 0.651887 0.015094 0.047170
93 0.066038 0.639623 0.011321 0.022642
