94 0.016981 0.032075 0.026415 0.026415
95 0.056604 0.032075 0.022642 0.026415
96 0.095283 0.032075 0.024528 0.026415
97 0.123585 0.032075 0.028302 0.026415
98 0.153774 0.032075 0.028302 0.026415
99 0.184906 0.032075 0.030189 0.026415
100 0.214151 0.032075 0.024528 0.026415
101 0.241509 0.032075 0.022642 0.026415
102 0.267925 0.032075 0.026415 0.026415
103 0.311321 0.033962 0.026415 0.030189
104 0.031132 0.083019 0.028302 0.030189
105 0.082075 0.081132 0.039623 0.026415
106 0.125472 0.085849 0.039623 0.035849
107 0.170755 0.085849 0.024528 0.035849
108 0.200000 0.085849 0.026415 0.035849
109 0.231132 0.085849 0.024528 0.035849
110 0.274528 0.081132 0.028302 0.026415
111 0.312264 0.081132 0.043396 0.026415
112 0.361321 0.081132 0.043396 0.026415
113 0.399057 0.081132 0.028302 0.026415
114 0.027358 0.135849 0.028302 0.026415
115 0.055660 0.135849 0.024528 0.026415
116 0.084906 0.135849 0.026415 0.026415
117 0.127358 0.135849 0.024528 0.026415
118 0.159434 0.135849 0.028302 0.026415
119 0.200000 0.135849 0.026415 0.026415
120 0.228302 0.138679 0.026415 0.032075
121 0.269811 0.135849 0.030189 0.026415
122 0.315094 0.138679 0.030189 0.032075
123 0.360377 0.135849 0.033962 0.026415
124 0.032075 0.189623 0.033962 0.032075
125 0.066981 0.186792 0.024528 0.026415
126 0.096226 0.186792 0.026415 0.026415
127 0.127358 0.186792 0.024528 0.026415
128 0.152830 0.186792 0.022642 0.026415
129 0.193396 0.191509 0.024528 0.035849
130 0.221698 0.186792 0.024528 0.026415
131 0.263208 0.191509 0.024528 0.035849
132 0.299057 0.186792 0.020755 0.026415
133 0.336792 0.188679 0.028302 0.030189
134 0.016038 0.241509 0.028302 0.026415
135 0.048113 0.242453 0.024528 0.028302
136 0.076415 0.241509 0.028302 0.026415
137 0.121698 0.246226 0.032075 0.035849
138 0.163208 0.241509 0.024528 0.026415
139 0.193396 0.243396 0.024528 0.030189
140 0.219811 0.241509 0.020755 0.026415
141 0.250943 0.238679 0.015094 0.020755
142 0.282075 0.232075 0.020755 0.007547
143 0.316038 0.241509 0.020755 0.026415
144 0.033962 0.301887 0.033962 0.037736
145 0.067925 0.285849 0.022642 0.005660
146 0.108491 0.286792 0.024528 0.007547
147 0.137736 0.287736 0.022642 0.009434
148 0.178302 0.287736 0.024528 0.009434
149 0.209434 0.287736 0.007547 0.009434
150 0.229245 0.287736 0.020755 0.009434
151 0.257547 0.286792 0.009434 0.007547
152 0.269811 0.296226 0.011321 0.026415
153 0.293396 0.296226 0.024528 0.026415
154 0.015094 0.360377 0.018868 0.041509
155 0.036792 0.360377 0.020755 0.041509
156 0.074528 0.359434 0.020755 0.039623
157 0.108491 0.356604 0.020755 0.033962
158 0.144340 0.352830 0.020755 0.026415
159 0.169811 0.345283 0.018868 0.011321
160 0.187736 0.343396 0.005660 0.007547
161 0.200943 0.342453 0.016981 0.005660
162 0.234906 0.343396 0.016981 0.007547
163 0.252830 0.343396 0.011321 0.007547
164 0.022642 0.403774 0.011321 0.007547
165 0.049057 0.403774 0.007547 0.007547
166 0.075472 0.405660 0.011321 0.011321
167 0.107547 0.412264 0.022642 0.024528
168 0.133019 0.412264 0.024528 0.024528
169 0.157547 0.413208 0.016981 0.026415
170 0.190566 0.413208 0.022642 0.026415
171 0.219811 0.413208 0.024528 0.026415
172 0.262264 0.413208 0.026415 0.026415
173 0.289623 0.413208 0.024528 0.026415
174 0.024528 0.458491 0.022642 0.026415
175 0.059434 0.458491 0.020755 0.026415
176 0.083962 0.458491 0.024528 0.026415
177 0.111321 0.458491 0.022642 0.026415
178 0.155660 0.458491 0.032075 0.026415
179 0.212264 0.453774 0.047170 0.016981
180 0.264151 0.464151 0.030189 0.037736
