0 0.016038 0.033962 0.001887 0.030189
1 0.033962 0.033019 0.007547 0.028302
2 0.066038 0.035849 0.026415 0.033962
3 0.110377 0.036792 0.032075 0.035849
4 0.155660 0.044340 0.032075 0.050943
5 0.186792 0.040566 0.026415 0.043396
6 0.215094 0.024528 0.003774 0.011321
7 0.234906 0.038679 0.009434 0.039623
8 0.245283 0.038679 0.007547 0.039623
9 0.261321 0.024528 0.013208 0.011321
10 0.029245 0.105660 0.032075 0.033962
11 0.062264 0.102830 0.007547 0.028302
12 0.087736 0.094340 0.009434 0.011321
13 0.107547 0.098113 0.003774 0.018868
14 0.118868 0.099057 0.015094 0.020755
15 0.142453 0.102830 0.024528 0.028302
16 0.167925 0.102830 0.022642 0.028302
17 0.198113 0.103774 0.026415 0.030189
18 0.228302 0.100943 0.026415 0.024528
19 0.256604 0.098113 0.026415 0.018868
20 0.016038 0.155660 0.028302 0.028302
21 0.057547 0.155660 0.028302 0.028302
22 0.103774 0.160377 0.030189 0.037736
23 0.136792 0.157547 0.024528 0.032075
24 0.183962 0.165094 0.035849 0.047170
25 0.216981 0.150943 0.003774 0.018868
26 0.237736 0.153774 0.007547 0.024528
27 0.261321 0.154717 0.032075 0.026415
28 0.310377 0.147170 0.032075 0.011321
29 0.355660 0.154717 0.032075 0.026415
30 0.022642 0.222642 0.011321 0.030189
31 0.050000 0.226415 0.035849 0.037736
32 0.102830 0.223585 0.035849 0.032075
33 0.142453 0.222642 0.035849 0.030189
34 0.178302 0.222642 0.024528 0.030189
35 0.211321 0.221698 0.030189 0.028302
36 0.240566 0.222642 0.024528 0.030189
37 0.277358 0.222642 0.018868 0.030189
38 0.309434 0.225472 0.033962 0.035849
39 0.349057 0.218868 0.033962 0.022642
40 0.005660 0.277358 0.003774 0.026415
41 0.025472 0.285849 0.024528 0.043396
42 0.069811 0.278302 0.033962 0.028302
43 0.103774 0.279245 0.022642 0.030189
44 0.152830 0.278302 0.041509 0.028302
45 0.190566 0.277358 0.030189 0.026415
46 0.235849 0.278302 0.033962 0.028302
47 0.281132 0.279245 0.030189 0.030189
48 0.320755 0.279245 0.041509 0.030189
49 0.376415 0.278302 0.039623 0.028302
50 0.033962 0.340566 0.037736 0.028302
51 0.083962 0.334906 0.028302 0.016981
52 0.133019 0.341509 0.035849 0.030189
53 0.168868 0.339623 0.032075 0.026415
54 0.215094 0.341509 0.049057 0.030189
55 0.257547 0.340566 0.028302 0.028302
56 0.294340 0.349057 0.033962 0.045283
57 0.348113 0.342453 0.043396 0.032075
58 0.394340 0.347170 0.015094 0.041509
59 0.424528 0.336792 0.015094 0.020755
60 0.009434 0.411321 0.011321 0.041509
61 0.045283 0.405660 0.030189 0.030189
62 0.077358 0.398113 0.022642 0.015094
63 0.106604 0.401887 0.005660 0.022642
64 0.133962 0.403774 0.018868 0.026415
65 0.154717 0.405660 0.018868 0.030189
66 0.176415 0.402830 0.016981 0.024528
67 0.201887 0.408491 0.022642 0.035849
68 0.226415 0.404717 0.015094 0.028302
69 0.260377 0.416981 0.026415 0.052830
70 0.017925 0.482075 0.024528 0.039623
71 0.046226 0.480189 0.020755 0.035849
72 0.076415 0.480189 0.009434 0.035849
73 0.091509 0.492453 0.016981 0.060377
74 0.119811 0.481132 0.028302 0.037736
75 0.154717 0.479245 0.011321 0.033962
76 0.183019 0.473585 0.041509 0.022642
77 0.221698 0.472642 0.032075 0.020755
78 0.250000 0.474528 0.016981 0.024528
79 0.272642 0.483019 0.024528 0.041509
80 0.019811 0.561321 0.028302 0.039623
81 0.055660 0.553774 0.016981 0.024528
82 0.086792 0.553774 0.018868 0.024528
83 0.121698 0.557547 0.016981 0.032075
84 0.146226 0.551887 0.024528 0.020755
85 0.170755 0.551887 0.020755 0.020755
86 0.200000 0.553774 0.033962 0.024528
87 0.232075 0.552830 0.018868 0.022642
88 0.269811 0.565094 0.026415 0.047170
89 0.308491 0.553774 0.024528 0.024528
90 0.019811 0.628302 0.013208 0.041509
91 0.042453 0.635849 0.001887 0.056604
92 0.066981 0.628302 0.013208 0.041509
93 0.104717 0.624528 0.035849 0.033962
