0 0.008491 0.043396 0.009434 0.049057
1 0.036792 0.044340 0.020755 0.050943
2 0.076415 0.040566 0.028302 0.043396
3 0.115094 0.043396 0.022642 0.049057
4 0.171698 0.043396 0.056604 0.049057
5 0.214151 0.040566 0.024528 0.043396
6 0.236792 0.044340 0.009434 0.050943
7 0.253774 0.043396 0.013208 0.049057
8 0.280189 0.043396 0.013208 0.049057
9 0.314151 0.030189 0.020755 0.022642
10 0.021698 0.097170 0.016981 0.016981
11 0.038679 0.108491 0.009434 0.039623
12 0.051887 0.105660 0.013208 0.033962
13 0.068868 0.107547 0.009434 0.037736
14 0.100943 0.113208 0.020755 0.049057
15 0.136792 0.113208 0.024528 0.049057
16 0.161321 0.113208 0.016981 0.049057
17 0.185849 0.113208 0.024528 0.049057
18 0.216038 0.113208 0.024528 0.049057
19 0.258491 0.113208 0.026415 0.049057
20 0.027358 0.181132 0.024528 0.049057
21 0.065094 0.181132 0.024528 0.049057
22 0.091509 0.181132 0.024528 0.049057
23 0.121698 0.181132 0.024528 0.049057
24 0.161321 0.181132 0.024528 0.049057
25 0.182075 0.170755 0.009434 0.028302
26 0.195283 0.173585 0.009434 0.033962
27 0.211321 0.171698 0.015094 0.030189
28 0.229245 0.165094 0.013208 0.016981
29 0.247170 0.171698 0.015094 0.030189
30 0.017925 0.249057 0.024528 0.049057
31 0.054717 0.251887 0.045283 0.054717
32 0.091509 0.249057 0.024528 0.049057
33 0.133019 0.249057 0.024528 0.049057
34 0.174528 0.249057 0.024528 0.049057
35 0.200943 0.249057 0.024528 0.049057
36 0.227358 0.249057 0.020755 0.049057
37 0.264151 0.249057 0.018868 0.049057
38 0.302830 0.249057 0.024528 0.049057
39 0.342453 0.249057 0.024528 0.049057
40 0.010377 0.322642 0.009434 0.049057
41 0.039623 0.322642 0.022642 0.049057
42 0.068868 0.322642 0.024528 0.049057
43 0.095283 0.322642 0.020755 0.049057
44 0.126415 0.322642 0.037736 0.049057
45 0.163208 0.322642 0.024528 0.049057
46 0.189623 0.322642 0.024528 0.049057
47 0.231132 0.322642 0.024528 0.049057
48 0.272642 0.324528 0.024528 0.052830
49 0.310377 0.322642 0.024528 0.049057
50 0.015094 0.394340 0.022642 0.049057
51 0.038679 0.394340 0.020755 0.049057
52 0.073585 0.394340 0.022642 0.049057
53 0.103774 0.394340 0.026415 0.049057
54 0.139623 0.394340 0.037736 0.049057
55 0.183962 0.394340 0.024528 0.049057
56 0.214151 0.394340 0.024528 0.049057
57 0.240566 0.394340 0.020755 0.049057
58 0.262264 0.394340 0.015094 0.049057
59 0.285849 0.394340 0.020755 0.049057
60 0.013208 0.462264 0.015094 0.049057
61 0.037736 0.462264 0.022642 0.049057
62 0.074528 0.460377 0.016981 0.045283
63 0.106604 0.454717 0.013208 0.033962
64 0.141509 0.458491 0.022642 0.041509
65 0.168868 0.462264 0.024528 0.049057
66 0.199057 0.458491 0.024528 0.041509
67 0.227358 0.462264 0.024528 0.049057
68 0.257547 0.458491 0.024528 0.041509
69 0.293396 0.462264 0.013208 0.049057
70 0.029245 0.529245 0.024528 0.047170
71 0.068868 0.530189 0.024528 0.049057
72 0.100943 0.531132 0.009434 0.050943
73 0.116981 0.533019 0.011321 0.054717
74 0.139623 0.530189 0.026415 0.049057
75 0.170755 0.530189 0.009434 0.049057
76 0.208491 0.526415 0.039623 0.041509
77 0.246226 0.526415 0.024528 0.041509
78 0.274528 0.526415 0.024528 0.041509
79 0.314151 0.530189 0.024528 0.049057
80 0.027358 0.603774 0.024528 0.049057
81 0.065094 0.600000 0.016981 0.041509
82 0.099057 0.600000 0.024528 0.041509
83 0.133019 0.603774 0.013208 0.049057
84 0.155660 0.600000 0.024528 0.041509
85 0.192453 0.600000 0.022642 0.041509
86 0.223585 0.600000 0.035849 0.041509
87 0.255660 0.600000 0.024528 0.041509
88 0.297170 0.602830 0.024528 0.047170
89 0.332075 0.600000 0.018868 0.041509
90 0.010377 0.674528 0.016981 0.054717
91 0.037736 0.675472 0.007547 0.056604
92 0.063208 0.674528 0.016981 0.054717
93 0.087736 0.675472 0.024528 0.056604
