94 0.012264 0.030189 0.020755 0.022642
95 0.037736 0.030189 0.018868 0.022642
96 0.069811 0.030189 0.018868 0.022642
97 0.091509 0.030189 0.020755 0.022642
98 0.114151 0.030189 0.020755 0.022642
99 0.141509 0.030189 0.022642 0.022642
100 0.177358 0.030189 0.015094 0.022642
101 0.207547 0.030189 0.015094 0.022642
102 0.228302 0.030189 0.018868 0.022642
103 0.250943 0.030189 0.018868 0.022642
104 0.012264 0.072642 0.020755 0.024528
105 0.055660 0.071698 0.032075 0.022642
106 0.091509 0.076415 0.032075 0.032075
107 0.125472 0.076415 0.024528 0.032075
108 0.163208 0.076415 0.024528 0.032075
109 0.201887 0.077358 0.022642 0.033962
110 0.238679 0.071698 0.020755 0.022642
111 0.266981 0.071698 0.032075 0.022642
112 0.314151 0.071698 0.032075 0.022642
113 0.356604 0.071698 0.018868 0.022642
114 0.015094 0.124528 0.018868 0.022642
115 0.049057 0.124528 0.018868 0.022642
116 0.083019 0.124528 0.022642 0.022642
117 0.109434 0.124528 0.018868 0.022642
118 0.146226 0.124528 0.020755 0.022642
119 0.173585 0.124528 0.022642 0.022642
120 0.212264 0.128302 0.024528 0.030189
121 0.237736 0.124528 0.022642 0.022642
122 0.266038 0.128302 0.022642 0.030189
123 0.306604 0.124528 0.024528 0.022642
124 0.014151 0.177358 0.024528 0.030189
125 0.044340 0.173585 0.024528 0.022642
126 0.081132 0.173585 0.022642 0.022642
127 0.116981 0.173585 0.018868 0.022642
128 0.138679 0.173585 0.016981 0.022642
129 0.158491 0.178302 0.018868 0.032075
130 0.181132 0.173585 0.018868 0.022642
131 0.216038 0.178302 0.024528 0.032075
132 0.239623 0.173585 0.015094 0.022642
133 0.272642 0.174528 0.024528 0.024528
134 0.025472 0.224528 0.020755 0.022642
135 0.049057 0.225472 0.022642 0.024528
136 0.088679 0.224528 0.022642 0.022642
137 0.116038 0.225472 0.028302 0.024528
138 0.143396 0.224528 0.018868 0.022642
139 0.180189 0.224528 0.020755 0.022642
140 0.199057 0.224528 0.013208 0.022642
141 0.231132 0.223585 0.016981 0.020755
142 0.260377 0.216981 0.015094 0.007547
143 0.277358 0.224528 0.015094 0.022642
144 0.014151 0.273585 0.020755 0.033962
145 0.050000 0.260377 0.016981 0.007547
146 0.069811 0.261321 0.018868 0.009434
147 0.093396 0.260377 0.020755 0.007547
148 0.130189 0.261321 0.018868 0.009434
149 0.145283 0.261321 0.003774 0.009434
150 0.166038 0.261321 0.011321 0.009434
151 0.179245 0.258491 0.003774 0.003774
152 0.191509 0.267925 0.009434 0.022642
153 0.221698 0.267925 0.020755 0.022642
154 0.013208 0.328302 0.015094 0.037736
155 0.029245 0.328302 0.013208 0.037736
156 0.054717 0.328302 0.011321 0.037736
157 0.084906 0.325472 0.015094 0.032075
158 0.114151 0.324528 0.013208 0.030189
159 0.143396 0.315094 0.015094 0.011321
160 0.154717 0.313208 0.003774 0.007547
161 0.167925 0.313208 0.011321 0.007547
162 0.183019 0.314151 0.015094 0.009434
163 0.198113 0.313208 0.007547 0.007547
164 0.020755 0.370755 0.007547 0.009434
165 0.032075 0.369811 0.007547 0.007547
166 0.056604 0.371698 0.011321 0.011321
167 0.078302 0.376415 0.020755 0.020755
168 0.114151 0.375472 0.020755 0.018868
169 0.140566 0.377358 0.020755 0.022642
170 0.177358 0.377358 0.022642 0.022642
171 0.214151 0.375472 0.020755 0.018868
172 0.250943 0.378302 0.022642 0.024528
173 0.288679 0.377358 0.022642 0.022642
174 0.010377 0.421698 0.016981 0.024528
175 0.048113 0.420755 0.024528 0.022642
176 0.089623 0.420755 0.024528 0.022642
177 0.128302 0.421698 0.022642 0.024528
178 0.166038 0.420755 0.018868 0.022642
179 0.194340 0.417925 0.030189 0.016981
180 0.225472 0.428302 0.020755 0.037736
