0 0.008491 0.037736 0.005660 0.037736
1 0.022642 0.038679 0.015094 0.039623
2 0.057547 0.037736 0.028302 0.037736
3 0.100000 0.043396 0.022642 0.049057
4 0.150000 0.038679 0.043396 0.039623
5 0.202830 0.037736 0.035849 0.037736
6 0.240566 0.038679 0.005660 0.039623
7 0.254717 0.044340 0.015094 0.050943
8 0.286792 0.044340 0.015094 0.050943
9 0.306604 0.029245 0.016981 0.020755
10 0.029245 0.101887 0.024528 0.026415
11 0.062264 0.108491 0.007547 0.039623
12 0.075472 0.100000 0.011321 0.022642
13 0.098113 0.102830 0.003774 0.028302
14 0.116981 0.114151 0.022642 0.050943
15 0.157547 0.107547 0.024528 0.037736
16 0.183962 0.107547 0.020755 0.037736
17 0.207547 0.107547 0.022642 0.037736
18 0.245283 0.107547 0.022642 0.037736
19 0.286792 0.107547 0.026415 0.037736
20 0.026415 0.178302 0.022642 0.039623
21 0.065094 0.177358 0.024528 0.037736
22 0.106604 0.177358 0.024528 0.037736
23 0.144340 0.177358 0.024528 0.037736
24 0.183962 0.177358 0.024528 0.037736
25 0.211321 0.170755 0.003774 0.024528
26 0.219811 0.173585 0.005660 0.030189
27 0.238679 0.170755 0.024528 0.024528
28 0.280189 0.166038 0.024528 0.015094
29 0.319811 0.170755 0.024528 0.024528
30 0.011321 0.235849 0.018868 0.037736
31 0.055660 0.237736 0.043396 0.041509
32 0.107547 0.235849 0.033962 0.037736
33 0.143396 0.235849 0.026415 0.037736
34 0.172642 0.235849 0.024528 0.037736
35 0.215094 0.235849 0.030189 0.037736
36 0.246226 0.235849 0.024528 0.037736
37 0.287736 0.235849 0.024528 0.037736
38 0.331132 0.235849 0.028302 0.037736
39 0.378302 0.235849 0.032075 0.037736
40 0.022642 0.296226 0.011321 0.037736
41 0.049057 0.301887 0.011321 0.049057
42 0.072642 0.296226 0.032075 0.037736
43 0.106604 0.296226 0.024528 0.037736
44 0.139623 0.296226 0.037736 0.037736
45 0.178302 0.296226 0.032075 0.037736
46 0.226415 0.296226 0.030189 0.037736
47 0.269811 0.296226 0.026415 0.037736
48 0.314151 0.301887 0.032075 0.049057
49 0.350943 0.296226 0.030189 0.037736
50 0.027358 0.364151 0.020755 0.037736
51 0.056604 0.364151 0.030189 0.037736
52 0.088679 0.364151 0.030189 0.037736
53 0.123585 0.364151 0.032075 0.037736
54 0.177358 0.364151 0.049057 0.037736
55 0.230189 0.364151 0.030189 0.037736
56 0.263208 0.364151 0.032075 0.037736
57 0.306604 0.364151 0.024528 0.037736
58 0.327358 0.370755 0.013208 0.050943
59 0.358491 0.370755 0.022642 0.050943
60 0.009434 0.440566 0.011321 0.050943
61 0.042453 0.433962 0.020755 0.037736
62 0.065094 0.430189 0.020755 0.030189
63 0.083962 0.429245 0.009434 0.028302
64 0.116038 0.428302 0.024528 0.026415
65 0.145283 0.434906 0.026415 0.039623
66 0.184906 0.428302 0.018868 0.026415
67 0.210377 0.434906 0.024528 0.039623
68 0.246226 0.428302 0.020755 0.026415
69 0.282075 0.434906 0.016981 0.039623
70 0.025472 0.503774 0.024528 0.037736
71 0.064151 0.504717 0.026415 0.039623
72 0.098113 0.503774 0.011321 0.037736
73 0.113208 0.509434 0.007547 0.049057
74 0.134906 0.504717 0.028302 0.039623
75 0.167925 0.504717 0.011321 0.039623
76 0.197170 0.498113 0.043396 0.026415
77 0.233962 0.498113 0.026415 0.026415
78 0.260377 0.498113 0.022642 0.026415
79 0.288679 0.503774 0.026415 0.037736
80 0.017925 0.571698 0.024528 0.037736
81 0.055660 0.566038 0.020755 0.026415
82 0.081132 0.566038 0.018868 0.026415
83 0.104717 0.569811 0.016981 0.033962
84 0.130189 0.566038 0.026415 0.026415
85 0.160377 0.566038 0.026415 0.026415
86 0.198113 0.566038 0.041509 0.026415
87 0.244340 0.566038 0.024528 0.026415
88 0.287736 0.571698 0.028302 0.037736
89 0.325472 0.566038 0.020755 0.026415
90 0.015094 0.634906 0.018868 0.050943
91 0.028302 0.634906 0.003774 0.050943
92 0.051887 0.634906 0.016981 0.050943
93 0.082075 0.637736 0.032075 0.056604
