0 0.008491 0.038679 0.013208 0.039623
1 0.033962 0.050000 0.026415 0.062264
2 0.061321 0.034906 0.024528 0.032075
3 0.093396 0.040566 0.032075 0.043396
4 0.145283 0.038679 0.045283 0.039623
5 0.194340 0.039623 0.049057 0.041509
6 0.239623 0.050000 0.011321 0.062264
7 0.261321 0.044340 0.024528 0.050943
8 0.302830 0.044340 0.024528 0.050943
9 0.329245 0.029245 0.020755 0.020755
10 0.019811 0.113208 0.028302 0.026415
11 0.042453 0.133962 0.013208 0.067925
12 0.059434 0.128302 0.016981 0.056604
13 0.091509 0.133019 0.013208 0.066038
14 0.125472 0.123585 0.028302 0.047170
15 0.159434 0.116038 0.032075 0.032075
16 0.196226 0.116038 0.030189 0.032075
17 0.229245 0.116981 0.032075 0.033962
18 0.277358 0.118868 0.033962 0.037736
19 0.324528 0.120755 0.033962 0.041509
20 0.033019 0.205660 0.032075 0.037736
21 0.082075 0.206604 0.032075 0.039623
22 0.129245 0.207547 0.032075 0.041509
23 0.166981 0.205660 0.032075 0.037736
24 0.212264 0.206604 0.032075 0.039623
25 0.240566 0.201887 0.013208 0.030189
26 0.257547 0.206604 0.013208 0.039623
27 0.293396 0.200000 0.028302 0.026415
28 0.334906 0.195283 0.028302 0.016981
29 0.368868 0.200000 0.028302 0.026415
30 0.017925 0.266981 0.028302 0.039623
31 0.057547 0.266981 0.039623 0.039623
32 0.103774 0.266981 0.049057 0.039623
33 0.153774 0.266981 0.039623 0.039623
34 0.208491 0.266981 0.039623 0.039623
35 0.266981 0.266981 0.043396 0.039623
36 0.320755 0.266981 0.037736 0.039623
37 0.364151 0.266981 0.037736 0.039623
38 0.409434 0.266981 0.045283 0.039623
39 0.469811 0.266981 0.045283 0.039623
40 0.016038 0.325472 0.020755 0.039623
41 0.048113 0.325472 0.035849 0.039623
42 0.102830 0.325472 0.047170 0.039623
43 0.146226 0.325472 0.035849 0.039623
44 0.205660 0.325472 0.049057 0.039623
45 0.268868 0.325472 0.047170 0.039623
46 0.319811 0.325472 0.043396 0.039623
47 0.375472 0.325472 0.037736 0.039623
48 0.417925 0.330189 0.043396 0.049057
49 0.466981 0.325472 0.043396 0.039623
50 0.021698 0.393396 0.035849 0.039623
51 0.064151 0.393396 0.041509 0.039623
52 0.120755 0.393396 0.045283 0.039623
53 0.183962 0.393396 0.047170 0.039623
54 0.242453 0.393396 0.062264 0.039623
55 0.310377 0.393396 0.047170 0.039623
56 0.360377 0.393396 0.045283 0.039623
57 0.417925 0.393396 0.039623 0.039623
58 0.465094 0.399057 0.020755 0.050943
59 0.504717 0.397170 0.032075 0.047170
60 0.025472 0.468868 0.020755 0.050943
61 0.050000 0.469811 0.024528 0.052830
62 0.078302 0.450943 0.028302 0.015094
63 0.113208 0.457547 0.015094 0.028302
64 0.152830 0.457547 0.030189 0.028302
65 0.202830 0.463208 0.035849 0.039623
66 0.240566 0.457547 0.028302 0.028302
67 0.276415 0.463208 0.035849 0.039623
68 0.310377 0.457547 0.028302 0.028302
69 0.338679 0.463208 0.024528 0.039623
70 0.017925 0.534906 0.032075 0.039623
71 0.069811 0.534906 0.037736 0.039623
72 0.101887 0.534906 0.018868 0.039623
73 0.134906 0.539623 0.016981 0.049057
74 0.166981 0.534906 0.043396 0.039623
75 0.213208 0.534906 0.018868 0.039623
76 0.254717 0.529245 0.056604 0.028302
77 0.303774 0.529245 0.037736 0.028302
78 0.342453 0.529245 0.032075 0.028302
79 0.378302 0.533962 0.035849 0.037736
80 0.034906 0.601887 0.035849 0.037736
81 0.072642 0.597170 0.028302 0.028302
82 0.102830 0.597170 0.024528 0.028302
83 0.141509 0.600943 0.026415 0.035849
84 0.188679 0.597170 0.037736 0.028302
85 0.228302 0.597170 0.037736 0.028302
86 0.280189 0.597170 0.058491 0.028302
87 0.342453 0.597170 0.035849 0.028302
88 0.383962 0.601887 0.035849 0.037736
89 0.420755 0.597170 0.030189 0.028302
90 0.024528 0.665094 0.018868 0.050943
91 0.038679 0.667925 0.005660 0.056604
92 0.068868 0.665094 0.020755 0.050943
93 0.110377 0.667925 0.028302 0.056604
