0 0.007547 0.034906 0.003774 0.032075
1 0.032075 0.033019 0.011321 0.028302
2 0.056604 0.036792 0.030189 0.035849
3 0.084906 0.032075 0.015094 0.026415
4 0.109434 0.032075 0.030189 0.026415
5 0.143396 0.034906 0.026415 0.032075
6 0.171698 0.030189 0.003774 0.022642
7 0.190566 0.036792 0.007547 0.035849
8 0.201887 0.037736 0.007547 0.037736
9 0.216038 0.026415 0.013208 0.015094
10 0.028302 0.089623 0.026415 0.028302
11 0.058491 0.083962 0.003774 0.016981
12 0.077358 0.081132 0.007547 0.011321
13 0.084906 0.080189 0.003774 0.009434
14 0.099057 0.095283 0.020755 0.039623
15 0.123585 0.088679 0.016981 0.026415
16 0.137736 0.088679 0.007547 0.026415
17 0.164151 0.088679 0.015094 0.026415
18 0.195283 0.088679 0.016981 0.026415
19 0.214151 0.089623 0.013208 0.028302
20 0.012264 0.147170 0.016981 0.026415
21 0.042453 0.147170 0.016981 0.026415
22 0.073585 0.147170 0.015094 0.026415
23 0.102830 0.147170 0.016981 0.026415
24 0.136792 0.147170 0.016981 0.026415
25 0.149057 0.139623 0.003774 0.011321
26 0.167925 0.142453 0.003774 0.016981
27 0.199057 0.144340 0.024528 0.020755
28 0.237736 0.140566 0.026415 0.013208
29 0.277358 0.146226 0.026415 0.024528
30 0.022642 0.194340 0.015094 0.030189
31 0.068868 0.204717 0.043396 0.050943
32 0.109434 0.198113 0.030189 0.037736
33 0.154717 0.198113 0.033962 0.037736
34 0.186792 0.198113 0.026415 0.037736
35 0.232075 0.198113 0.033962 0.037736
36 0.277358 0.198113 0.026415 0.037736
37 0.320755 0.198113 0.026415 0.037736
38 0.349057 0.198113 0.022642 0.037736
39 0.383019 0.198113 0.041509 0.037736
40 0.026415 0.267925 0.026415 0.037736
41 0.069811 0.276415 0.026415 0.054717
42 0.110377 0.267925 0.043396 0.037736
43 0.150943 0.267925 0.030189 0.037736
44 0.195283 0.267925 0.050943 0.037736
45 0.247170 0.267925 0.045283 0.037736
46 0.300000 0.267925 0.026415 0.037736
47 0.343396 0.267925 0.030189 0.037736
48 0.386792 0.267925 0.026415 0.037736
49 0.435849 0.267925 0.037736 0.037736
50 0.026415 0.341509 0.026415 0.037736
51 0.069811 0.341509 0.026415 0.037736
52 0.103774 0.341509 0.037736 0.037736
53 0.140566 0.341509 0.032075 0.037736
54 0.181132 0.341509 0.041509 0.037736
55 0.222642 0.341509 0.033962 0.037736
56 0.270755 0.350000 0.032075 0.054717
57 0.315094 0.350000 0.026415 0.054717
58 0.333962 0.342453 0.007547 0.039623
59 0.365094 0.342453 0.020755 0.039623
60 0.017925 0.416038 0.005660 0.039623
61 0.050000 0.416981 0.024528 0.041509
62 0.082075 0.411321 0.028302 0.030189
63 0.112264 0.404717 0.005660 0.016981
64 0.136792 0.402830 0.016981 0.013208
65 0.157547 0.412264 0.013208 0.032075
66 0.171698 0.402830 0.011321 0.013208
67 0.197170 0.409434 0.013208 0.026415
68 0.211321 0.402830 0.011321 0.013208
69 0.227358 0.420755 0.016981 0.049057
70 0.011321 0.479245 0.015094 0.030189
71 0.031132 0.480189 0.016981 0.032075
72 0.056604 0.475472 0.007547 0.022642
73 0.083962 0.482075 0.013208 0.035849
74 0.112264 0.480189 0.016981 0.032075
75 0.140566 0.480189 0.013208 0.032075
76 0.173585 0.470755 0.026415 0.013208
77 0.199057 0.470755 0.016981 0.013208
78 0.218868 0.470755 0.015094 0.013208
79 0.239623 0.479245 0.022642 0.030189
80 0.014151 0.531132 0.020755 0.024528
81 0.048113 0.525472 0.013208 0.013208
82 0.062264 0.525472 0.011321 0.013208
83 0.075472 0.531132 0.011321 0.024528
84 0.091509 0.525472 0.016981 0.013208
85 0.112264 0.527358 0.013208 0.016981
86 0.130189 0.527358 0.018868 0.016981
87 0.151887 0.525472 0.016981 0.013208
88 0.185849 0.533019 0.016981 0.028302
89 0.202830 0.533962 0.013208 0.030189
90 0.023585 0.592453 0.013208 0.049057
91 0.033019 0.592453 0.001887 0.049057
92 0.057547 0.592453 0.013208 0.049057
93 0.080189 0.590566 0.028302 0.045283
