94 0.010377 0.030189 0.016981 0.022642
95 0.031132 0.030189 0.016981 0.022642
96 0.064151 0.030189 0.018868 0.022642
97 0.099057 0.030189 0.016981 0.022642
98 0.121698 0.030189 0.016981 0.022642
99 0.146226 0.030189 0.024528 0.022642
100 0.183019 0.030189 0.015094 0.022642
101 0.202830 0.030189 0.016981 0.022642
102 0.238679 0.030189 0.020755 0.022642
103 0.271698 0.032075 0.018868 0.026415
104 0.014151 0.077358 0.020755 0.026415
105 0.039623 0.075472 0.026415 0.022642
106 0.083019 0.080189 0.026415 0.032075
107 0.122642 0.081132 0.018868 0.033962
108 0.147170 0.081132 0.018868 0.033962
109 0.180189 0.081132 0.016981 0.033962
110 0.218868 0.075472 0.026415 0.022642
111 0.260377 0.075472 0.026415 0.022642
112 0.301887 0.075472 0.030189 0.022642
113 0.327358 0.075472 0.016981 0.022642
114 0.025472 0.128302 0.016981 0.022642
115 0.059434 0.128302 0.016981 0.022642
116 0.083962 0.128302 0.020755 0.022642
117 0.103774 0.128302 0.015094 0.022642
118 0.125472 0.128302 0.020755 0.022642
119 0.162264 0.128302 0.018868 0.022642
120 0.194340 0.133962 0.018868 0.033962
121 0.214151 0.128302 0.016981 0.022642
122 0.236792 0.133962 0.016981 0.033962
123 0.270755 0.128302 0.020755 0.022642
124 0.027358 0.186792 0.020755 0.033962
125 0.049057 0.181132 0.018868 0.022642
126 0.069811 0.181132 0.018868 0.022642
127 0.104717 0.181132 0.016981 0.022642
128 0.137736 0.181132 0.015094 0.022642
129 0.159434 0.185849 0.016981 0.032075
130 0.182075 0.181132 0.016981 0.022642
131 0.203774 0.185849 0.018868 0.032075
132 0.235849 0.181132 0.015094 0.022642
133 0.253774 0.183019 0.016981 0.026415
134 0.015094 0.233962 0.022642 0.022642
135 0.040566 0.235849 0.016981 0.026415
136 0.063208 0.233962 0.020755 0.022642
137 0.087736 0.238679 0.024528 0.032075
138 0.114151 0.233962 0.016981 0.022642
139 0.144340 0.234906 0.016981 0.024528
140 0.178302 0.233962 0.016981 0.022642
141 0.200943 0.232075 0.016981 0.018868
142 0.232075 0.226415 0.015094 0.007547
143 0.262264 0.233962 0.015094 0.022642
144 0.017925 0.290566 0.028302 0.033962
145 0.056604 0.277358 0.015094 0.007547
146 0.084906 0.277358 0.015094 0.007547
147 0.104717 0.277358 0.016981 0.007547
148 0.124528 0.278302 0.015094 0.009434
149 0.136792 0.278302 0.005660 0.009434
150 0.159434 0.278302 0.009434 0.009434
151 0.166981 0.275472 0.001887 0.003774
152 0.186792 0.284906 0.007547 0.022642
153 0.200943 0.284906 0.016981 0.022642
154 0.010377 0.346226 0.016981 0.039623
155 0.029245 0.346226 0.016981 0.039623
156 0.050943 0.346226 0.018868 0.039623
157 0.071698 0.342453 0.015094 0.032075
158 0.101887 0.342453 0.015094 0.032075
159 0.117925 0.332075 0.013208 0.011321
160 0.127358 0.330189 0.001887 0.007547
161 0.138679 0.331132 0.009434 0.009434
162 0.166038 0.330189 0.011321 0.007547
163 0.180189 0.331132 0.009434 0.009434
164 0.008491 0.389623 0.013208 0.009434
165 0.024528 0.388679 0.007547 0.007547
166 0.037736 0.391509 0.011321 0.013208
167 0.068868 0.395283 0.020755 0.020755
168 0.090566 0.395283 0.018868 0.020755
169 0.126415 0.396226 0.018868 0.022642
170 0.162264 0.400943 0.026415 0.032075
171 0.201887 0.394340 0.022642 0.018868
172 0.243396 0.400000 0.026415 0.030189
173 0.286792 0.400000 0.026415 0.030189
174 0.026415 0.450943 0.026415 0.030189
175 0.059434 0.450000 0.028302 0.028302
176 0.090566 0.450943 0.026415 0.030189
177 0.130189 0.450943 0.026415 0.030189
178 0.168868 0.447170 0.024528 0.022642
179 0.212264 0.446226 0.035849 0.020755
180 0.255660 0.452830 0.016981 0.033962
