0 0.007547 0.036792 0.007547 0.035849
1 0.021698 0.044340 0.013208 0.050943
2 0.058491 0.036792 0.026415 0.035849
3 0.082075 0.042453 0.016981 0.047170
4 0.117925 0.036792 0.024528 0.035849
5 0.149057 0.036792 0.030189 0.035849
6 0.171698 0.044340 0.003774 0.050943
7 0.199057 0.046226 0.016981 0.054717
8 0.228302 0.045283 0.015094 0.052830
9 0.263208 0.030189 0.020755 0.022642
10 0.023585 0.104717 0.020755 0.024528
11 0.050943 0.112264 0.007547 0.039623
12 0.073585 0.098113 0.011321 0.011321
13 0.085849 0.106604 0.005660 0.028302
14 0.112264 0.116038 0.016981 0.047170
15 0.137736 0.107547 0.022642 0.030189
16 0.157547 0.107547 0.009434 0.030189
17 0.175472 0.107547 0.018868 0.030189
18 0.213208 0.113208 0.022642 0.041509
19 0.249057 0.112264 0.022642 0.039623
20 0.012264 0.178302 0.020755 0.039623
21 0.048113 0.176415 0.020755 0.035849
22 0.083019 0.178302 0.022642 0.039623
23 0.107547 0.176415 0.022642 0.035849
24 0.142453 0.179245 0.020755 0.041509
25 0.162264 0.169811 0.007547 0.022642
26 0.174528 0.173585 0.009434 0.030189
27 0.204717 0.171698 0.020755 0.026415
28 0.242453 0.165094 0.020755 0.013208
29 0.265094 0.172642 0.020755 0.028302
30 0.023585 0.236792 0.013208 0.035849
31 0.056604 0.245283 0.049057 0.052830
32 0.101887 0.236792 0.030189 0.035849
33 0.143396 0.236792 0.022642 0.035849
34 0.168868 0.236792 0.024528 0.035849
35 0.211321 0.236792 0.026415 0.035849
36 0.236792 0.236792 0.020755 0.035849
37 0.259434 0.236792 0.020755 0.035849
38 0.288679 0.236792 0.026415 0.035849
39 0.316981 0.236792 0.026415 0.035849
40 0.006604 0.308491 0.005660 0.035849
41 0.035849 0.308491 0.018868 0.035849
42 0.072642 0.308491 0.024528 0.035849
43 0.096226 0.308491 0.018868 0.035849
44 0.127358 0.308491 0.035849 0.035849
45 0.174528 0.308491 0.028302 0.035849
46 0.219811 0.308491 0.032075 0.035849
47 0.250943 0.308491 0.022642 0.035849
48 0.293396 0.314151 0.032075 0.047170
49 0.326415 0.308491 0.022642 0.035849
50 0.027358 0.374528 0.020755 0.035849
51 0.066981 0.374528 0.024528 0.035849
52 0.099057 0.374528 0.028302 0.035849
53 0.130189 0.374528 0.030189 0.035849
54 0.184906 0.374528 0.049057 0.035849
55 0.228302 0.374528 0.030189 0.035849
56 0.262264 0.374528 0.026415 0.035849
57 0.292453 0.374528 0.022642 0.035849
58 0.316981 0.383962 0.018868 0.054717
59 0.332075 0.380189 0.007547 0.047170
60 0.010377 0.457547 0.016981 0.054717
61 0.034906 0.452830 0.024528 0.045283
62 0.075472 0.437736 0.026415 0.015094
63 0.107547 0.444340 0.007547 0.028302
64 0.125472 0.443396 0.020755 0.026415
65 0.153774 0.450000 0.024528 0.039623
66 0.179245 0.443396 0.018868 0.026415
67 0.206604 0.450000 0.024528 0.039623
68 0.242453 0.443396 0.020755 0.026415
69 0.275472 0.456604 0.018868 0.052830
70 0.017925 0.524528 0.028302 0.041509
71 0.055660 0.523585 0.020755 0.039623
72 0.083962 0.521698 0.005660 0.035849
73 0.106604 0.527358 0.009434 0.047170
74 0.135849 0.523585 0.022642 0.039623
75 0.165094 0.523585 0.005660 0.039623
76 0.192453 0.516981 0.037736 0.026415
77 0.227358 0.516981 0.020755 0.026415
78 0.264151 0.516981 0.022642 0.026415
79 0.301887 0.523585 0.026415 0.039623
80 0.016981 0.589623 0.022642 0.039623
81 0.050943 0.583019 0.015094 0.026415
82 0.068868 0.583019 0.016981 0.026415
83 0.101887 0.586792 0.015094 0.033962
84 0.123585 0.583019 0.020755 0.026415
85 0.148113 0.583019 0.020755 0.026415
86 0.190566 0.583019 0.037736 0.026415
87 0.235849 0.583019 0.022642 0.026415
88 0.274528 0.589623 0.024528 0.039623
89 0.309434 0.583019 0.018868 0.026415
90 0.010377 0.655660 0.016981 0.054717
91 0.034906 0.656604 0.001887 0.056604
92 0.060377 0.655660 0.018868 0.054717
93 0.096226 0.650943 0.026415 0.045283
