0 0.004717 0.037736 0.005660 0.037736
1 0.031132 0.041509 0.013208 0.045283
2 0.051887 0.036792 0.024528 0.035849
3 0.087736 0.043396 0.020755 0.049057
4 0.121698 0.038679 0.035849 0.039623
5 0.170755 0.037736 0.032075 0.037736
6 0.203774 0.041509 0.003774 0.045283
7 0.214151 0.043396 0.009434 0.049057
8 0.225472 0.043396 0.009434 0.049057
9 0.240566 0.029245 0.016981 0.020755
10 0.029245 0.100000 0.024528 0.026415
11 0.050943 0.106604 0.007547 0.039623
12 0.074528 0.098113 0.013208 0.022642
13 0.088679 0.100943 0.003774 0.028302
14 0.117925 0.110377 0.020755 0.047170
15 0.144340 0.104717 0.024528 0.035849
16 0.181132 0.104717 0.018868 0.035849
17 0.206604 0.104717 0.020755 0.035849
18 0.240566 0.104717 0.020755 0.035849
19 0.268868 0.104717 0.024528 0.035849
20 0.023585 0.170755 0.020755 0.035849
21 0.058491 0.170755 0.022642 0.035849
22 0.094340 0.170755 0.022642 0.035849
23 0.133019 0.170755 0.024528 0.035849
24 0.160377 0.170755 0.022642 0.035849
25 0.179245 0.165094 0.003774 0.024528
26 0.186792 0.168868 0.007547 0.032075
27 0.218868 0.166038 0.022642 0.026415
28 0.242453 0.160377 0.020755 0.015094
29 0.266038 0.166038 0.022642 0.026415
30 0.015094 0.226415 0.018868 0.037736
31 0.050000 0.228302 0.039623 0.041509
32 0.100943 0.225472 0.028302 0.035849
33 0.127358 0.225472 0.020755 0.035849
34 0.166981 0.225472 0.024528 0.035849
35 0.205660 0.225472 0.026415 0.035849
36 0.245283 0.225472 0.018868 0.035849
37 0.265094 0.225472 0.016981 0.035849
38 0.300000 0.225472 0.026415 0.035849
39 0.338679 0.225472 0.024528 0.035849
40 0.004717 0.285849 0.001887 0.035849
41 0.016038 0.285849 0.013208 0.035849
42 0.046226 0.285849 0.020755 0.035849
43 0.070755 0.285849 0.016981 0.035849
44 0.110377 0.285849 0.035849 0.035849
45 0.155660 0.285849 0.024528 0.035849
46 0.200000 0.285849 0.030189 0.035849
47 0.238679 0.285849 0.020755 0.035849
48 0.271698 0.287736 0.033962 0.039623
49 0.304717 0.285849 0.020755 0.035849
50 0.025472 0.344340 0.020755 0.035849
51 0.066038 0.344340 0.026415 0.035849
52 0.097170 0.344340 0.024528 0.035849
53 0.125472 0.344340 0.028302 0.035849
54 0.179245 0.344340 0.045283 0.035849
55 0.229245 0.344340 0.024528 0.035849
56 0.254717 0.344340 0.022642 0.035849
57 0.281132 0.344340 0.022642 0.035849
58 0.298113 0.350000 0.007547 0.047170
59 0.317925 0.350000 0.020755 0.047170
60 0.005660 0.416038 0.007547 0.047170
61 0.033962 0.411321 0.018868 0.037736
62 0.074528 0.407547 0.028302 0.030189
63 0.096226 0.403774 0.007547 0.022642
64 0.113208 0.405660 0.018868 0.026415
65 0.150000 0.411321 0.020755 0.037736
66 0.186792 0.405660 0.018868 0.026415
67 0.210377 0.411321 0.020755 0.037736
68 0.248113 0.405660 0.020755 0.026415
69 0.281132 0.411321 0.015094 0.037736
70 0.013208 0.476415 0.022642 0.035849
71 0.049057 0.477358 0.018868 0.037736
72 0.064151 0.476415 0.003774 0.035849
73 0.087736 0.481132 0.009434 0.045283
74 0.117925 0.477358 0.016981 0.037736
75 0.133019 0.477358 0.001887 0.037736
76 0.156604 0.471698 0.033962 0.026415
77 0.200000 0.471698 0.018868 0.026415
78 0.222642 0.471698 0.022642 0.026415
79 0.248113 0.476415 0.020755 0.035849
80 0.027358 0.540566 0.020755 0.035849
81 0.050000 0.535849 0.013208 0.026415
82 0.070755 0.535849 0.016981 0.026415
83 0.103774 0.539623 0.015094 0.033962
84 0.125472 0.535849 0.020755 0.026415
85 0.161321 0.535849 0.020755 0.026415
86 0.193396 0.535849 0.035849 0.026415
87 0.236792 0.535849 0.020755 0.026415
88 0.263208 0.540566 0.020755 0.035849
89 0.296226 0.535849 0.015094 0.026415
90 0.018868 0.600943 0.011321 0.047170
91 0.041509 0.601887 0.003774 0.049057
92 0.062264 0.600943 0.011321 0.047170
93 0.093396 0.611321 0.024528 0.067925
