0 0.020755 0.036792 0.007547 0.035849
1 0.043396 0.030189 0.007547 0.022642
2 0.073585 0.032075 0.022642 0.026415
3 0.109434 0.043396 0.015094 0.049057
4 0.132075 0.039623 0.026415 0.041509
5 0.176415 0.039623 0.035849 0.041509
6 0.198113 0.035849 0.003774 0.033962
7 0.221698 0.043396 0.009434 0.049057
8 0.236792 0.043396 0.009434 0.049057
9 0.255660 0.026415 0.016981 0.015094
10 0.029245 0.101887 0.028302 0.030189
11 0.059434 0.095283 0.005660 0.016981
12 0.074528 0.092453 0.013208 0.011321
13 0.095283 0.096226 0.001887 0.018868
14 0.124528 0.108491 0.022642 0.043396
15 0.162264 0.105660 0.026415 0.037736
16 0.190566 0.105660 0.018868 0.037736
17 0.225472 0.105660 0.020755 0.037736
18 0.250000 0.106604 0.020755 0.039623
19 0.278302 0.105660 0.024528 0.037736
20 0.024528 0.169811 0.022642 0.041509
21 0.053774 0.167925 0.024528 0.037736
22 0.077358 0.167925 0.018868 0.037736
23 0.099057 0.166981 0.020755 0.035849
24 0.137736 0.167925 0.022642 0.037736
25 0.167925 0.162264 0.003774 0.026415
26 0.176415 0.162264 0.005660 0.026415
27 0.195283 0.164151 0.028302 0.030189
28 0.240566 0.155660 0.028302 0.013208
29 0.286792 0.165094 0.030189 0.032075
30 0.026415 0.228302 0.018868 0.037736
31 0.054717 0.224528 0.026415 0.030189
32 0.089623 0.229245 0.035849 0.039623
33 0.123585 0.230189 0.028302 0.041509
34 0.156604 0.228302 0.026415 0.037736
35 0.191509 0.229245 0.035849 0.039623
36 0.241509 0.228302 0.030189 0.037736
37 0.285849 0.227358 0.024528 0.035849
38 0.327358 0.233019 0.032075 0.047170
39 0.364151 0.234906 0.037736 0.050943
40 0.023585 0.298113 0.013208 0.037736
41 0.043396 0.300000 0.022642 0.041509
42 0.075472 0.298113 0.033962 0.037736
43 0.110377 0.298113 0.024528 0.037736
44 0.150000 0.298113 0.043396 0.037736
45 0.207547 0.298113 0.045283 0.037736
46 0.251887 0.297170 0.035849 0.035849
47 0.286792 0.301887 0.030189 0.045283
48 0.327358 0.302830 0.039623 0.047170
49 0.378302 0.301887 0.032075 0.045283
50 0.012264 0.365094 0.020755 0.039623
51 0.054717 0.367925 0.030189 0.045283
52 0.088679 0.363208 0.030189 0.035849
53 0.136792 0.363208 0.039623 0.035849
54 0.185849 0.364151 0.050943 0.037736
55 0.233962 0.366981 0.033962 0.043396
56 0.283962 0.366038 0.039623 0.041509
57 0.319811 0.364151 0.028302 0.037736
58 0.344340 0.366038 0.009434 0.041509
59 0.373585 0.366981 0.022642 0.043396
60 0.008491 0.430189 0.009434 0.041509
61 0.042453 0.435849 0.024528 0.052830
62 0.070755 0.424528 0.028302 0.030189
63 0.089623 0.415094 0.005660 0.011321
64 0.106604 0.422642 0.016981 0.026415
65 0.129245 0.431132 0.020755 0.043396
66 0.150943 0.422642 0.018868 0.026415
67 0.175472 0.429245 0.022642 0.039623
68 0.212264 0.421698 0.020755 0.024528
69 0.245283 0.430189 0.015094 0.041509
70 0.017925 0.503774 0.024528 0.045283
71 0.046226 0.503774 0.028302 0.045283
72 0.069811 0.500000 0.011321 0.037736
73 0.084906 0.507547 0.015094 0.052830
74 0.105660 0.502830 0.022642 0.043396
75 0.139623 0.503774 0.011321 0.045283
76 0.166038 0.494340 0.037736 0.026415
77 0.215094 0.495283 0.026415 0.028302
78 0.245283 0.494340 0.022642 0.026415
79 0.282075 0.500000 0.024528 0.037736
80 0.016038 0.574528 0.024528 0.043396
81 0.049057 0.566981 0.015094 0.028302
82 0.068868 0.567925 0.013208 0.030189
83 0.099057 0.569811 0.016981 0.033962
84 0.120755 0.567925 0.022642 0.030189
85 0.161321 0.566981 0.024528 0.028302
86 0.208491 0.566981 0.035849 0.028302
87 0.243396 0.566038 0.026415 0.026415
88 0.283019 0.572642 0.022642 0.039623
89 0.318868 0.567925 0.018868 0.030189
90 0.011321 0.633962 0.015094 0.037736
91 0.033019 0.640566 0.001887 0.050943
92 0.056604 0.633962 0.011321 0.037736
93 0.090566 0.649057 0.030189 0.067925
