0 0.017925 0.038679 0.001887 0.039623
1 0.024528 0.033019 0.007547 0.028302
2 0.054717 0.038679 0.018868 0.039623
3 0.087736 0.041509 0.016981 0.045283
4 0.126415 0.038679 0.030189 0.039623
5 0.154717 0.038679 0.018868 0.039623
6 0.180189 0.033019 0.001887 0.028302
7 0.199057 0.038679 0.009434 0.039623
8 0.225472 0.038679 0.009434 0.039623
9 0.253774 0.027358 0.016981 0.016981
10 0.015094 0.092453 0.018868 0.018868
11 0.040566 0.091509 0.001887 0.016981
12 0.060377 0.088679 0.011321 0.011321
13 0.080189 0.097170 0.001887 0.028302
14 0.095283 0.102830 0.016981 0.039623
15 0.117925 0.102830 0.016981 0.039623
16 0.133962 0.102830 0.007547 0.039623
17 0.151887 0.102830 0.016981 0.039623
18 0.183962 0.102830 0.016981 0.039623
19 0.207547 0.102830 0.018868 0.039623
20 0.023585 0.161321 0.016981 0.039623
21 0.044340 0.161321 0.016981 0.039623
22 0.066981 0.161321 0.016981 0.039623
23 0.099057 0.161321 0.016981 0.039623
24 0.133019 0.161321 0.016981 0.039623
25 0.159434 0.154717 0.001887 0.026415
26 0.176415 0.154717 0.001887 0.026415
27 0.191509 0.150000 0.016981 0.016981
28 0.212264 0.146226 0.013208 0.009434
29 0.229245 0.150000 0.016981 0.016981
30 0.023585 0.219811 0.016981 0.039623
31 0.065094 0.221698 0.035849 0.043396
32 0.110377 0.219811 0.020755 0.039623
33 0.134906 0.219811 0.016981 0.039623
34 0.166981 0.219811 0.016981 0.039623
35 0.197170 0.219811 0.016981 0.039623
36 0.228302 0.219811 0.015094 0.039623
37 0.247170 0.219811 0.015094 0.039623
38 0.280189 0.219811 0.016981 0.039623
39 0.300943 0.219811 0.016981 0.039623
40 0.017925 0.282075 0.001887 0.039623
41 0.038679 0.282075 0.009434 0.039623
42 0.069811 0.282075 0.018868 0.039623
43 0.092453 0.282075 0.015094 0.039623
44 0.129245 0.282075 0.024528 0.039623
45 0.155660 0.282075 0.016981 0.039623
46 0.178302 0.282075 0.016981 0.039623
47 0.210377 0.282075 0.016981 0.039623
48 0.245283 0.282075 0.018868 0.039623
49 0.268868 0.282075 0.016981 0.039623
50 0.023585 0.340566 0.016981 0.039623
51 0.055660 0.340566 0.016981 0.039623
52 0.076415 0.340566 0.016981 0.039623
53 0.108491 0.340566 0.020755 0.039623
54 0.150943 0.340566 0.030189 0.039623
55 0.189623 0.340566 0.020755 0.039623
56 0.226415 0.340566 0.018868 0.039623
57 0.259434 0.340566 0.016981 0.039623
58 0.285849 0.340566 0.009434 0.039623
59 0.316038 0.340566 0.016981 0.039623
60 0.006604 0.399057 0.009434 0.039623
61 0.026415 0.396226 0.018868 0.033962
62 0.053774 0.386792 0.024528 0.015094
63 0.084906 0.387736 0.003774 0.016981
64 0.102830 0.399057 0.020755 0.039623
65 0.138679 0.399057 0.016981 0.039623
66 0.172642 0.399057 0.016981 0.039623
67 0.204717 0.399057 0.016981 0.039623
68 0.235849 0.399057 0.015094 0.039623
69 0.254717 0.399057 0.015094 0.039623
70 0.010377 0.457547 0.016981 0.039623
71 0.029245 0.457547 0.016981 0.039623
72 0.055660 0.457547 0.001887 0.039623
73 0.065094 0.457547 0.009434 0.039623
74 0.092453 0.457547 0.018868 0.039623
75 0.124528 0.457547 0.015094 0.039623
76 0.161321 0.457547 0.024528 0.039623
77 0.197170 0.457547 0.016981 0.039623
78 0.216038 0.457547 0.016981 0.039623
79 0.250000 0.457547 0.016981 0.039623
80 0.011321 0.516038 0.018868 0.039623
81 0.046226 0.516038 0.016981 0.039623
82 0.076415 0.516038 0.016981 0.039623
83 0.106604 0.516038 0.016981 0.039623
84 0.129245 0.516038 0.016981 0.039623
85 0.163208 0.516038 0.020755 0.039623
86 0.192453 0.516038 0.030189 0.039623
87 0.231132 0.516038 0.020755 0.039623
88 0.256604 0.516038 0.018868 0.039623
89 0.276415 0.516038 0.016981 0.039623
90 0.022642 0.574528 0.011321 0.039623
91 0.046226 0.575472 0.001887 0.041509
92 0.054717 0.574528 0.011321 0.039623
93 0.075472 0.571698 0.018868 0.033962
