94 0.015094 0.030189 0.022642 0.022642
95 0.041509 0.030189 0.018868 0.022642
96 0.064151 0.030189 0.022642 0.022642
97 0.088679 0.030189 0.022642 0.022642
98 0.129245 0.030189 0.024528 0.022642
99 0.167925 0.030189 0.026415 0.022642
100 0.194340 0.030189 0.018868 0.022642
101 0.218868 0.030189 0.018868 0.022642
102 0.252830 0.030189 0.022642 0.022642
103 0.287736 0.030189 0.020755 0.022642
104 0.017925 0.072642 0.024528 0.024528
105 0.061321 0.071698 0.035849 0.022642
106 0.111321 0.076415 0.037736 0.032075
107 0.158491 0.077358 0.026415 0.033962
108 0.188679 0.077358 0.026415 0.033962
109 0.227358 0.078302 0.024528 0.035849
110 0.256604 0.071698 0.026415 0.022642
111 0.305660 0.071698 0.037736 0.022642
112 0.345283 0.071698 0.037736 0.022642
113 0.391509 0.072642 0.024528 0.024528
114 0.025472 0.126415 0.024528 0.022642
115 0.062264 0.126415 0.022642 0.022642
116 0.100943 0.126415 0.024528 0.022642
117 0.125472 0.126415 0.020755 0.022642
118 0.163208 0.126415 0.024528 0.022642
119 0.191509 0.126415 0.024528 0.022642
120 0.222642 0.130189 0.026415 0.030189
121 0.250943 0.126415 0.026415 0.022642
122 0.292453 0.129245 0.026415 0.028302
123 0.321698 0.126415 0.028302 0.022642
124 0.032075 0.179245 0.030189 0.030189
125 0.064151 0.175472 0.026415 0.022642
126 0.105660 0.175472 0.026415 0.022642
127 0.145283 0.175472 0.022642 0.022642
128 0.172642 0.175472 0.020755 0.022642
129 0.198113 0.180189 0.022642 0.032075
130 0.235849 0.175472 0.022642 0.022642
131 0.275472 0.180189 0.026415 0.032075
132 0.315094 0.175472 0.018868 0.022642
133 0.353774 0.177358 0.028302 0.026415
134 0.031132 0.226415 0.028302 0.022642
135 0.061321 0.228302 0.028302 0.026415
136 0.089623 0.226415 0.024528 0.022642
137 0.131132 0.228302 0.032075 0.026415
138 0.175472 0.226415 0.022642 0.022642
139 0.200000 0.227358 0.022642 0.024528
140 0.238679 0.226415 0.020755 0.022642
141 0.277358 0.226415 0.022642 0.022642
142 0.300943 0.218868 0.020755 0.007547
143 0.323585 0.226415 0.016981 0.022642
144 0.018868 0.277358 0.026415 0.033962
145 0.045283 0.263208 0.018868 0.005660
146 0.066038 0.266038 0.018868 0.011321
147 0.100943 0.265094 0.020755 0.009434
148 0.127358 0.266038 0.020755 0.011321
149 0.156604 0.266981 0.007547 0.013208
150 0.173585 0.266038 0.015094 0.011321
151 0.186792 0.262264 0.003774 0.003774
152 0.207547 0.271698 0.007547 0.022642
153 0.226415 0.271698 0.018868 0.022642
154 0.026415 0.334906 0.018868 0.043396
155 0.049057 0.334906 0.018868 0.043396
156 0.083962 0.333962 0.020755 0.041509
157 0.117925 0.329245 0.016981 0.032075
158 0.141509 0.328302 0.018868 0.030189
159 0.176415 0.319811 0.020755 0.013208
160 0.200943 0.316981 0.001887 0.007547
161 0.226415 0.317925 0.015094 0.009434
162 0.248113 0.317925 0.016981 0.009434
163 0.263208 0.316981 0.009434 0.007547
164 0.009434 0.380189 0.011321 0.009434
165 0.020755 0.378302 0.007547 0.005660
166 0.034906 0.382075 0.009434 0.013208
167 0.050943 0.384906 0.018868 0.018868
168 0.077358 0.383962 0.022642 0.016981
169 0.105660 0.384906 0.022642 0.018868
170 0.135849 0.388679 0.026415 0.026415
171 0.164151 0.383962 0.026415 0.016981
172 0.205660 0.387736 0.030189 0.024528
173 0.249057 0.387736 0.030189 0.024528
174 0.011321 0.433019 0.018868 0.024528
175 0.051887 0.433019 0.035849 0.024528
176 0.099057 0.433019 0.032075 0.024528
177 0.150943 0.433962 0.037736 0.026415
178 0.189623 0.432075 0.028302 0.022642
179 0.240566 0.431132 0.043396 0.020755
180 0.281132 0.436792 0.026415 0.032075
