0 0.009434 0.037736 0.015094 0.037736
1 0.040566 0.044340 0.020755 0.050943
2 0.082075 0.036792 0.028302 0.035849
3 0.114151 0.042453 0.028302 0.047170
4 0.152830 0.036792 0.041509 0.035849
5 0.197170 0.040566 0.043396 0.043396
6 0.237736 0.044340 0.007547 0.050943
7 0.255660 0.043396 0.020755 0.049057
8 0.290566 0.042453 0.022642 0.047170
9 0.316038 0.028302 0.020755 0.018868
10 0.013208 0.100000 0.022642 0.022642
11 0.043396 0.111321 0.011321 0.045283
12 0.059434 0.105660 0.013208 0.033962
13 0.083019 0.112264 0.007547 0.047170
14 0.102830 0.108491 0.020755 0.039623
15 0.129245 0.106604 0.028302 0.035849
16 0.167925 0.106604 0.022642 0.035849
17 0.198113 0.106604 0.030189 0.035849
18 0.230189 0.108491 0.030189 0.039623
19 0.275472 0.108491 0.030189 0.039623
20 0.021698 0.174528 0.032075 0.039623
21 0.068868 0.174528 0.032075 0.039623
22 0.103774 0.174528 0.030189 0.039623
23 0.134906 0.172642 0.028302 0.035849
24 0.168868 0.174528 0.032075 0.039623
25 0.193396 0.166038 0.013208 0.022642
26 0.222642 0.168868 0.015094 0.028302
27 0.245283 0.165094 0.022642 0.020755
28 0.281132 0.161321 0.022642 0.013208
29 0.318868 0.166038 0.022642 0.022642
30 0.016038 0.232075 0.020755 0.037736
31 0.047170 0.233019 0.037736 0.039623
32 0.100000 0.232075 0.037736 0.037736
33 0.154717 0.232075 0.037736 0.037736
34 0.205660 0.232075 0.037736 0.037736
35 0.264151 0.232075 0.045283 0.037736
36 0.310377 0.232075 0.039623 0.037736
37 0.366038 0.232075 0.037736 0.037736
38 0.416981 0.232075 0.037736 0.037736
39 0.474528 0.232075 0.050943 0.037736
40 0.029245 0.290566 0.028302 0.037736
41 0.074528 0.296226 0.035849 0.049057
42 0.132075 0.290566 0.049057 0.037736
43 0.178302 0.290566 0.032075 0.037736
44 0.238679 0.290566 0.058491 0.037736
45 0.309434 0.290566 0.049057 0.037736
46 0.369811 0.290566 0.037736 0.037736
47 0.411321 0.290566 0.037736 0.037736
48 0.467925 0.297170 0.041509 0.050943
49 0.520755 0.290566 0.037736 0.037736
50 0.020755 0.360377 0.030189 0.037736
51 0.060377 0.361321 0.037736 0.039623
52 0.103774 0.360377 0.041509 0.037736
53 0.146226 0.360377 0.039623 0.037736
54 0.199057 0.360377 0.058491 0.037736
55 0.254717 0.360377 0.045283 0.037736
56 0.313208 0.360377 0.037736 0.037736
57 0.359434 0.360377 0.043396 0.037736
58 0.409434 0.365094 0.022642 0.047170
59 0.429245 0.361321 0.013208 0.039623
60 0.024528 0.431132 0.022642 0.047170
61 0.062264 0.428302 0.018868 0.041509
62 0.099057 0.415094 0.028302 0.015094
63 0.133962 0.424528 0.007547 0.033962
64 0.154717 0.419811 0.026415 0.024528
65 0.197170 0.428302 0.024528 0.041509
66 0.236792 0.418868 0.020755 0.022642
67 0.277358 0.428302 0.033962 0.041509
68 0.318868 0.418868 0.022642 0.022642
69 0.363208 0.435849 0.039623 0.056604
70 0.030189 0.501887 0.030189 0.037736
71 0.060377 0.503774 0.026415 0.041509
72 0.095283 0.500943 0.016981 0.035849
73 0.131132 0.508491 0.028302 0.050943
74 0.176415 0.503774 0.028302 0.041509
75 0.215094 0.503774 0.018868 0.041509
76 0.261321 0.494340 0.039623 0.022642
77 0.311321 0.494340 0.026415 0.022642
78 0.341509 0.494340 0.022642 0.022642
79 0.384906 0.503774 0.033962 0.041509
80 0.016038 0.573585 0.028302 0.041509
81 0.055660 0.564151 0.020755 0.022642
82 0.088679 0.564151 0.018868 0.022642
83 0.111321 0.566981 0.018868 0.028302
84 0.147170 0.564151 0.026415 0.022642
85 0.188679 0.564151 0.022642 0.022642
86 0.234906 0.564151 0.035849 0.022642
87 0.282075 0.564151 0.028302 0.022642
88 0.316981 0.571698 0.030189 0.037736
89 0.358491 0.564151 0.026415 0.022642
90 0.023585 0.637736 0.020755 0.049057
91 0.051887 0.641509 0.005660 0.056604
92 0.071698 0.637736 0.022642 0.049057
93 0.111321 0.647170 0.022642 0.067925
