94 0.013208 0.032075 0.022642 0.026415
95 0.050000 0.032075 0.020755 0.026415
96 0.089623 0.032075 0.024528 0.026415
97 0.116981 0.032075 0.022642 0.026415
98 0.155660 0.032075 0.024528 0.026415
99 0.197170 0.032075 0.024528 0.026415
100 0.232075 0.032075 0.018868 0.026415
101 0.252830 0.032075 0.018868 0.026415
102 0.287736 0.032075 0.024528 0.026415
103 0.312264 0.033019 0.020755 0.028302
104 0.027358 0.080189 0.024528 0.028302
105 0.062264 0.079245 0.033962 0.026415
106 0.096226 0.079245 0.030189 0.026415
107 0.126415 0.079245 0.022642 0.026415
108 0.164151 0.079245 0.022642 0.026415
109 0.190566 0.079245 0.022642 0.026415
110 0.218868 0.079245 0.026415 0.026415
111 0.263208 0.079245 0.032075 0.026415
112 0.297170 0.079245 0.032075 0.026415
113 0.327358 0.079245 0.024528 0.026415
114 0.016038 0.126415 0.024528 0.026415
115 0.040566 0.127358 0.020755 0.028302
116 0.068868 0.126415 0.024528 0.026415
117 0.108491 0.126415 0.020755 0.026415
118 0.133962 0.126415 0.026415 0.026415
119 0.165094 0.126415 0.024528 0.026415
120 0.194340 0.128302 0.026415 0.030189
121 0.223585 0.126415 0.020755 0.026415
122 0.259434 0.128302 0.020755 0.030189
123 0.296226 0.127358 0.026415 0.028302
124 0.029245 0.177358 0.028302 0.030189
125 0.069811 0.175472 0.022642 0.026415
126 0.099057 0.176415 0.024528 0.028302
127 0.124528 0.176415 0.022642 0.028302
128 0.159434 0.175472 0.016981 0.026415
129 0.184906 0.178302 0.022642 0.032075
130 0.213208 0.175472 0.022642 0.026415
131 0.252830 0.178302 0.022642 0.032075
132 0.285849 0.175472 0.013208 0.026415
133 0.309434 0.176415 0.022642 0.028302
134 0.028302 0.226415 0.026415 0.026415
135 0.058491 0.226415 0.022642 0.026415
136 0.097170 0.227358 0.024528 0.028302
137 0.140566 0.226415 0.028302 0.026415
138 0.183019 0.226415 0.022642 0.026415
139 0.211321 0.226415 0.022642 0.026415
140 0.235849 0.226415 0.018868 0.026415
141 0.251887 0.223585 0.009434 0.020755
142 0.282075 0.216038 0.020755 0.005660
143 0.304717 0.226415 0.013208 0.026415
144 0.017925 0.278302 0.024528 0.035849
145 0.044340 0.265094 0.020755 0.009434
146 0.067925 0.265094 0.022642 0.009434
147 0.096226 0.264151 0.022642 0.007547
148 0.135849 0.265094 0.022642 0.009434
149 0.164151 0.265094 0.007547 0.009434
150 0.179245 0.265094 0.011321 0.009434
151 0.204717 0.263208 0.005660 0.005660
152 0.226415 0.273585 0.011321 0.026415
153 0.250000 0.273585 0.024528 0.026415
154 0.022642 0.331132 0.015094 0.032075
155 0.039623 0.331132 0.015094 0.032075
156 0.055660 0.332075 0.013208 0.033962
157 0.072642 0.331132 0.013208 0.032075
158 0.091509 0.328302 0.016981 0.026415
159 0.113208 0.320755 0.015094 0.011321
160 0.130189 0.317925 0.007547 0.005660
161 0.147170 0.318868 0.018868 0.007547
162 0.166038 0.319811 0.015094 0.009434
163 0.195283 0.318868 0.009434 0.007547
164 0.012264 0.372642 0.013208 0.009434
165 0.041509 0.371698 0.011321 0.007547
166 0.066038 0.372642 0.011321 0.009434
167 0.095283 0.377358 0.016981 0.018868
168 0.127358 0.381132 0.016981 0.026415
169 0.158491 0.381132 0.011321 0.026415
170 0.189623 0.381132 0.016981 0.026415
171 0.219811 0.381132 0.016981 0.026415
172 0.238679 0.381132 0.016981 0.026415
173 0.270755 0.381132 0.016981 0.026415
174 0.012264 0.426415 0.016981 0.026415
175 0.044340 0.425472 0.016981 0.024528
176 0.065094 0.426415 0.016981 0.026415
177 0.099057 0.425472 0.016981 0.024528
178 0.125472 0.426415 0.028302 0.026415
179 0.163208 0.423585 0.043396 0.020755
180 0.210377 0.431132 0.016981 0.035849
