94 0.016038 0.031132 0.020755 0.024528
95 0.037736 0.031132 0.018868 0.024528
96 0.069811 0.031132 0.018868 0.024528
97 0.101887 0.031132 0.018868 0.024528
98 0.135849 0.031132 0.018868 0.024528
99 0.167925 0.031132 0.018868 0.024528
100 0.187736 0.031132 0.013208 0.024528
101 0.216038 0.031132 0.016981 0.024528
102 0.242453 0.031132 0.024528 0.024528
103 0.270755 0.031132 0.020755 0.024528
104 0.012264 0.074528 0.020755 0.024528
105 0.042453 0.074528 0.028302 0.024528
106 0.083962 0.079245 0.028302 0.033962
107 0.114151 0.078302 0.020755 0.032075
108 0.148113 0.079245 0.020755 0.033962
109 0.167925 0.079245 0.015094 0.033962
110 0.192453 0.074528 0.022642 0.024528
111 0.230189 0.074528 0.026415 0.024528
112 0.278302 0.074528 0.035849 0.024528
113 0.307547 0.074528 0.018868 0.024528
114 0.026415 0.127358 0.018868 0.024528
115 0.059434 0.127358 0.020755 0.024528
116 0.096226 0.127358 0.022642 0.024528
117 0.117925 0.127358 0.013208 0.024528
118 0.141509 0.127358 0.026415 0.024528
119 0.181132 0.127358 0.022642 0.024528
120 0.205660 0.129245 0.022642 0.028302
121 0.230189 0.127358 0.018868 0.024528
122 0.264151 0.129245 0.018868 0.028302
123 0.302830 0.127358 0.024528 0.024528
124 0.016038 0.176415 0.024528 0.028302
125 0.055660 0.174528 0.020755 0.024528
126 0.088679 0.174528 0.018868 0.024528
127 0.113208 0.174528 0.018868 0.024528
128 0.133019 0.174528 0.013208 0.024528
129 0.153774 0.179245 0.020755 0.033962
130 0.179245 0.174528 0.018868 0.024528
131 0.216038 0.179245 0.020755 0.033962
132 0.246226 0.174528 0.013208 0.024528
133 0.267925 0.176415 0.018868 0.028302
134 0.029245 0.227358 0.024528 0.024528
135 0.066038 0.229245 0.018868 0.028302
136 0.088679 0.227358 0.022642 0.024528
137 0.127358 0.227358 0.028302 0.024528
138 0.168868 0.227358 0.020755 0.024528
139 0.193396 0.227358 0.020755 0.024528
140 0.216038 0.227358 0.013208 0.024528
141 0.246226 0.227358 0.013208 0.024528
142 0.276415 0.218868 0.013208 0.007547
143 0.290566 0.227358 0.011321 0.024528
144 0.016038 0.281132 0.024528 0.037736
145 0.052830 0.266981 0.015094 0.009434
146 0.083962 0.267925 0.016981 0.011321
147 0.106604 0.267925 0.016981 0.011321
148 0.131132 0.266981 0.020755 0.009434
149 0.160377 0.266981 0.007547 0.009434
150 0.174528 0.267925 0.013208 0.011321
151 0.199057 0.266981 0.009434 0.009434
152 0.214151 0.274528 0.009434 0.024528
153 0.232075 0.274528 0.022642 0.024528
154 0.010377 0.337736 0.016981 0.037736
155 0.041509 0.337736 0.018868 0.037736
156 0.076415 0.337736 0.016981 0.037736
157 0.096226 0.335849 0.011321 0.033962
158 0.124528 0.331132 0.011321 0.024528
159 0.140566 0.326415 0.013208 0.015094
160 0.162264 0.323585 0.003774 0.009434
161 0.183962 0.324528 0.013208 0.011321
162 0.204717 0.323585 0.016981 0.009434
163 0.218868 0.323585 0.007547 0.009434
164 0.020755 0.379245 0.011321 0.007547
165 0.046226 0.381132 0.009434 0.011321
166 0.075472 0.381132 0.015094 0.011321
167 0.096226 0.383019 0.015094 0.015094
168 0.133019 0.387736 0.028302 0.024528
169 0.156604 0.386792 0.007547 0.022642
170 0.181132 0.386792 0.015094 0.022642
171 0.209434 0.387736 0.015094 0.024528
172 0.226415 0.387736 0.015094 0.024528
173 0.256604 0.387736 0.015094 0.024528
174 0.027358 0.431132 0.024528 0.024528
175 0.059434 0.431132 0.013208 0.024528
176 0.077358 0.431132 0.018868 0.024528
177 0.112264 0.431132 0.016981 0.024528
178 0.145283 0.431132 0.018868 0.024528
179 0.180189 0.430189 0.043396 0.022642
180 0.225472 0.433962 0.016981 0.030189
