94 0.022642 0.030189 0.018868 0.022642
95 0.055660 0.030189 0.016981 0.022642
96 0.078302 0.030189 0.020755 0.022642
97 0.111321 0.030189 0.018868 0.022642
98 0.145283 0.029245 0.018868 0.020755
99 0.183962 0.030189 0.024528 0.022642
100 0.204717 0.030189 0.013208 0.022642
101 0.223585 0.030189 0.016981 0.022642
102 0.243396 0.030189 0.018868 0.022642
103 0.264151 0.030189 0.018868 0.022642
104 0.014151 0.071698 0.020755 0.022642
105 0.055660 0.071698 0.028302 0.022642
106 0.096226 0.076415 0.026415 0.032075
107 0.125472 0.077358 0.024528 0.033962
108 0.151887 0.077358 0.024528 0.033962
109 0.191509 0.077358 0.024528 0.033962
110 0.233962 0.071698 0.026415 0.022642
111 0.263208 0.071698 0.028302 0.022642
112 0.296226 0.071698 0.026415 0.022642
113 0.322642 0.071698 0.018868 0.022642
114 0.011321 0.123585 0.018868 0.020755
115 0.047170 0.124528 0.018868 0.022642
116 0.080189 0.124528 0.020755 0.022642
117 0.104717 0.124528 0.016981 0.022642
118 0.124528 0.124528 0.018868 0.022642
119 0.146226 0.124528 0.020755 0.022642
120 0.171698 0.128302 0.022642 0.030189
121 0.197170 0.124528 0.020755 0.022642
122 0.233962 0.128302 0.022642 0.030189
123 0.262264 0.124528 0.022642 0.022642
124 0.017925 0.177358 0.024528 0.030189
125 0.043396 0.173585 0.022642 0.022642
126 0.071698 0.173585 0.022642 0.022642
127 0.094340 0.173585 0.018868 0.022642
128 0.126415 0.173585 0.015094 0.022642
129 0.157547 0.178302 0.016981 0.032075
130 0.180189 0.173585 0.016981 0.022642
131 0.213208 0.178302 0.022642 0.032075
132 0.235849 0.173585 0.015094 0.022642
133 0.259434 0.173585 0.020755 0.022642
134 0.028302 0.224528 0.022642 0.022642
135 0.062264 0.224528 0.018868 0.022642
136 0.099057 0.224528 0.020755 0.022642
137 0.127358 0.226415 0.024528 0.026415
138 0.161321 0.224528 0.016981 0.022642
139 0.192453 0.224528 0.018868 0.022642
140 0.212264 0.224528 0.016981 0.022642
141 0.231132 0.224528 0.016981 0.022642
142 0.251887 0.216981 0.016981 0.007547
143 0.281132 0.224528 0.011321 0.022642
144 0.011321 0.275472 0.018868 0.033962
145 0.031132 0.262264 0.016981 0.007547
146 0.062264 0.263208 0.018868 0.009434
147 0.096226 0.264151 0.018868 0.011321
148 0.128302 0.264151 0.018868 0.011321
149 0.146226 0.264151 0.009434 0.011321
150 0.170755 0.264151 0.013208 0.011321
151 0.195283 0.260377 0.001887 0.003774
152 0.203774 0.269811 0.007547 0.022642
153 0.219811 0.269811 0.016981 0.022642
154 0.010377 0.330189 0.013208 0.037736
155 0.028302 0.330189 0.011321 0.037736
156 0.056604 0.329245 0.011321 0.035849
157 0.082075 0.327358 0.013208 0.032075
158 0.111321 0.326415 0.015094 0.030189
159 0.131132 0.314151 0.013208 0.005660
160 0.154717 0.315094 0.003774 0.007547
161 0.180189 0.316038 0.013208 0.009434
162 0.196226 0.315094 0.015094 0.007547
163 0.222642 0.315094 0.007547 0.007547
164 0.020755 0.373585 0.011321 0.011321
165 0.032075 0.371698 0.007547 0.007547
166 0.045283 0.372642 0.007547 0.009434
167 0.062264 0.377358 0.018868 0.018868
168 0.083019 0.376415 0.018868 0.016981
169 0.116038 0.377358 0.020755 0.018868
170 0.144340 0.381132 0.024528 0.026415
171 0.174528 0.376415 0.024528 0.016981
172 0.214151 0.380189 0.028302 0.024528
173 0.257547 0.380189 0.028302 0.024528
174 0.015094 0.425472 0.018868 0.024528
175 0.040566 0.425472 0.028302 0.024528
176 0.074528 0.425472 0.028302 0.024528
177 0.106604 0.426415 0.028302 0.026415
178 0.146226 0.424528 0.020755 0.022642
179 0.181132 0.419811 0.037736 0.013208
180 0.223585 0.427358 0.020755 0.028302
