0 0.005660 0.036792 0.007547 0.035849
1 0.034906 0.047170 0.020755 0.056604
2 0.067925 0.038679 0.033962 0.039623
3 0.100000 0.036792 0.018868 0.035849
4 0.144340 0.036792 0.035849 0.035849
5 0.190566 0.036792 0.026415 0.035849
6 0.220755 0.047170 0.007547 0.056604
7 0.233962 0.041509 0.011321 0.045283
8 0.259434 0.041509 0.009434 0.045283
9 0.286792 0.028302 0.018868 0.018868
10 0.030189 0.109434 0.030189 0.030189
11 0.052830 0.114151 0.007547 0.039623
12 0.064151 0.111321 0.007547 0.033962
13 0.075472 0.113208 0.007547 0.037736
14 0.092453 0.117925 0.015094 0.047170
15 0.122642 0.112264 0.018868 0.035849
16 0.143396 0.112264 0.015094 0.035849
17 0.164151 0.112264 0.018868 0.035849
18 0.200000 0.112264 0.018868 0.035849
19 0.220755 0.112264 0.018868 0.035849
20 0.011321 0.177358 0.018868 0.033962
21 0.045283 0.178302 0.018868 0.035849
22 0.077358 0.178302 0.018868 0.035849
23 0.109434 0.178302 0.018868 0.035849
24 0.132075 0.178302 0.018868 0.035849
25 0.149057 0.172642 0.007547 0.024528
26 0.169811 0.175472 0.007547 0.030189
27 0.205660 0.174528 0.030189 0.028302
28 0.237736 0.168868 0.030189 0.016981
29 0.281132 0.174528 0.030189 0.028302
30 0.023585 0.233019 0.016981 0.035849
31 0.051887 0.233019 0.035849 0.035849
32 0.095283 0.233019 0.024528 0.035849
33 0.133019 0.233019 0.020755 0.035849
34 0.165094 0.233019 0.016981 0.035849
35 0.200943 0.233019 0.020755 0.035849
36 0.221698 0.233019 0.016981 0.035849
37 0.244340 0.233019 0.016981 0.035849
38 0.277358 0.233019 0.022642 0.035849
39 0.313208 0.233019 0.022642 0.035849
40 0.020755 0.287736 0.011321 0.035849
41 0.038679 0.290566 0.016981 0.041509
42 0.072642 0.287736 0.024528 0.035849
43 0.097170 0.287736 0.016981 0.035849
44 0.120755 0.287736 0.026415 0.035849
45 0.161321 0.287736 0.024528 0.035849
46 0.187736 0.287736 0.020755 0.035849
47 0.215094 0.287736 0.022642 0.035849
48 0.242453 0.292453 0.020755 0.045283
49 0.269811 0.287736 0.022642 0.035849
50 0.015094 0.351887 0.018868 0.035849
51 0.040566 0.351887 0.020755 0.035849
52 0.077358 0.351887 0.018868 0.035849
53 0.103774 0.351887 0.022642 0.035849
54 0.150000 0.351887 0.039623 0.035849
55 0.193396 0.351887 0.020755 0.035849
56 0.232075 0.351887 0.022642 0.035849
57 0.267925 0.351887 0.018868 0.035849
58 0.299057 0.358491 0.009434 0.049057
59 0.327358 0.357547 0.013208 0.047170
60 0.010377 0.426415 0.009434 0.049057
61 0.041509 0.422642 0.022642 0.041509
62 0.068868 0.416981 0.028302 0.030189
63 0.100000 0.413208 0.007547 0.022642
64 0.116981 0.414151 0.018868 0.024528
65 0.149057 0.419811 0.018868 0.035849
66 0.170755 0.414151 0.016981 0.024528
67 0.193396 0.419811 0.020755 0.035849
68 0.226415 0.414151 0.018868 0.024528
69 0.243396 0.419811 0.011321 0.035849
70 0.024528 0.487736 0.022642 0.035849
71 0.050000 0.487736 0.020755 0.035849
72 0.066981 0.487736 0.009434 0.035849
73 0.082075 0.493396 0.009434 0.047170
74 0.110377 0.487736 0.020755 0.035849
75 0.143396 0.487736 0.011321 0.035849
76 0.178302 0.482075 0.032075 0.024528
77 0.217925 0.482075 0.020755 0.024528
78 0.255660 0.482075 0.020755 0.024528
79 0.288679 0.487736 0.018868 0.035849
80 0.012264 0.553774 0.020755 0.035849
81 0.044340 0.548113 0.016981 0.024528
82 0.076415 0.548113 0.013208 0.024528
83 0.103774 0.551887 0.011321 0.032075
84 0.121698 0.548113 0.020755 0.024528
85 0.144340 0.548113 0.020755 0.024528
86 0.183019 0.548113 0.030189 0.024528
87 0.211321 0.548113 0.018868 0.024528
88 0.248113 0.553774 0.020755 0.035849
89 0.270755 0.548113 0.016981 0.024528
90 0.008491 0.615094 0.013208 0.049057
91 0.032075 0.614151 0.003774 0.047170
92 0.058491 0.615094 0.015094 0.049057
93 0.096226 0.613208 0.030189 0.045283
