0 0.022642 0.035849 0.011321 0.033962
1 0.036792 0.035849 0.013208 0.033962
2 0.071698 0.033962 0.022642 0.030189
3 0.110377 0.035849 0.020755 0.033962
4 0.140566 0.035849 0.032075 0.033962
5 0.176415 0.035849 0.035849 0.033962
6 0.213208 0.035849 0.003774 0.033962
7 0.235849 0.040566 0.015094 0.043396
8 0.254717 0.041509 0.015094 0.045283
9 0.284906 0.026415 0.015094 0.015094
10 0.017925 0.096226 0.024528 0.026415
11 0.035849 0.102830 0.007547 0.039623
12 0.058491 0.088679 0.011321 0.011321
13 0.068868 0.097170 0.005660 0.028302
14 0.084906 0.101887 0.018868 0.037736
15 0.106604 0.097170 0.020755 0.028302
16 0.140566 0.097170 0.013208 0.028302
17 0.161321 0.097170 0.020755 0.028302
18 0.195283 0.099057 0.020755 0.032075
19 0.219811 0.099057 0.020755 0.032075
20 0.014151 0.157547 0.020755 0.032075
21 0.052830 0.158491 0.022642 0.033962
22 0.081132 0.157547 0.022642 0.032075
23 0.107547 0.158491 0.022642 0.033962
24 0.133962 0.158491 0.022642 0.033962
25 0.164151 0.152830 0.007547 0.022642
26 0.178302 0.154717 0.009434 0.026415
27 0.207547 0.153774 0.022642 0.024528
28 0.247170 0.147170 0.026415 0.011321
29 0.275472 0.153774 0.022642 0.024528
30 0.009434 0.211321 0.015094 0.033962
31 0.035849 0.212264 0.033962 0.035849
32 0.082075 0.211321 0.032075 0.033962
33 0.115094 0.211321 0.026415 0.033962
34 0.160377 0.211321 0.030189 0.033962
35 0.205660 0.211321 0.033962 0.033962
36 0.238679 0.211321 0.028302 0.033962
37 0.283019 0.211321 0.026415 0.033962
38 0.313208 0.211321 0.030189 0.033962
39 0.350943 0.211321 0.037736 0.033962
40 0.025472 0.266038 0.016981 0.033962
41 0.047170 0.269811 0.018868 0.041509
42 0.086792 0.266038 0.033962 0.033962
43 0.129245 0.266038 0.024528 0.033962
44 0.170755 0.266038 0.047170 0.033962
45 0.219811 0.266038 0.039623 0.033962
46 0.257547 0.266038 0.032075 0.033962
47 0.304717 0.266038 0.028302 0.033962
48 0.340566 0.269811 0.032075 0.041509
49 0.372642 0.266038 0.028302 0.033962
50 0.023585 0.326415 0.020755 0.033962
51 0.053774 0.326415 0.028302 0.033962
52 0.085849 0.327358 0.032075 0.035849
53 0.124528 0.326415 0.033962 0.033962
54 0.178302 0.326415 0.047170 0.033962
55 0.223585 0.326415 0.035849 0.033962
56 0.262264 0.326415 0.030189 0.033962
57 0.308491 0.326415 0.032075 0.033962
58 0.347170 0.332075 0.015094 0.045283
59 0.366981 0.328302 0.013208 0.037736
60 0.025472 0.396226 0.016981 0.045283
61 0.050000 0.396226 0.020755 0.045283
62 0.086792 0.381132 0.026415 0.015094
63 0.119811 0.384906 0.005660 0.022642
64 0.135849 0.384906 0.022642 0.022642
65 0.170755 0.392453 0.020755 0.037736
66 0.195283 0.384906 0.016981 0.022642
67 0.229245 0.392453 0.024528 0.037736
68 0.252830 0.384906 0.018868 0.022642
69 0.292453 0.399057 0.030189 0.050943
70 0.028302 0.461321 0.026415 0.035849
71 0.066038 0.462264 0.022642 0.037736
72 0.095283 0.459434 0.009434 0.032075
73 0.114151 0.466038 0.016981 0.045283
74 0.147170 0.462264 0.022642 0.037736
75 0.176415 0.462264 0.009434 0.037736
76 0.212264 0.454717 0.035849 0.022642
77 0.246226 0.454717 0.020755 0.022642
78 0.267925 0.454717 0.018868 0.022642
79 0.296226 0.462264 0.026415 0.037736
80 0.027358 0.525472 0.020755 0.035849
81 0.059434 0.518868 0.016981 0.022642
82 0.090566 0.518868 0.015094 0.022642
83 0.106604 0.522642 0.013208 0.030189
84 0.126415 0.518868 0.022642 0.022642
85 0.160377 0.518868 0.018868 0.022642
86 0.200000 0.518868 0.030189 0.022642
87 0.244340 0.518868 0.024528 0.022642
88 0.283962 0.525472 0.024528 0.035849
89 0.321698 0.518868 0.020755 0.022642
90 0.010377 0.584906 0.013208 0.045283
91 0.019811 0.588679 0.001887 0.052830
92 0.042453 0.584906 0.013208 0.045283
93 0.063208 0.579245 0.024528 0.033962
