94 0.011321 0.030189 0.018868 0.022642
95 0.043396 0.030189 0.018868 0.022642
96 0.064151 0.030189 0.018868 0.022642
97 0.087736 0.030189 0.016981 0.022642
98 0.109434 0.030189 0.018868 0.022642
99 0.146226 0.030189 0.020755 0.022642
100 0.170755 0.030189 0.016981 0.022642
101 0.200943 0.030189 0.016981 0.022642
102 0.233962 0.030189 0.018868 0.022642
103 0.275472 0.042453 0.033962 0.047170
104 0.033019 0.108491 0.035849 0.047170
105 0.079245 0.096226 0.030189 0.022642
106 0.115094 0.100943 0.030189 0.032075
107 0.161321 0.103774 0.028302 0.037736
108 0.205660 0.104717 0.026415 0.039623
109 0.233962 0.104717 0.022642 0.039623
110 0.269811 0.096226 0.022642 0.022642
111 0.299057 0.096226 0.032075 0.022642
112 0.344340 0.096226 0.032075 0.022642
113 0.374528 0.096226 0.016981 0.022642
114 0.015094 0.162264 0.018868 0.022642
115 0.049057 0.162264 0.018868 0.022642
116 0.069811 0.162264 0.018868 0.022642
117 0.100943 0.162264 0.016981 0.022642
118 0.121698 0.162264 0.020755 0.022642
119 0.143396 0.162264 0.018868 0.022642
120 0.190566 0.174528 0.041509 0.047170
121 0.237736 0.162264 0.018868 0.022642
122 0.285849 0.174528 0.043396 0.047170
123 0.332075 0.162264 0.022642 0.022642
124 0.035849 0.240566 0.045283 0.047170
125 0.084906 0.228302 0.022642 0.022642
126 0.108491 0.228302 0.020755 0.022642
127 0.130189 0.228302 0.018868 0.022642
128 0.149057 0.227358 0.015094 0.020755
129 0.189623 0.236792 0.032075 0.039623
130 0.220755 0.228302 0.018868 0.022642
131 0.261321 0.236792 0.032075 0.039623
132 0.290566 0.228302 0.015094 0.022642
133 0.333019 0.240566 0.035849 0.047170
134 0.025472 0.294340 0.024528 0.022642
135 0.070755 0.306604 0.035849 0.047170
136 0.104717 0.294340 0.020755 0.022642
137 0.145283 0.300943 0.030189 0.035849
138 0.183019 0.294340 0.018868 0.022642
139 0.204717 0.296226 0.020755 0.026415
140 0.233019 0.302830 0.028302 0.039623
141 0.269811 0.292453 0.015094 0.018868
142 0.300000 0.296226 0.037736 0.026415
143 0.328302 0.294340 0.015094 0.022642
144 0.013208 0.366038 0.022642 0.033962
145 0.040566 0.363208 0.024528 0.028302
146 0.071698 0.363208 0.026415 0.028302
147 0.112264 0.363208 0.028302 0.028302
148 0.143396 0.363208 0.026415 0.028302
149 0.172642 0.362264 0.028302 0.026415
150 0.197170 0.363208 0.013208 0.028302
151 0.221698 0.350943 0.001887 0.003774
152 0.230189 0.360377 0.007547 0.022642
153 0.259434 0.360377 0.016981 0.022642
154 0.026415 0.428302 0.022642 0.052830
155 0.047170 0.427358 0.011321 0.050943
156 0.065094 0.428302 0.020755 0.052830
157 0.107547 0.421698 0.030189 0.039623
158 0.154717 0.420755 0.030189 0.037736
159 0.184906 0.419811 0.026415 0.035849
160 0.213208 0.407547 0.003774 0.011321
161 0.244340 0.411321 0.024528 0.018868
162 0.279245 0.413208 0.018868 0.022642
163 0.307547 0.406604 0.011321 0.009434
164 0.033019 0.485849 0.032075 0.024528
165 0.058491 0.477358 0.007547 0.007547
166 0.084906 0.483962 0.018868 0.020755
167 0.121698 0.483962 0.020755 0.020755
168 0.156604 0.483019 0.018868 0.018868
169 0.193396 0.484906 0.024528 0.022642
170 0.230189 0.491509 0.037736 0.035849
171 0.263208 0.482075 0.020755 0.016981
172 0.291509 0.488679 0.028302 0.030189
173 0.334906 0.490566 0.032075 0.033962
174 0.029245 0.545283 0.032075 0.033962
175 0.061321 0.545283 0.028302 0.033962
176 0.105660 0.542453 0.026415 0.028302
177 0.135849 0.544340 0.030189 0.032075
178 0.183962 0.545283 0.039623 0.033962
179 0.243396 0.538679 0.045283 0.020755
180 0.283019 0.555660 0.026415 0.054717
