94 0.028302 0.033962 0.022642 0.030189
95 0.066038 0.033962 0.018868 0.030189
96 0.087736 0.033962 0.020755 0.030189
97 0.114151 0.033962 0.024528 0.030189
98 0.140566 0.033962 0.024528 0.030189
99 0.177358 0.033962 0.022642 0.030189
100 0.201887 0.033962 0.022642 0.030189
101 0.226415 0.033962 0.022642 0.030189
102 0.264151 0.033962 0.022642 0.030189
103 0.291509 0.033962 0.020755 0.030189
104 0.028302 0.083019 0.022642 0.030189
105 0.074528 0.083019 0.039623 0.030189
106 0.119811 0.087736 0.039623 0.039623
107 0.157547 0.088679 0.024528 0.041509
108 0.197170 0.088679 0.024528 0.041509
109 0.237736 0.088679 0.026415 0.041509
110 0.266038 0.083019 0.022642 0.030189
111 0.299057 0.083019 0.039623 0.030189
112 0.351887 0.083019 0.039623 0.030189
113 0.388679 0.083019 0.022642 0.030189
114 0.014151 0.143396 0.024528 0.030189
115 0.054717 0.143396 0.022642 0.030189
116 0.093396 0.143396 0.020755 0.030189
117 0.119811 0.143396 0.020755 0.030189
118 0.146226 0.143396 0.020755 0.030189
119 0.180189 0.143396 0.020755 0.030189
120 0.204717 0.148113 0.020755 0.039623
121 0.241509 0.143396 0.026415 0.030189
122 0.269811 0.148113 0.026415 0.039623
123 0.300943 0.143396 0.028302 0.030189
124 0.016038 0.206604 0.028302 0.039623
125 0.044340 0.201887 0.024528 0.030189
126 0.072642 0.201887 0.020755 0.030189
127 0.098113 0.201887 0.022642 0.030189
128 0.133962 0.201887 0.018868 0.030189
129 0.160377 0.207547 0.022642 0.041509
130 0.195283 0.201887 0.020755 0.030189
131 0.231132 0.207547 0.024528 0.041509
132 0.257547 0.201887 0.020755 0.030189
133 0.283962 0.201887 0.028302 0.030189
134 0.016981 0.262264 0.026415 0.030189
135 0.049057 0.262264 0.026415 0.030189
136 0.087736 0.262264 0.020755 0.030189
137 0.118868 0.262264 0.030189 0.030189
138 0.160377 0.262264 0.022642 0.030189
139 0.188679 0.262264 0.026415 0.030189
140 0.228302 0.262264 0.018868 0.030189
141 0.259434 0.257547 0.016981 0.020755
142 0.292453 0.250943 0.018868 0.007547
143 0.311321 0.262264 0.015094 0.030189
144 0.033019 0.317925 0.032075 0.043396
145 0.070755 0.298113 0.016981 0.003774
146 0.093396 0.299057 0.016981 0.005660
147 0.116981 0.300943 0.018868 0.009434
148 0.140566 0.299057 0.016981 0.005660
149 0.154717 0.302830 0.007547 0.013208
150 0.168868 0.302830 0.013208 0.013208
151 0.182075 0.299057 0.005660 0.005660
152 0.205660 0.311321 0.007547 0.030189
153 0.233962 0.311321 0.022642 0.030189
154 0.011321 0.380189 0.018868 0.043396
155 0.035849 0.380189 0.018868 0.043396
156 0.061321 0.380189 0.020755 0.043396
157 0.081132 0.379245 0.015094 0.041509
158 0.101887 0.379245 0.022642 0.041509
159 0.123585 0.365094 0.016981 0.013208
160 0.150000 0.363208 0.001887 0.009434
161 0.174528 0.363208 0.016981 0.009434
162 0.200943 0.363208 0.024528 0.009434
163 0.237736 0.363208 0.015094 0.009434
164 0.024528 0.424528 0.015094 0.007547
165 0.039623 0.426415 0.011321 0.011321
166 0.052830 0.429245 0.011321 0.016981
167 0.083962 0.433019 0.024528 0.024528
168 0.122642 0.433962 0.022642 0.026415
169 0.147170 0.435849 0.022642 0.030189
170 0.175472 0.435849 0.026415 0.030189
171 0.207547 0.433962 0.026415 0.026415
172 0.236792 0.437736 0.024528 0.033962
173 0.274528 0.437736 0.024528 0.033962
174 0.026415 0.489623 0.022642 0.032075
175 0.072642 0.488679 0.035849 0.030189
176 0.105660 0.490566 0.026415 0.033962
177 0.147170 0.489623 0.026415 0.032075
178 0.183019 0.488679 0.033962 0.030189
179 0.220755 0.480189 0.033962 0.013208
180 0.251887 0.496226 0.020755 0.045283
