94 0.023585 0.030189 0.016981 0.022642
95 0.054717 0.030189 0.015094 0.022642
96 0.083962 0.030189 0.016981 0.022642
97 0.105660 0.030189 0.018868 0.022642
98 0.130189 0.030189 0.018868 0.022642
99 0.152830 0.030189 0.022642 0.022642
100 0.176415 0.030189 0.013208 0.022642
101 0.209434 0.030189 0.018868 0.022642
102 0.232075 0.030189 0.022642 0.022642
103 0.264151 0.031132 0.015094 0.024528
104 0.013208 0.074528 0.018868 0.024528
105 0.054717 0.073585 0.030189 0.022642
106 0.087736 0.077358 0.028302 0.030189
107 0.114151 0.079245 0.020755 0.033962
108 0.149057 0.079245 0.018868 0.033962
109 0.173585 0.079245 0.018868 0.033962
110 0.211321 0.073585 0.026415 0.022642
111 0.255660 0.073585 0.032075 0.022642
112 0.301887 0.073585 0.030189 0.022642
113 0.328302 0.073585 0.018868 0.022642
114 0.024528 0.126415 0.018868 0.022642
115 0.049057 0.126415 0.018868 0.022642
116 0.073585 0.126415 0.022642 0.022642
117 0.109434 0.126415 0.015094 0.022642
118 0.131132 0.126415 0.024528 0.022642
119 0.158491 0.126415 0.022642 0.022642
120 0.196226 0.132075 0.022642 0.033962
121 0.234906 0.126415 0.020755 0.022642
122 0.267925 0.131132 0.018868 0.032075
123 0.293396 0.126415 0.024528 0.022642
124 0.015094 0.183962 0.022642 0.032075
125 0.038679 0.179245 0.020755 0.022642
126 0.063208 0.179245 0.020755 0.022642
127 0.088679 0.179245 0.018868 0.022642
128 0.111321 0.179245 0.015094 0.022642
129 0.145283 0.183962 0.018868 0.032075
130 0.177358 0.179245 0.018868 0.022642
131 0.214151 0.183962 0.020755 0.032075
132 0.234906 0.179245 0.016981 0.022642
133 0.269811 0.180189 0.022642 0.024528
134 0.016981 0.230189 0.026415 0.022642
135 0.058491 0.231132 0.022642 0.024528
136 0.098113 0.230189 0.022642 0.022642
137 0.140566 0.230189 0.028302 0.022642
138 0.169811 0.230189 0.018868 0.022642
139 0.195283 0.230189 0.020755 0.022642
140 0.216038 0.230189 0.013208 0.022642
141 0.247170 0.228302 0.015094 0.018868
142 0.263208 0.222642 0.013208 0.007547
143 0.277358 0.230189 0.011321 0.022642
144 0.019811 0.278302 0.028302 0.032075
145 0.046226 0.265094 0.016981 0.005660
146 0.078302 0.265094 0.016981 0.005660
147 0.111321 0.266038 0.018868 0.007547
148 0.134906 0.266038 0.016981 0.007547
149 0.159434 0.266981 0.005660 0.009434
150 0.171698 0.266981 0.011321 0.009434
151 0.183019 0.264151 0.003774 0.003774
152 0.202830 0.273585 0.005660 0.022642
153 0.227358 0.273585 0.016981 0.022642
154 0.021698 0.333019 0.013208 0.039623
155 0.038679 0.333019 0.013208 0.039623
156 0.054717 0.333019 0.015094 0.039623
157 0.070755 0.329245 0.009434 0.032075
158 0.085849 0.329245 0.016981 0.032075
159 0.106604 0.319811 0.016981 0.013208
160 0.119811 0.316981 0.001887 0.007547
161 0.142453 0.316038 0.009434 0.005660
162 0.167925 0.316981 0.015094 0.007547
163 0.195283 0.316981 0.005660 0.007547
164 0.008491 0.377358 0.009434 0.011321
165 0.033962 0.374528 0.007547 0.005660
166 0.046226 0.377358 0.009434 0.011321
167 0.075472 0.383019 0.022642 0.022642
168 0.114151 0.381132 0.020755 0.018868
169 0.149057 0.381132 0.022642 0.018868
170 0.187736 0.383962 0.024528 0.024528
171 0.228302 0.381132 0.022642 0.018868
172 0.251887 0.383962 0.020755 0.024528
173 0.277358 0.383962 0.022642 0.024528
174 0.014151 0.427358 0.020755 0.024528
175 0.053774 0.427358 0.028302 0.024528
176 0.083019 0.427358 0.022642 0.024528
177 0.122642 0.427358 0.030189 0.024528
178 0.163208 0.426415 0.020755 0.022642
179 0.204717 0.425472 0.032075 0.020755
180 0.244340 0.433962 0.020755 0.037736
