0 0.027358 0.037736 0.020755 0.037736
1 0.050000 0.044340 0.020755 0.050943
2 0.090566 0.039623 0.033962 0.041509
3 0.133019 0.041509 0.039623 0.045283
4 0.177358 0.037736 0.041509 0.037736
5 0.237736 0.037736 0.049057 0.037736
6 0.272642 0.044340 0.009434 0.050943
7 0.294340 0.043396 0.026415 0.049057
8 0.324528 0.043396 0.026415 0.049057
9 0.358491 0.026415 0.015094 0.015094
10 0.032075 0.103774 0.030189 0.030189
11 0.070755 0.108491 0.013208 0.039623
12 0.101887 0.122642 0.018868 0.067925
13 0.134906 0.112264 0.013208 0.047170
14 0.158491 0.112264 0.030189 0.047170
15 0.195283 0.107547 0.035849 0.037736
16 0.230189 0.106604 0.026415 0.035849
17 0.276415 0.107547 0.039623 0.037736
18 0.329245 0.107547 0.035849 0.037736
19 0.367925 0.107547 0.037736 0.037736
20 0.034906 0.194340 0.035849 0.037736
21 0.076415 0.194340 0.035849 0.037736
22 0.128302 0.194340 0.033962 0.037736
23 0.177358 0.194340 0.037736 0.037736
24 0.227358 0.194340 0.035849 0.037736
25 0.266981 0.187736 0.016981 0.024528
26 0.289623 0.189623 0.016981 0.028302
27 0.330189 0.191509 0.030189 0.032075
28 0.364151 0.185849 0.030189 0.020755
29 0.396226 0.191509 0.030189 0.032075
30 0.030189 0.250943 0.030189 0.037736
31 0.084906 0.257547 0.049057 0.050943
32 0.137736 0.250943 0.045283 0.037736
33 0.202830 0.250943 0.050943 0.037736
34 0.250943 0.250943 0.041509 0.037736
35 0.310377 0.250943 0.050943 0.037736
36 0.374528 0.250943 0.050943 0.037736
37 0.429245 0.250943 0.050943 0.037736
38 0.493396 0.250943 0.043396 0.037736
39 0.560377 0.250943 0.060377 0.037736
40 0.019811 0.320755 0.035849 0.037736
41 0.073585 0.320755 0.045283 0.037736
42 0.130189 0.320755 0.056604 0.037736
43 0.197170 0.320755 0.043396 0.037736
44 0.256604 0.320755 0.071698 0.037736
45 0.326415 0.320755 0.056604 0.037736
46 0.393396 0.320755 0.043396 0.037736
47 0.458491 0.320755 0.052830 0.037736
48 0.512264 0.325472 0.043396 0.047170
49 0.564151 0.320755 0.052830 0.037736
50 0.036792 0.386792 0.043396 0.037736
51 0.083019 0.386792 0.045283 0.037736
52 0.131132 0.386792 0.047170 0.037736
53 0.190566 0.386792 0.045283 0.037736
54 0.249057 0.386792 0.067925 0.037736
55 0.314151 0.386792 0.058491 0.037736
56 0.382075 0.386792 0.047170 0.037736
57 0.443396 0.386792 0.041509 0.037736
58 0.497170 0.392453 0.032075 0.049057
59 0.544340 0.391509 0.032075 0.047170
60 0.021698 0.460377 0.032075 0.049057
61 0.054717 0.454717 0.022642 0.037736
62 0.093396 0.450943 0.028302 0.030189
63 0.129245 0.447170 0.013208 0.022642
64 0.166981 0.448113 0.035849 0.024528
65 0.216981 0.454717 0.033962 0.037736
66 0.261321 0.448113 0.028302 0.024528
67 0.312264 0.454717 0.039623 0.037736
68 0.362264 0.448113 0.030189 0.024528
69 0.395283 0.454717 0.028302 0.037736
70 0.023585 0.521698 0.039623 0.035849
71 0.075472 0.522642 0.037736 0.037736
72 0.110377 0.522642 0.020755 0.037736
73 0.137736 0.528302 0.030189 0.049057
74 0.182075 0.522642 0.032075 0.037736
75 0.215094 0.522642 0.022642 0.037736
76 0.269811 0.516038 0.056604 0.024528
77 0.320755 0.516038 0.037736 0.024528
78 0.370755 0.516038 0.032075 0.024528
79 0.410377 0.521698 0.043396 0.035849
80 0.033019 0.589623 0.035849 0.035849
81 0.082075 0.583962 0.032075 0.024528
82 0.128302 0.583962 0.026415 0.024528
83 0.169811 0.588679 0.022642 0.033962
84 0.204717 0.583962 0.035849 0.024528
85 0.251887 0.583962 0.028302 0.024528
86 0.302830 0.583962 0.047170 0.024528
87 0.349057 0.583962 0.037736 0.024528
88 0.392453 0.589623 0.037736 0.035849
89 0.429245 0.583962 0.032075 0.024528
90 0.022642 0.650943 0.015094 0.049057
91 0.035849 0.650000 0.007547 0.047170
92 0.062264 0.650943 0.015094 0.049057
93 0.090566 0.660377 0.030189 0.067925
