0 0.025472 0.036792 0.020755 0.035849
1 0.056604 0.038679 0.011321 0.039623
2 0.080189 0.035849 0.028302 0.033962
3 0.119811 0.035849 0.024528 0.033962
4 0.152830 0.035849 0.030189 0.033962
5 0.185849 0.037736 0.028302 0.037736
6 0.203774 0.038679 0.003774 0.039623
7 0.215094 0.037736 0.015094 0.037736
8 0.233019 0.036792 0.013208 0.035849
9 0.264151 0.028302 0.018868 0.018868
10 0.017925 0.092453 0.028302 0.030189
11 0.038679 0.085849 0.005660 0.016981
12 0.062264 0.088679 0.015094 0.022642
13 0.077358 0.091509 0.003774 0.028302
14 0.100000 0.098113 0.015094 0.041509
15 0.124528 0.094340 0.026415 0.033962
16 0.150943 0.094340 0.015094 0.033962
17 0.173585 0.095283 0.026415 0.035849
18 0.217925 0.094340 0.032075 0.033962
19 0.264151 0.094340 0.026415 0.033962
20 0.016981 0.153774 0.030189 0.032075
21 0.047170 0.154717 0.026415 0.033962
22 0.076415 0.154717 0.024528 0.033962
23 0.107547 0.155660 0.026415 0.035849
24 0.146226 0.156604 0.024528 0.037736
25 0.167925 0.147170 0.011321 0.018868
26 0.183019 0.148113 0.011321 0.020755
27 0.219811 0.150943 0.028302 0.026415
28 0.261321 0.146226 0.028302 0.016981
29 0.295283 0.150943 0.028302 0.026415
30 0.021698 0.213208 0.016981 0.037736
31 0.057547 0.220755 0.050943 0.052830
32 0.118868 0.213208 0.045283 0.037736
33 0.160377 0.212264 0.033962 0.035849
34 0.212264 0.216981 0.035849 0.045283
35 0.265094 0.212264 0.035849 0.035849
36 0.313208 0.215094 0.033962 0.041509
37 0.362264 0.216981 0.033962 0.045283
38 0.411321 0.219811 0.033962 0.050943
39 0.454717 0.212264 0.041509 0.035849
40 0.016981 0.283962 0.022642 0.035849
41 0.058491 0.292453 0.026415 0.052830
42 0.094340 0.285849 0.041509 0.039623
43 0.137736 0.284906 0.037736 0.037736
44 0.186792 0.284906 0.052830 0.037736
45 0.233962 0.285849 0.037736 0.039623
46 0.272642 0.283962 0.028302 0.035849
47 0.310377 0.285849 0.035849 0.039623
48 0.351887 0.284906 0.035849 0.037736
49 0.393396 0.285849 0.039623 0.039623
50 0.032075 0.356604 0.037736 0.037736
51 0.068868 0.358491 0.032075 0.041509
52 0.108491 0.355660 0.039623 0.035849
53 0.160377 0.357547 0.033962 0.039623
54 0.201887 0.355660 0.045283 0.035849
55 0.254717 0.357547 0.033962 0.039623
56 0.290566 0.362264 0.033962 0.049057
57 0.338679 0.363208 0.028302 0.050943
58 0.371698 0.363208 0.033962 0.050943
59 0.409434 0.358491 0.015094 0.041509
60 0.019811 0.432075 0.035849 0.049057
61 0.066038 0.428302 0.022642 0.041509
62 0.104717 0.422642 0.028302 0.030189
63 0.138679 0.421698 0.005660 0.028302
64 0.155660 0.417925 0.020755 0.020755
65 0.190566 0.425472 0.022642 0.035849
66 0.227358 0.417925 0.016981 0.020755
67 0.252830 0.423585 0.026415 0.032075
68 0.280189 0.416981 0.016981 0.018868
69 0.313208 0.431132 0.018868 0.047170
70 0.028302 0.492453 0.022642 0.033962
71 0.067925 0.493396 0.022642 0.035849
72 0.092453 0.488679 0.015094 0.026415
73 0.123585 0.497170 0.020755 0.043396
74 0.161321 0.492453 0.020755 0.033962
75 0.192453 0.492453 0.015094 0.033962
76 0.221698 0.484906 0.032075 0.018868
77 0.263208 0.484906 0.020755 0.018868
78 0.299057 0.484906 0.016981 0.018868
79 0.324528 0.494340 0.026415 0.037736
80 0.012264 0.555660 0.020755 0.035849
81 0.046226 0.547170 0.016981 0.018868
82 0.066038 0.549057 0.015094 0.022642
83 0.084906 0.550943 0.015094 0.026415
84 0.107547 0.548113 0.022642 0.020755
85 0.131132 0.547170 0.016981 0.018868
86 0.156604 0.547170 0.026415 0.018868
87 0.183962 0.548113 0.016981 0.020755
88 0.217925 0.552830 0.020755 0.030189
89 0.240566 0.553774 0.020755 0.032075
90 0.021698 0.618868 0.016981 0.052830
91 0.049057 0.617925 0.003774 0.050943
92 0.071698 0.618868 0.015094 0.052830
93 0.099057 0.620755 0.028302 0.056604
