0 0.014151 0.039623 0.020755 0.041509
1 0.031132 0.030189 0.009434 0.022642
2 0.056604 0.044340 0.037736 0.050943
3 0.093396 0.044340 0.028302 0.050943
4 0.139623 0.042453 0.033962 0.047170
5 0.187736 0.042453 0.035849 0.047170
6 0.222642 0.030189 0.003774 0.022642
7 0.248113 0.042453 0.016981 0.047170
8 0.269811 0.041509 0.018868 0.045283
9 0.300943 0.027358 0.016981 0.016981
10 0.025472 0.098113 0.016981 0.018868
11 0.051887 0.100000 0.005660 0.022642
12 0.067925 0.100000 0.018868 0.022642
13 0.085849 0.102830 0.005660 0.028302
14 0.116981 0.114151 0.026415 0.050943
15 0.150000 0.112264 0.032075 0.047170
16 0.190566 0.111321 0.018868 0.045283
17 0.220755 0.112264 0.030189 0.047170
18 0.254717 0.112264 0.026415 0.047170
19 0.298113 0.111321 0.026415 0.045283
20 0.027358 0.182075 0.028302 0.047170
21 0.061321 0.182075 0.028302 0.047170
22 0.104717 0.182075 0.024528 0.047170
23 0.143396 0.182075 0.026415 0.047170
24 0.174528 0.182075 0.028302 0.047170
25 0.207547 0.167925 0.007547 0.018868
26 0.220755 0.169811 0.007547 0.022642
27 0.245283 0.166038 0.011321 0.015094
28 0.276415 0.162264 0.016981 0.007547
29 0.292453 0.166038 0.011321 0.015094
30 0.012264 0.245283 0.020755 0.041509
31 0.043396 0.239623 0.030189 0.030189
32 0.077358 0.247170 0.033962 0.045283
33 0.123585 0.248113 0.032075 0.047170
34 0.171698 0.248113 0.030189 0.047170
35 0.220755 0.248113 0.033962 0.047170
36 0.258491 0.248113 0.030189 0.047170
37 0.295283 0.248113 0.032075 0.047170
38 0.343396 0.248113 0.030189 0.047170
39 0.377358 0.248113 0.033962 0.047170
40 0.017925 0.314151 0.032075 0.047170
41 0.052830 0.314151 0.030189 0.047170
42 0.089623 0.314151 0.032075 0.047170
43 0.128302 0.314151 0.037736 0.047170
44 0.185849 0.314151 0.043396 0.047170
45 0.242453 0.314151 0.035849 0.047170
46 0.283019 0.314151 0.033962 0.047170
47 0.318868 0.314151 0.033962 0.047170
48 0.359434 0.315094 0.035849 0.049057
49 0.400000 0.315094 0.033962 0.049057
50 0.032075 0.382075 0.030189 0.047170
51 0.068868 0.382075 0.032075 0.047170
52 0.119811 0.382075 0.039623 0.047170
53 0.175472 0.382075 0.037736 0.047170
54 0.235849 0.382075 0.052830 0.047170
55 0.293396 0.382075 0.035849 0.047170
56 0.344340 0.384906 0.039623 0.052830
57 0.400943 0.382075 0.039623 0.047170
58 0.445283 0.382075 0.022642 0.047170
59 0.478302 0.383962 0.016981 0.050943
60 0.016981 0.453774 0.022642 0.047170
61 0.039623 0.437736 0.011321 0.015094
62 0.068868 0.445283 0.039623 0.030189
63 0.107547 0.441509 0.007547 0.022642
64 0.127358 0.442453 0.028302 0.024528
65 0.157547 0.453774 0.024528 0.047170
66 0.182075 0.442453 0.020755 0.024528
67 0.210377 0.451887 0.032075 0.043396
68 0.240566 0.442453 0.020755 0.024528
69 0.267925 0.459434 0.026415 0.058491
70 0.027358 0.526415 0.024528 0.037736
71 0.055660 0.530189 0.028302 0.045283
72 0.090566 0.523585 0.015094 0.032075
73 0.123585 0.531132 0.024528 0.047170
74 0.151887 0.530189 0.028302 0.045283
75 0.189623 0.529245 0.020755 0.043396
76 0.222642 0.517925 0.041509 0.020755
77 0.275472 0.516038 0.030189 0.016981
78 0.307547 0.518868 0.022642 0.022642
79 0.345283 0.526415 0.026415 0.037736
80 0.027358 0.592453 0.024528 0.037736
81 0.067925 0.585849 0.022642 0.024528
82 0.090566 0.586792 0.018868 0.026415
83 0.121698 0.592453 0.016981 0.037736
84 0.156604 0.583019 0.026415 0.018868
85 0.194340 0.583962 0.022642 0.020755
86 0.237736 0.583962 0.037736 0.020755
87 0.283962 0.584906 0.024528 0.022642
88 0.323585 0.590566 0.024528 0.033962
89 0.363208 0.592453 0.024528 0.037736
90 0.020755 0.653774 0.015094 0.047170
91 0.033019 0.653774 0.005660 0.047170
92 0.049057 0.653774 0.015094 0.047170
93 0.066038 0.641509 0.015094 0.022642
