0 0.007547 0.035849 0.011321 0.033962
1 0.037736 0.035849 0.015094 0.033962
2 0.070755 0.034906 0.024528 0.032075
3 0.095283 0.036792 0.020755 0.035849
4 0.124528 0.034906 0.033962 0.032075
5 0.172642 0.036792 0.035849 0.035849
6 0.199057 0.035849 0.005660 0.033962
7 0.227358 0.041509 0.016981 0.045283
8 0.258491 0.040566 0.015094 0.043396
9 0.288679 0.028302 0.015094 0.018868
10 0.016981 0.096226 0.026415 0.026415
11 0.038679 0.102830 0.009434 0.039623
12 0.054717 0.094340 0.011321 0.022642
13 0.078302 0.101887 0.005660 0.037736
14 0.095283 0.100943 0.016981 0.035849
15 0.127358 0.097170 0.020755 0.028302
16 0.150943 0.097170 0.015094 0.028302
17 0.184906 0.097170 0.022642 0.028302
18 0.213208 0.099057 0.022642 0.032075
19 0.241509 0.099057 0.022642 0.032075
20 0.017925 0.157547 0.024528 0.032075
21 0.057547 0.158491 0.024528 0.033962
22 0.084906 0.157547 0.022642 0.032075
23 0.109434 0.158491 0.022642 0.033962
24 0.135849 0.158491 0.022642 0.033962
25 0.153774 0.152830 0.009434 0.022642
26 0.177358 0.155660 0.011321 0.028302
27 0.197170 0.153774 0.024528 0.024528
28 0.237736 0.148113 0.026415 0.013208
29 0.280189 0.154717 0.024528 0.026415
30 0.009434 0.211321 0.015094 0.033962
31 0.035849 0.212264 0.033962 0.035849
32 0.082075 0.211321 0.032075 0.033962
33 0.116981 0.211321 0.030189 0.033962
34 0.164151 0.211321 0.030189 0.033962
35 0.200943 0.211321 0.035849 0.033962
36 0.237736 0.211321 0.030189 0.033962
37 0.269811 0.211321 0.030189 0.033962
38 0.305660 0.211321 0.030189 0.033962
39 0.343396 0.211321 0.041509 0.033962
40 0.012264 0.266038 0.020755 0.033962
41 0.039623 0.269811 0.022642 0.041509
42 0.072642 0.266038 0.035849 0.033962
43 0.120755 0.266038 0.026415 0.033962
44 0.161321 0.266038 0.047170 0.033962
45 0.219811 0.266038 0.039623 0.033962
46 0.268868 0.266038 0.032075 0.033962
47 0.301887 0.266038 0.030189 0.033962
48 0.334906 0.270755 0.032075 0.043396
49 0.369811 0.266038 0.030189 0.033962
50 0.013208 0.328302 0.022642 0.033962
51 0.053774 0.328302 0.028302 0.033962
52 0.086792 0.328302 0.033962 0.033962
53 0.136792 0.328302 0.032075 0.033962
54 0.181132 0.328302 0.045283 0.033962
55 0.223585 0.328302 0.035849 0.033962
56 0.271698 0.328302 0.030189 0.033962
57 0.317925 0.328302 0.032075 0.033962
58 0.344340 0.333962 0.016981 0.045283
59 0.362264 0.330189 0.011321 0.037736
60 0.021698 0.398113 0.016981 0.045283
61 0.053774 0.398113 0.020755 0.045283
62 0.092453 0.383019 0.026415 0.015094
63 0.121698 0.389623 0.005660 0.028302
64 0.139623 0.386792 0.022642 0.022642
65 0.166981 0.394340 0.020755 0.037736
66 0.201887 0.386792 0.018868 0.022642
67 0.239623 0.394340 0.026415 0.037736
68 0.275472 0.386792 0.018868 0.022642
69 0.316981 0.400943 0.030189 0.050943
70 0.029245 0.463208 0.028302 0.035849
71 0.056604 0.464151 0.022642 0.037736
72 0.077358 0.462264 0.011321 0.033962
73 0.094340 0.468868 0.018868 0.047170
74 0.120755 0.464151 0.022642 0.037736
75 0.142453 0.464151 0.009434 0.037736
76 0.170755 0.456604 0.035849 0.022642
77 0.203774 0.456604 0.022642 0.022642
78 0.230189 0.456604 0.022642 0.022642
79 0.261321 0.465094 0.028302 0.039623
80 0.016981 0.529245 0.022642 0.035849
81 0.050000 0.522642 0.016981 0.022642
82 0.072642 0.522642 0.016981 0.022642
83 0.091509 0.526415 0.013208 0.030189
84 0.111321 0.522642 0.022642 0.022642
85 0.134906 0.522642 0.020755 0.022642
86 0.176415 0.522642 0.032075 0.022642
87 0.210377 0.522642 0.024528 0.022642
88 0.237736 0.529245 0.026415 0.035849
89 0.266981 0.522642 0.020755 0.022642
90 0.020755 0.589623 0.015094 0.047170
91 0.045283 0.592453 0.003774 0.052830
92 0.067925 0.588679 0.015094 0.045283
93 0.100943 0.588679 0.024528 0.045283
