133 0.008491 0.033019 0.005660 0.028302
134 0.022642 0.042453 0.011321 0.047170
135 0.052830 0.036792 0.015094 0.035849
136 0.071698 0.036792 0.011321 0.035849
137 0.101887 0.036792 0.015094 0.035849
138 0.120755 0.036792 0.015094 0.035849
139 0.139623 0.035849 0.018868 0.033962
140 0.158491 0.035849 0.015094 0.033962
141 0.188679 0.036792 0.015094 0.035849
142 0.219811 0.036792 0.016981 0.035849
143 0.024528 0.102830 0.015094 0.035849
144 0.056604 0.101887 0.015094 0.033962
145 0.080189 0.097170 0.005660 0.024528
146 0.099057 0.100000 0.005660 0.030189
147 0.120755 0.099057 0.030189 0.028302
148 0.156604 0.093396 0.030189 0.016981
149 0.192453 0.099057 0.030189 0.028302
150 0.220755 0.102830 0.015094 0.035849
151 0.261321 0.102830 0.032075 0.035849
152 0.304717 0.102830 0.020755 0.035849
153 0.010377 0.157547 0.016981 0.035849
154 0.029245 0.157547 0.013208 0.035849
155 0.057547 0.157547 0.016981 0.035849
156 0.090566 0.157547 0.015094 0.035849
157 0.111321 0.157547 0.015094 0.035849
158 0.141509 0.157547 0.018868 0.035849
159 0.173585 0.157547 0.018868 0.035849
160 0.191509 0.157547 0.009434 0.035849
161 0.207547 0.160377 0.015094 0.041509
162 0.229245 0.157547 0.020755 0.035849
163 0.013208 0.217925 0.015094 0.035849
164 0.037736 0.217925 0.022642 0.035849
165 0.076415 0.217925 0.020755 0.035849
166 0.108491 0.217925 0.016981 0.035849
167 0.138679 0.217925 0.016981 0.035849
168 0.159434 0.222642 0.016981 0.045283
169 0.178302 0.217925 0.016981 0.035849
170 0.200000 0.217925 0.015094 0.035849
171 0.219811 0.217925 0.016981 0.035849
172 0.240566 0.217925 0.016981 0.035849
173 0.016038 0.282075 0.020755 0.035849
174 0.054717 0.282075 0.030189 0.035849
175 0.083962 0.282075 0.020755 0.035849
176 0.117925 0.282075 0.020755 0.035849
177 0.152830 0.282075 0.015094 0.035849
178 0.179245 0.289623 0.007547 0.050943
179 0.192453 0.287736 0.011321 0.047170
180 0.205660 0.289623 0.007547 0.050943
181 0.226415 0.283019 0.022642 0.037736
182 0.265094 0.271698 0.028302 0.015094
183 0.008491 0.348113 0.005660 0.028302
184 0.035849 0.346226 0.015094 0.024528
185 0.057547 0.351887 0.016981 0.035849
186 0.076415 0.346226 0.013208 0.024528
187 0.104717 0.351887 0.016981 0.035849
188 0.134906 0.346226 0.013208 0.024528
189 0.161321 0.351887 0.009434 0.035849
190 0.180189 0.351887 0.016981 0.035849
191 0.202830 0.351887 0.016981 0.035849
192 0.228302 0.351887 0.007547 0.035849
193 0.007547 0.412264 0.007547 0.047170
194 0.024528 0.406604 0.018868 0.035849
195 0.050943 0.406604 0.007547 0.035849
196 0.083019 0.400943 0.026415 0.024528
197 0.121698 0.400943 0.016981 0.024528
198 0.154717 0.400943 0.015094 0.024528
199 0.187736 0.406604 0.016981 0.035849
200 0.219811 0.406604 0.016981 0.035849
201 0.251887 0.400943 0.013208 0.024528
202 0.269811 0.400943 0.011321 0.024528
203 0.020755 0.470755 0.011321 0.032075
204 0.050000 0.466981 0.016981 0.024528
205 0.084906 0.466038 0.018868 0.022642
206 0.124528 0.466038 0.026415 0.022642
207 0.163208 0.466981 0.016981 0.024528
208 0.183019 0.472642 0.018868 0.035849
209 0.216038 0.466981 0.013208 0.024528
210 0.231132 0.479245 0.013208 0.049057
211 0.253774 0.478302 0.001887 0.047170
212 0.263208 0.479245 0.013208 0.049057
213 0.018868 0.545283 0.030189 0.045283
