133 0.015094 0.066038 0.018868 0.094340
134 0.037736 0.043396 0.018868 0.049057
135 0.085849 0.040566 0.043396 0.043396
136 0.133962 0.040566 0.018868 0.043396
137 0.165094 0.040566 0.032075 0.043396
138 0.212264 0.040566 0.032075 0.043396
139 0.264151 0.040566 0.041509 0.043396
140 0.320755 0.040566 0.037736 0.043396
141 0.366981 0.040566 0.043396 0.043396
142 0.410377 0.040566 0.035849 0.043396
143 0.024528 0.153774 0.041509 0.043396
144 0.080189 0.153774 0.043396 0.043396
145 0.115094 0.149057 0.018868 0.033962
146 0.139623 0.152830 0.018868 0.041509
147 0.167925 0.149057 0.030189 0.033962
148 0.200000 0.143396 0.030189 0.022642
149 0.247170 0.149057 0.030189 0.033962
150 0.288679 0.153774 0.026415 0.043396
151 0.337736 0.156604 0.041509 0.049057
152 0.400943 0.153774 0.054717 0.043396
153 0.027358 0.221698 0.043396 0.043396
154 0.085849 0.221698 0.039623 0.043396
155 0.132075 0.221698 0.045283 0.043396
156 0.185849 0.221698 0.035849 0.043396
157 0.233962 0.221698 0.033962 0.043396
158 0.275472 0.221698 0.041509 0.043396
159 0.336792 0.221698 0.047170 0.043396
160 0.386792 0.221698 0.018868 0.043396
161 0.423585 0.221698 0.028302 0.043396
162 0.467925 0.221698 0.049057 0.043396
163 0.034906 0.283962 0.035849 0.043396
164 0.080189 0.283962 0.050943 0.043396
165 0.143396 0.283962 0.041509 0.043396
166 0.187736 0.283962 0.043396 0.043396
167 0.233019 0.283962 0.043396 0.043396
168 0.282075 0.283962 0.047170 0.043396
169 0.346226 0.283962 0.047170 0.043396
170 0.390566 0.283962 0.037736 0.043396
171 0.442453 0.283962 0.035849 0.043396
172 0.498113 0.283962 0.041509 0.043396
173 0.026415 0.346226 0.045283 0.043396
174 0.085849 0.346226 0.069811 0.043396
175 0.150000 0.346226 0.050943 0.043396
176 0.205660 0.346226 0.049057 0.043396
177 0.255660 0.346226 0.043396 0.043396
178 0.293396 0.350943 0.024528 0.052830
179 0.330189 0.349057 0.018868 0.049057
180 0.366981 0.350943 0.024528 0.052830
181 0.400000 0.349057 0.030189 0.049057
182 0.446226 0.339623 0.028302 0.030189
183 0.021698 0.407547 0.013208 0.022642
184 0.061321 0.413208 0.032075 0.033962
185 0.099057 0.417925 0.039623 0.043396
186 0.138679 0.413208 0.032075 0.033962
187 0.178302 0.417925 0.039623 0.043396
188 0.217925 0.413208 0.035849 0.033962
189 0.254717 0.417925 0.030189 0.043396
190 0.301887 0.417925 0.037736 0.043396
191 0.345283 0.417925 0.037736 0.043396
192 0.389623 0.417925 0.016981 0.043396
193 0.017925 0.484906 0.024528 0.052830
194 0.066981 0.480189 0.039623 0.043396
195 0.108491 0.480189 0.016981 0.043396
196 0.149057 0.475472 0.060377 0.033962
197 0.211321 0.475472 0.037736 0.033962
198 0.261321 0.475472 0.035849 0.033962
199 0.314151 0.480189 0.039623 0.043396
200 0.368868 0.480189 0.039623 0.043396
201 0.422642 0.475472 0.033962 0.033962
202 0.457547 0.475472 0.032075 0.033962
203 0.018868 0.550943 0.030189 0.041509
204 0.055660 0.547170 0.039623 0.033962
205 0.109434 0.547170 0.041509 0.033962
206 0.161321 0.547170 0.054717 0.033962
207 0.216981 0.547170 0.045283 0.033962
208 0.275472 0.551887 0.041509 0.043396
209 0.330189 0.547170 0.033962 0.033962
210 0.359434 0.557547 0.020755 0.054717
211 0.390566 0.554717 0.007547 0.049057
212 0.408491 0.557547 0.020755 0.054717
213 0.028302 0.643396 0.030189 0.079245
