133 0.009434 0.047170 0.007547 0.056604
134 0.038679 0.041509 0.024528 0.045283
135 0.066981 0.041509 0.024528 0.045283
136 0.088679 0.041509 0.015094 0.045283
137 0.121698 0.041509 0.024528 0.045283
138 0.161321 0.041509 0.024528 0.045283
139 0.189623 0.041509 0.024528 0.045283
140 0.231132 0.041509 0.024528 0.045283
141 0.257547 0.041509 0.024528 0.045283
142 0.285849 0.041509 0.024528 0.045283
143 0.027358 0.116981 0.024528 0.045283
144 0.068868 0.116981 0.024528 0.045283
145 0.086792 0.110377 0.007547 0.032075
146 0.109434 0.113208 0.007547 0.037736
147 0.133962 0.109434 0.030189 0.030189
148 0.166038 0.103774 0.030189 0.018868
149 0.211321 0.109434 0.030189 0.030189
150 0.250000 0.116981 0.020755 0.045283
151 0.287736 0.119811 0.047170 0.050943
152 0.337736 0.116981 0.026415 0.045283
153 0.029245 0.186792 0.028302 0.045283
154 0.070755 0.186792 0.020755 0.045283
155 0.108491 0.186792 0.028302 0.045283
156 0.136792 0.186792 0.020755 0.045283
157 0.171698 0.186792 0.022642 0.045283
158 0.200943 0.186792 0.028302 0.045283
159 0.233019 0.186792 0.028302 0.045283
160 0.268868 0.186792 0.013208 0.045283
161 0.290566 0.190566 0.018868 0.052830
162 0.327358 0.186792 0.028302 0.045283
163 0.012264 0.258491 0.020755 0.045283
164 0.054717 0.258491 0.030189 0.045283
165 0.094340 0.258491 0.022642 0.045283
166 0.133962 0.258491 0.026415 0.045283
167 0.166981 0.258491 0.028302 0.045283
168 0.200943 0.261321 0.028302 0.050943
169 0.233019 0.258491 0.028302 0.045283
170 0.273585 0.258491 0.018868 0.045283
171 0.309434 0.258491 0.022642 0.045283
172 0.345283 0.258491 0.022642 0.045283
173 0.015094 0.328302 0.026415 0.045283
174 0.062264 0.328302 0.037736 0.045283
175 0.109434 0.328302 0.026415 0.045283
176 0.151887 0.328302 0.024528 0.045283
177 0.177358 0.328302 0.018868 0.045283
178 0.196226 0.331132 0.011321 0.050943
179 0.230189 0.328302 0.026415 0.045283
180 0.263208 0.331132 0.009434 0.050943
181 0.294340 0.328302 0.022642 0.045283
182 0.334906 0.320755 0.028302 0.030189
183 0.022642 0.386792 0.011321 0.022642
184 0.042453 0.394340 0.024528 0.037736
185 0.082075 0.398113 0.024528 0.045283
186 0.116981 0.394340 0.018868 0.037736
187 0.155660 0.398113 0.024528 0.045283
188 0.196226 0.394340 0.022642 0.037736
189 0.217925 0.399057 0.013208 0.047170
190 0.238679 0.401887 0.024528 0.052830
191 0.278302 0.398113 0.024528 0.045283
192 0.311321 0.399057 0.011321 0.047170
193 0.007547 0.474528 0.011321 0.054717
194 0.029245 0.469811 0.024528 0.045283
195 0.052830 0.469811 0.011321 0.045283
196 0.081132 0.466038 0.037736 0.037736
197 0.117925 0.466038 0.024528 0.037736
198 0.157547 0.466038 0.024528 0.037736
199 0.187736 0.469811 0.024528 0.045283
200 0.227358 0.469811 0.024528 0.045283
201 0.253774 0.466038 0.016981 0.037736
202 0.283019 0.466038 0.015094 0.037736
203 0.023585 0.543396 0.013208 0.045283
204 0.048113 0.539623 0.024528 0.037736
205 0.075472 0.539623 0.022642 0.037736
206 0.107547 0.539623 0.033962 0.037736
207 0.151887 0.539623 0.020755 0.037736
208 0.175472 0.543396 0.022642 0.045283
209 0.200943 0.539623 0.016981 0.037736
210 0.232075 0.547170 0.018868 0.052830
211 0.248113 0.547170 0.005660 0.052830
212 0.273585 0.547170 0.018868 0.052830
213 0.020755 0.620755 0.030189 0.056604
