133 0.017925 0.037736 0.005660 0.037736
134 0.037736 0.044340 0.030189 0.050943
135 0.079245 0.039623 0.026415 0.041509
136 0.116981 0.039623 0.015094 0.041509
137 0.142453 0.039623 0.024528 0.041509
138 0.183019 0.039623 0.026415 0.041509
139 0.216038 0.039623 0.028302 0.041509
140 0.245283 0.039623 0.026415 0.041509
141 0.273585 0.039623 0.026415 0.041509
142 0.316038 0.039623 0.024528 0.041509
143 0.016981 0.109434 0.026415 0.041509
144 0.049057 0.109434 0.026415 0.041509
145 0.080189 0.102830 0.005660 0.028302
146 0.092453 0.105660 0.007547 0.033962
147 0.123585 0.104717 0.024528 0.032075
148 0.152830 0.095283 0.022642 0.013208
149 0.193396 0.102830 0.024528 0.028302
150 0.222642 0.110377 0.022642 0.043396
151 0.268868 0.109434 0.043396 0.041509
152 0.325472 0.109434 0.039623 0.041509
153 0.030189 0.171698 0.030189 0.041509
154 0.064151 0.171698 0.033962 0.041509
155 0.104717 0.171698 0.035849 0.041509
156 0.144340 0.171698 0.032075 0.041509
157 0.177358 0.171698 0.030189 0.041509
158 0.215094 0.171698 0.033962 0.041509
159 0.264151 0.171698 0.037736 0.041509
160 0.295283 0.171698 0.013208 0.041509
161 0.324528 0.175472 0.015094 0.049057
162 0.361321 0.171698 0.032075 0.041509
163 0.016981 0.239623 0.030189 0.041509
164 0.057547 0.239623 0.043396 0.041509
165 0.103774 0.239623 0.037736 0.041509
166 0.154717 0.239623 0.037736 0.041509
167 0.194340 0.239623 0.030189 0.041509
168 0.232075 0.243396 0.037736 0.049057
169 0.270755 0.239623 0.032075 0.041509
170 0.306604 0.239623 0.032075 0.041509
171 0.354717 0.239623 0.033962 0.041509
172 0.396226 0.239623 0.037736 0.041509
173 0.025472 0.307547 0.039623 0.041509
174 0.085849 0.307547 0.050943 0.041509
175 0.146226 0.307547 0.039623 0.041509
176 0.200943 0.307547 0.039623 0.041509
177 0.251887 0.307547 0.032075 0.041509
178 0.275472 0.313208 0.011321 0.052830
179 0.300000 0.312264 0.030189 0.050943
180 0.326415 0.313208 0.011321 0.052830
181 0.361321 0.305660 0.024528 0.037736
182 0.390566 0.301887 0.022642 0.030189
183 0.009434 0.375472 0.011321 0.033962
184 0.042453 0.372642 0.028302 0.028302
185 0.077358 0.379245 0.030189 0.041509
186 0.107547 0.372642 0.026415 0.028302
187 0.137736 0.379245 0.030189 0.041509
188 0.183019 0.372642 0.026415 0.028302
189 0.209434 0.379245 0.018868 0.041509
190 0.250000 0.377358 0.028302 0.037736
191 0.282075 0.379245 0.032075 0.041509
192 0.306604 0.379245 0.013208 0.041509
193 0.009434 0.443396 0.011321 0.049057
194 0.043396 0.439623 0.030189 0.041509
195 0.068868 0.439623 0.013208 0.041509
196 0.114151 0.433019 0.047170 0.028302
197 0.166981 0.433019 0.032075 0.028302
198 0.214151 0.433019 0.028302 0.028302
199 0.247170 0.437736 0.030189 0.037736
200 0.281132 0.437736 0.030189 0.037736
201 0.314151 0.433019 0.024528 0.028302
202 0.355660 0.433019 0.024528 0.028302
203 0.015094 0.505660 0.018868 0.037736
204 0.053774 0.500943 0.032075 0.028302
205 0.091509 0.500943 0.032075 0.028302
206 0.144340 0.500943 0.039623 0.028302
207 0.181132 0.500943 0.030189 0.028302
208 0.216981 0.505660 0.030189 0.037736
209 0.259434 0.500943 0.024528 0.028302
210 0.281132 0.513208 0.015094 0.052830
211 0.293396 0.512264 0.005660 0.050943
212 0.316981 0.513208 0.015094 0.052830
213 0.016981 0.586792 0.026415 0.056604
