133 0.019811 0.042453 0.009434 0.047170
134 0.034906 0.042453 0.016981 0.047170
135 0.061321 0.033962 0.024528 0.030189
136 0.083962 0.033962 0.013208 0.030189
137 0.106604 0.033962 0.020755 0.030189
138 0.132075 0.039623 0.022642 0.041509
139 0.159434 0.038679 0.024528 0.039623
140 0.195283 0.038679 0.020755 0.039623
141 0.222642 0.037736 0.022642 0.037736
142 0.260377 0.038679 0.022642 0.039623
143 0.027358 0.103774 0.024528 0.037736
144 0.056604 0.105660 0.022642 0.041509
145 0.087736 0.098113 0.009434 0.026415
146 0.115094 0.103774 0.011321 0.037736
147 0.148113 0.097170 0.020755 0.024528
148 0.175472 0.094340 0.022642 0.018868
149 0.210377 0.097170 0.020755 0.024528
150 0.231132 0.102830 0.016981 0.035849
151 0.280189 0.112264 0.047170 0.054717
152 0.335849 0.102830 0.033962 0.035849
153 0.027358 0.176415 0.028302 0.035849
154 0.069811 0.176415 0.026415 0.035849
155 0.111321 0.176415 0.030189 0.035849
156 0.144340 0.176415 0.024528 0.035849
157 0.183019 0.176415 0.026415 0.035849
158 0.212264 0.176415 0.028302 0.035849
159 0.255660 0.176415 0.032075 0.035849
160 0.281132 0.176415 0.011321 0.035849
161 0.300943 0.176415 0.020755 0.035849
162 0.330189 0.176415 0.030189 0.035849
163 0.016981 0.231132 0.022642 0.035849
164 0.051887 0.231132 0.039623 0.035849
165 0.093396 0.231132 0.032075 0.035849
166 0.130189 0.231132 0.033962 0.035849
167 0.178302 0.231132 0.028302 0.035849
168 0.211321 0.237736 0.033962 0.049057
169 0.244340 0.231132 0.028302 0.035849
170 0.287736 0.231132 0.024528 0.035849
171 0.329245 0.231132 0.028302 0.035849
172 0.375472 0.231132 0.030189 0.035849
173 0.031132 0.299057 0.032075 0.035849
174 0.085849 0.299057 0.050943 0.035849
175 0.129245 0.299057 0.032075 0.035849
176 0.163208 0.299057 0.028302 0.035849
177 0.204717 0.299057 0.024528 0.035849
178 0.228302 0.308491 0.018868 0.054717
179 0.257547 0.304717 0.009434 0.047170
180 0.286792 0.308491 0.018868 0.054717
181 0.314151 0.303774 0.024528 0.045283
182 0.346226 0.303774 0.028302 0.045283
183 0.019811 0.368868 0.009434 0.028302
184 0.053774 0.367925 0.024528 0.026415
185 0.092453 0.374528 0.026415 0.039623
186 0.133019 0.367925 0.020755 0.026415
187 0.161321 0.374528 0.028302 0.039623
188 0.204717 0.367925 0.024528 0.026415
189 0.244340 0.381132 0.020755 0.052830
190 0.283019 0.376415 0.030189 0.043396
191 0.315094 0.374528 0.026415 0.039623
192 0.337736 0.374528 0.011321 0.039623
193 0.011321 0.452830 0.015094 0.052830
194 0.036792 0.446226 0.024528 0.039623
195 0.069811 0.446226 0.011321 0.039623
196 0.113208 0.439623 0.041509 0.026415
197 0.148113 0.439623 0.024528 0.026415
198 0.179245 0.439623 0.026415 0.026415
199 0.210377 0.446226 0.028302 0.039623
200 0.252830 0.446226 0.026415 0.039623
201 0.288679 0.439623 0.018868 0.026415
202 0.321698 0.439623 0.020755 0.026415
203 0.025472 0.516038 0.016981 0.035849
204 0.050000 0.511321 0.024528 0.026415
205 0.091509 0.511321 0.024528 0.026415
206 0.138679 0.511321 0.039623 0.026415
207 0.184906 0.511321 0.026415 0.026415
208 0.228302 0.517925 0.026415 0.039623
209 0.253774 0.511321 0.020755 0.026415
210 0.290566 0.525472 0.018868 0.054717
211 0.306604 0.527358 0.005660 0.058491
212 0.335849 0.525472 0.018868 0.054717
213 0.016981 0.615094 0.026415 0.079245
