133 0.008491 0.037736 0.009434 0.037736
134 0.036792 0.039623 0.016981 0.041509
135 0.075472 0.039623 0.033962 0.041509
136 0.104717 0.039623 0.016981 0.041509
137 0.130189 0.039623 0.030189 0.041509
138 0.161321 0.039623 0.024528 0.041509
139 0.203774 0.039623 0.033962 0.041509
140 0.250000 0.039623 0.028302 0.041509
141 0.296226 0.039623 0.030189 0.041509
142 0.332075 0.039623 0.030189 0.041509
143 0.017925 0.100000 0.028302 0.041509
144 0.048113 0.100000 0.028302 0.041509
145 0.083962 0.092453 0.009434 0.026415
146 0.097170 0.096226 0.009434 0.033962
147 0.133019 0.092453 0.028302 0.026415
148 0.164151 0.086792 0.030189 0.015094
149 0.195283 0.094340 0.028302 0.030189
150 0.233019 0.100000 0.016981 0.041509
151 0.280189 0.105660 0.043396 0.052830
152 0.328302 0.100000 0.041509 0.041509
153 0.022642 0.171698 0.033962 0.041509
154 0.064151 0.171698 0.037736 0.041509
155 0.107547 0.171698 0.041509 0.041509
156 0.159434 0.171698 0.028302 0.041509
157 0.201887 0.171698 0.030189 0.041509
158 0.243396 0.171698 0.041509 0.041509
159 0.300943 0.171698 0.047170 0.041509
160 0.350943 0.171698 0.018868 0.041509
161 0.383962 0.175472 0.020755 0.049057
162 0.430189 0.171698 0.045283 0.041509
163 0.019811 0.239623 0.032075 0.041509
164 0.080189 0.239623 0.054717 0.041509
165 0.133962 0.239623 0.045283 0.041509
166 0.183019 0.239623 0.041509 0.041509
167 0.237736 0.239623 0.033962 0.041509
168 0.292453 0.244340 0.041509 0.050943
169 0.337736 0.239623 0.041509 0.041509
170 0.374528 0.239623 0.024528 0.041509
171 0.417925 0.239623 0.035849 0.041509
172 0.463208 0.239623 0.047170 0.041509
173 0.024528 0.309434 0.037736 0.041509
174 0.076415 0.309434 0.058491 0.041509
175 0.131132 0.309434 0.047170 0.041509
176 0.181132 0.309434 0.041509 0.041509
177 0.222642 0.309434 0.037736 0.041509
178 0.251887 0.312264 0.013208 0.047170
179 0.271698 0.307547 0.015094 0.037736
180 0.300000 0.312264 0.015094 0.047170
181 0.322642 0.309434 0.022642 0.041509
182 0.361321 0.296226 0.028302 0.015094
183 0.025472 0.371698 0.016981 0.033962
184 0.056604 0.375472 0.041509 0.041509
185 0.100000 0.375472 0.033962 0.041509
186 0.141509 0.375472 0.037736 0.041509
187 0.184906 0.375472 0.041509 0.041509
188 0.233019 0.375472 0.028302 0.041509
189 0.277358 0.375472 0.030189 0.041509
190 0.315094 0.375472 0.041509 0.041509
191 0.365094 0.375472 0.047170 0.041509
192 0.411321 0.375472 0.018868 0.041509
193 0.025472 0.439623 0.020755 0.049057
194 0.075472 0.435849 0.045283 0.041509
195 0.117925 0.435849 0.032075 0.041509
196 0.163208 0.435849 0.054717 0.041509
197 0.215094 0.435849 0.045283 0.041509
198 0.260377 0.435849 0.041509 0.041509
199 0.315094 0.435849 0.033962 0.041509
200 0.356604 0.440566 0.041509 0.050943
201 0.401887 0.435849 0.041509 0.041509
202 0.436792 0.435849 0.024528 0.041509
203 0.023585 0.505660 0.035849 0.041509
204 0.066981 0.505660 0.047170 0.041509
205 0.122642 0.505660 0.037736 0.041509
206 0.174528 0.505660 0.058491 0.041509
207 0.240566 0.505660 0.047170 0.041509
208 0.300000 0.505660 0.041509 0.041509
209 0.352830 0.505660 0.037736 0.041509
210 0.394340 0.509434 0.015094 0.049057
211 0.407547 0.508491 0.003774 0.047170
212 0.431132 0.509434 0.013208 0.049057
213 0.020755 0.581132 0.030189 0.056604
