133 0.010377 0.042453 0.009434 0.047170
134 0.035849 0.037736 0.037736 0.037736
135 0.085849 0.037736 0.035849 0.037736
136 0.112264 0.037736 0.013208 0.037736
137 0.140566 0.038679 0.035849 0.039623
138 0.191509 0.037736 0.035849 0.037736
139 0.245283 0.037736 0.037736 0.037736
140 0.297170 0.038679 0.035849 0.039623
141 0.347170 0.037736 0.033962 0.037736
142 0.399057 0.038679 0.035849 0.039623
143 0.031132 0.103774 0.035849 0.037736
144 0.082075 0.103774 0.035849 0.037736
145 0.108491 0.100000 0.009434 0.030189
146 0.121698 0.103774 0.009434 0.037736
147 0.151887 0.101887 0.024528 0.033962
148 0.191509 0.094340 0.028302 0.018868
149 0.234906 0.101887 0.024528 0.033962
150 0.275472 0.103774 0.022642 0.037736
151 0.310377 0.103774 0.039623 0.037736
152 0.357547 0.103774 0.043396 0.037736
153 0.023585 0.160377 0.039623 0.037736
154 0.082075 0.160377 0.043396 0.037736
155 0.139623 0.160377 0.041509 0.037736
156 0.182075 0.160377 0.035849 0.037736
157 0.233019 0.161321 0.035849 0.039623
158 0.274528 0.160377 0.043396 0.037736
159 0.320755 0.160377 0.041509 0.037736
160 0.362264 0.160377 0.011321 0.037736
161 0.388679 0.160377 0.030189 0.037736
162 0.427358 0.160377 0.039623 0.037736
163 0.021698 0.219811 0.035849 0.039623
164 0.068868 0.218868 0.047170 0.037736
165 0.128302 0.218868 0.041509 0.037736
166 0.176415 0.218868 0.043396 0.037736
167 0.232075 0.218868 0.037736 0.037736
168 0.274528 0.221698 0.043396 0.043396
169 0.319811 0.218868 0.039623 0.037736
170 0.362264 0.218868 0.033962 0.037736
171 0.413208 0.219811 0.037736 0.039623
172 0.455660 0.218868 0.039623 0.037736
173 0.027358 0.281132 0.043396 0.037736
174 0.096226 0.281132 0.064151 0.037736
175 0.161321 0.281132 0.039623 0.037736
176 0.204717 0.281132 0.039623 0.037736
177 0.257547 0.282075 0.035849 0.039623
178 0.286792 0.284906 0.015094 0.045283
179 0.330189 0.281132 0.037736 0.037736
180 0.369811 0.284906 0.015094 0.045283
181 0.404717 0.281132 0.024528 0.037736
182 0.448113 0.284906 0.028302 0.045283
183 0.010377 0.337736 0.009434 0.022642
184 0.050943 0.341509 0.037736 0.030189
185 0.099057 0.341509 0.032075 0.030189
186 0.146226 0.341509 0.035849 0.030189
187 0.186792 0.341509 0.033962 0.030189
188 0.232075 0.341509 0.030189 0.030189
189 0.267925 0.341509 0.030189 0.030189
190 0.304717 0.341509 0.035849 0.030189
191 0.343396 0.341509 0.033962 0.030189
192 0.366981 0.341509 0.009434 0.030189
193 0.026415 0.390566 0.026415 0.030189
194 0.058491 0.390566 0.033962 0.030189
195 0.093396 0.391509 0.028302 0.032075
196 0.133019 0.390566 0.039623 0.030189
197 0.176415 0.390566 0.035849 0.030189
198 0.225472 0.390566 0.035849 0.030189
199 0.263208 0.390566 0.032075 0.030189
200 0.302830 0.392453 0.035849 0.033962
201 0.339623 0.390566 0.033962 0.030189
202 0.388679 0.390566 0.030189 0.030189
203 0.017925 0.444340 0.032075 0.032075
204 0.056604 0.443396 0.033962 0.030189
205 0.097170 0.443396 0.035849 0.030189
206 0.157547 0.443396 0.054717 0.030189
207 0.219811 0.443396 0.035849 0.030189
208 0.258491 0.443396 0.033962 0.030189
209 0.294340 0.443396 0.030189 0.030189
210 0.321698 0.450943 0.020755 0.045283
211 0.340566 0.451887 0.009434 0.047170
212 0.372642 0.450943 0.020755 0.045283
213 0.015094 0.528302 0.026415 0.067925
