133 0.007547 0.042453 0.007547 0.047170
134 0.038679 0.039623 0.024528 0.041509
135 0.077358 0.037736 0.026415 0.037736
136 0.103774 0.037736 0.022642 0.037736
137 0.142453 0.037736 0.028302 0.037736
138 0.186792 0.037736 0.026415 0.037736
139 0.217925 0.037736 0.028302 0.037736
140 0.251887 0.037736 0.028302 0.037736
141 0.292453 0.037736 0.026415 0.037736
142 0.333962 0.037736 0.026415 0.037736
143 0.026415 0.103774 0.026415 0.037736
144 0.069811 0.103774 0.026415 0.037736
145 0.093396 0.098113 0.013208 0.026415
146 0.110377 0.103774 0.016981 0.037736
147 0.147170 0.099057 0.030189 0.028302
148 0.183019 0.094340 0.030189 0.018868
149 0.215094 0.099057 0.030189 0.028302
150 0.246226 0.103774 0.020755 0.037736
151 0.283962 0.109434 0.047170 0.049057
152 0.340566 0.103774 0.039623 0.037736
153 0.024528 0.171698 0.037736 0.037736
154 0.078302 0.171698 0.035849 0.037736
155 0.120755 0.171698 0.045283 0.037736
156 0.179245 0.171698 0.041509 0.037736
157 0.237736 0.171698 0.041509 0.037736
158 0.280189 0.171698 0.039623 0.037736
159 0.326415 0.171698 0.049057 0.037736
160 0.370755 0.171698 0.028302 0.037736
161 0.402830 0.171698 0.032075 0.037736
162 0.458491 0.171698 0.049057 0.037736
163 0.021698 0.228302 0.035849 0.037736
164 0.074528 0.228302 0.058491 0.037736
165 0.142453 0.228302 0.047170 0.037736
166 0.188679 0.228302 0.037736 0.037736
167 0.240566 0.228302 0.039623 0.037736
168 0.285849 0.233019 0.039623 0.047170
169 0.342453 0.228302 0.039623 0.037736
170 0.380189 0.228302 0.032075 0.037736
171 0.417925 0.228302 0.035849 0.037736
172 0.469811 0.228302 0.041509 0.037736
173 0.020755 0.294340 0.037736 0.037736
174 0.081132 0.294340 0.056604 0.037736
175 0.150000 0.294340 0.047170 0.037736
176 0.196226 0.294340 0.037736 0.037736
177 0.237736 0.294340 0.037736 0.037736
178 0.283019 0.301887 0.026415 0.052830
179 0.310377 0.296226 0.024528 0.041509
180 0.350943 0.301887 0.026415 0.052830
181 0.377358 0.296226 0.022642 0.041509
182 0.404717 0.290566 0.028302 0.030189
183 0.006604 0.361321 0.009434 0.028302
184 0.038679 0.360377 0.024528 0.026415
185 0.078302 0.367925 0.024528 0.041509
186 0.118868 0.360377 0.022642 0.026415
187 0.162264 0.367925 0.030189 0.041509
188 0.190566 0.360377 0.022642 0.026415
189 0.222642 0.373585 0.037736 0.052830
190 0.262264 0.366038 0.030189 0.037736
191 0.307547 0.367925 0.026415 0.041509
192 0.341509 0.366038 0.015094 0.037736
193 0.031132 0.443396 0.028302 0.049057
194 0.071698 0.439623 0.026415 0.041509
195 0.097170 0.439623 0.016981 0.041509
196 0.129245 0.432075 0.039623 0.026415
197 0.167925 0.432075 0.026415 0.026415
198 0.210377 0.432075 0.024528 0.026415
199 0.253774 0.437736 0.032075 0.037736
200 0.283962 0.437736 0.024528 0.037736
201 0.324528 0.432075 0.022642 0.026415
202 0.363208 0.432075 0.020755 0.026415
203 0.022642 0.503774 0.018868 0.033962
204 0.050943 0.500000 0.026415 0.026415
205 0.082075 0.500000 0.024528 0.026415
206 0.116981 0.500000 0.037736 0.026415
207 0.163208 0.500000 0.028302 0.026415
208 0.208491 0.505660 0.032075 0.037736
209 0.250000 0.500000 0.024528 0.026415
210 0.283019 0.511321 0.015094 0.049057
211 0.298113 0.511321 0.003774 0.049057
212 0.322642 0.511321 0.015094 0.049057
213 0.027358 0.583019 0.028302 0.056604
