133 0.004717 0.037736 0.005660 0.037736
134 0.033019 0.038679 0.024528 0.039623
135 0.062264 0.038679 0.030189 0.039623
136 0.101887 0.039623 0.022642 0.041509
137 0.139623 0.040566 0.026415 0.043396
138 0.178302 0.041509 0.024528 0.045283
139 0.209434 0.039623 0.033962 0.041509
140 0.256604 0.041509 0.026415 0.045283
141 0.289623 0.040566 0.028302 0.043396
142 0.318868 0.040566 0.026415 0.043396
143 0.015094 0.102830 0.026415 0.039623
144 0.059434 0.103774 0.028302 0.041509
145 0.082075 0.094340 0.005660 0.022642
146 0.104717 0.098113 0.005660 0.030189
147 0.133019 0.094340 0.024528 0.022642
148 0.173585 0.088679 0.026415 0.011321
149 0.215094 0.096226 0.022642 0.026415
150 0.251887 0.104717 0.024528 0.043396
151 0.303774 0.105660 0.045283 0.045283
152 0.353774 0.102830 0.043396 0.039623
153 0.028302 0.166981 0.030189 0.039623
154 0.065094 0.168868 0.039623 0.043396
155 0.114151 0.166981 0.047170 0.039623
156 0.168868 0.167925 0.028302 0.041509
157 0.199057 0.167925 0.028302 0.041509
158 0.248113 0.167925 0.039623 0.041509
159 0.293396 0.166981 0.047170 0.039623
160 0.331132 0.166981 0.016981 0.039623
161 0.364151 0.173585 0.018868 0.052830
162 0.400000 0.167925 0.041509 0.041509
163 0.019811 0.241509 0.028302 0.045283
164 0.076415 0.238679 0.058491 0.039623
165 0.130189 0.239623 0.045283 0.041509
166 0.189623 0.238679 0.047170 0.039623
167 0.230189 0.238679 0.030189 0.039623
168 0.286792 0.245283 0.049057 0.052830
169 0.345283 0.239623 0.037736 0.041509
170 0.378302 0.240566 0.024528 0.043396
171 0.426415 0.238679 0.041509 0.039623
172 0.469811 0.238679 0.041509 0.039623
173 0.039623 0.311321 0.045283 0.041509
174 0.107547 0.311321 0.060377 0.041509
175 0.159434 0.311321 0.039623 0.041509
176 0.215094 0.310377 0.041509 0.039623
177 0.259434 0.316038 0.035849 0.050943
178 0.286792 0.316038 0.011321 0.050943
179 0.317925 0.310377 0.024528 0.039623
180 0.350000 0.316038 0.009434 0.050943
181 0.380189 0.311321 0.024528 0.041509
182 0.423585 0.298113 0.028302 0.015094
183 0.007547 0.371698 0.011321 0.022642
184 0.048113 0.380189 0.043396 0.039623
185 0.101887 0.380189 0.030189 0.039623
186 0.150000 0.382075 0.039623 0.043396
187 0.195283 0.380189 0.047170 0.039623
188 0.236792 0.381132 0.028302 0.041509
189 0.280189 0.381132 0.028302 0.041509
190 0.317925 0.381132 0.039623 0.041509
191 0.366981 0.380189 0.047170 0.039623
192 0.400943 0.380189 0.016981 0.039623
193 0.022642 0.449057 0.018868 0.052830
194 0.058491 0.443396 0.041509 0.041509
195 0.108491 0.445283 0.028302 0.045283
196 0.168868 0.442453 0.058491 0.039623
197 0.226415 0.443396 0.045283 0.041509
198 0.289623 0.442453 0.047170 0.039623
199 0.343396 0.442453 0.030189 0.039623
200 0.396226 0.449057 0.049057 0.052830
201 0.443396 0.443396 0.037736 0.041509
202 0.487736 0.444340 0.024528 0.043396
203 0.024528 0.514151 0.041509 0.039623
204 0.083019 0.514151 0.041509 0.039623
205 0.139623 0.515094 0.045283 0.041509
206 0.209434 0.515094 0.060377 0.041509
207 0.261321 0.515094 0.039623 0.041509
208 0.303774 0.514151 0.041509 0.039623
209 0.355660 0.519811 0.035849 0.050943
210 0.394340 0.519811 0.015094 0.050943
211 0.405660 0.523585 0.003774 0.058491
212 0.431132 0.519811 0.013208 0.050943
213 0.016981 0.588679 0.022642 0.033962
