133 0.006604 0.047170 0.009434 0.056604
134 0.024528 0.045283 0.022642 0.052830
135 0.066981 0.039623 0.032075 0.041509
136 0.100000 0.039623 0.026415 0.041509
137 0.141509 0.039623 0.030189 0.041509
138 0.177358 0.039623 0.030189 0.041509
139 0.210377 0.039623 0.032075 0.041509
140 0.245283 0.039623 0.030189 0.041509
141 0.292453 0.039623 0.030189 0.041509
142 0.337736 0.039623 0.030189 0.041509
143 0.021698 0.115094 0.032075 0.041509
144 0.070755 0.115094 0.032075 0.041509
145 0.106604 0.109434 0.009434 0.030189
146 0.132075 0.114151 0.015094 0.039623
147 0.158491 0.110377 0.033962 0.032075
148 0.196226 0.104717 0.033962 0.020755
149 0.234906 0.112264 0.035849 0.035849
150 0.279245 0.115094 0.026415 0.041509
151 0.316981 0.117925 0.045283 0.047170
152 0.371698 0.115094 0.037736 0.041509
153 0.020755 0.181132 0.033962 0.041509
154 0.067925 0.181132 0.033962 0.041509
155 0.105660 0.181132 0.037736 0.041509
156 0.151887 0.181132 0.028302 0.041509
157 0.183962 0.181132 0.028302 0.041509
158 0.231132 0.181132 0.035849 0.041509
159 0.282075 0.181132 0.035849 0.041509
160 0.328302 0.181132 0.022642 0.041509
161 0.366981 0.181132 0.024528 0.041509
162 0.412264 0.181132 0.035849 0.041509
163 0.019811 0.241509 0.028302 0.041509
164 0.069811 0.241509 0.041509 0.041509
165 0.121698 0.241509 0.035849 0.041509
166 0.174528 0.241509 0.039623 0.041509
167 0.225472 0.241509 0.032075 0.041509
168 0.265094 0.247170 0.039623 0.052830
169 0.307547 0.241509 0.037736 0.041509
170 0.357547 0.241509 0.032075 0.041509
171 0.407547 0.241509 0.033962 0.041509
172 0.454717 0.241509 0.033962 0.041509
173 0.035849 0.313208 0.037736 0.041509
174 0.099057 0.313208 0.054717 0.041509
175 0.147170 0.313208 0.037736 0.041509
176 0.190566 0.313208 0.037736 0.041509
177 0.242453 0.313208 0.032075 0.041509
178 0.270755 0.319811 0.016981 0.054717
179 0.292453 0.318868 0.022642 0.052830
180 0.316038 0.319811 0.016981 0.054717
181 0.355660 0.315094 0.035849 0.045283
182 0.395283 0.315094 0.035849 0.045283
183 0.021698 0.383019 0.013208 0.033962
184 0.046226 0.381132 0.028302 0.030189
185 0.090566 0.387736 0.030189 0.043396
186 0.132075 0.381132 0.026415 0.030189
187 0.177358 0.387736 0.030189 0.043396
188 0.213208 0.381132 0.030189 0.030189
189 0.252830 0.387736 0.022642 0.043396
190 0.283019 0.386792 0.030189 0.041509
191 0.314151 0.387736 0.028302 0.043396
192 0.348113 0.386792 0.009434 0.041509
193 0.024528 0.454717 0.018868 0.052830
194 0.066038 0.450000 0.030189 0.043396
195 0.100943 0.450000 0.009434 0.043396
196 0.146226 0.443396 0.047170 0.030189
197 0.185849 0.443396 0.028302 0.030189
198 0.233019 0.443396 0.032075 0.030189
199 0.279245 0.449057 0.030189 0.041509
200 0.324528 0.449057 0.030189 0.041509
201 0.363208 0.443396 0.020755 0.030189
202 0.400000 0.443396 0.026415 0.030189
203 0.026415 0.519811 0.022642 0.039623
204 0.066981 0.515094 0.028302 0.030189
205 0.102830 0.515094 0.032075 0.030189
206 0.156604 0.515094 0.049057 0.030189
207 0.200000 0.515094 0.033962 0.030189
208 0.250000 0.520755 0.032075 0.041509
209 0.296226 0.515094 0.026415 0.030189
210 0.337736 0.527358 0.030189 0.054717
211 0.358491 0.527358 0.007547 0.054717
212 0.383019 0.527358 0.030189 0.054717
213 0.033962 0.624528 0.037736 0.101887
