133 0.005660 0.037736 0.007547 0.037736
134 0.033019 0.038679 0.020755 0.039623
135 0.060377 0.038679 0.030189 0.039623
136 0.089623 0.038679 0.016981 0.039623
137 0.116038 0.038679 0.028302 0.039623
138 0.146226 0.038679 0.028302 0.039623
139 0.189623 0.038679 0.032075 0.039623
140 0.236792 0.038679 0.028302 0.039623
141 0.279245 0.038679 0.026415 0.039623
142 0.322642 0.038679 0.030189 0.039623
143 0.016981 0.097170 0.030189 0.039623
144 0.047170 0.097170 0.026415 0.039623
145 0.081132 0.092453 0.011321 0.030189
146 0.105660 0.098113 0.011321 0.041509
147 0.134906 0.088679 0.020755 0.022642
148 0.174528 0.085849 0.024528 0.016981
149 0.202830 0.090566 0.020755 0.026415
150 0.225472 0.098113 0.020755 0.041509
151 0.258491 0.099057 0.041509 0.043396
152 0.301887 0.097170 0.033962 0.039623
153 0.020755 0.159434 0.030189 0.039623
154 0.067925 0.159434 0.030189 0.039623
155 0.116981 0.159434 0.033962 0.039623
156 0.165094 0.159434 0.032075 0.039623
157 0.213208 0.159434 0.033962 0.039623
158 0.252830 0.159434 0.033962 0.039623
159 0.290566 0.159434 0.037736 0.039623
160 0.332075 0.159434 0.015094 0.039623
161 0.370755 0.159434 0.028302 0.039623
162 0.408491 0.159434 0.035849 0.039623
163 0.030189 0.217925 0.026415 0.039623
164 0.067925 0.217925 0.041509 0.039623
165 0.108491 0.217925 0.035849 0.039623
166 0.148113 0.217925 0.035849 0.039623
167 0.187736 0.217925 0.032075 0.039623
168 0.228302 0.221698 0.041509 0.047170
169 0.282075 0.217925 0.032075 0.039623
170 0.328302 0.217925 0.026415 0.039623
171 0.360377 0.217925 0.033962 0.039623
172 0.411321 0.217925 0.033962 0.039623
173 0.032075 0.283962 0.033962 0.039623
174 0.077358 0.283962 0.049057 0.039623
175 0.125472 0.283962 0.039623 0.039623
176 0.163208 0.283962 0.032075 0.039623
177 0.208491 0.283962 0.032075 0.039623
178 0.251887 0.291509 0.024528 0.054717
179 0.275472 0.283962 0.018868 0.039623
180 0.312264 0.291509 0.024528 0.054717
181 0.351887 0.279245 0.020755 0.030189
182 0.381132 0.286792 0.033962 0.045283
183 0.006604 0.351887 0.009434 0.028302
184 0.029245 0.352830 0.028302 0.030189
185 0.075472 0.358491 0.030189 0.041509
186 0.116038 0.352830 0.024528 0.030189
187 0.157547 0.358491 0.032075 0.041509
188 0.200943 0.352830 0.028302 0.030189
189 0.231132 0.364151 0.028302 0.052830
190 0.273585 0.358491 0.030189 0.041509
191 0.308491 0.358491 0.028302 0.041509
192 0.346226 0.360377 0.013208 0.045283
193 0.014151 0.437736 0.024528 0.056604
194 0.043396 0.430189 0.026415 0.041509
195 0.066981 0.430189 0.013208 0.041509
196 0.097170 0.424528 0.043396 0.030189
197 0.138679 0.424528 0.028302 0.030189
198 0.168868 0.424528 0.028302 0.030189
199 0.216038 0.430189 0.032075 0.041509
200 0.260377 0.430189 0.030189 0.041509
201 0.300000 0.424528 0.022642 0.030189
202 0.335849 0.424528 0.022642 0.030189
203 0.022642 0.503774 0.018868 0.037736
204 0.059434 0.500000 0.028302 0.030189
205 0.104717 0.500000 0.028302 0.030189
206 0.144340 0.500000 0.043396 0.030189
207 0.183962 0.500000 0.032075 0.030189
208 0.228302 0.505660 0.030189 0.041509
209 0.260377 0.500000 0.026415 0.030189
210 0.300943 0.512264 0.024528 0.054717
211 0.331132 0.511321 0.005660 0.052830
212 0.361321 0.512264 0.024528 0.054717
213 0.014151 0.581132 0.020755 0.045283
