133 0.018868 0.028302 0.003774 0.018868
134 0.046226 0.037736 0.020755 0.037736
135 0.074528 0.033962 0.024528 0.030189
136 0.107547 0.033962 0.011321 0.030189
137 0.129245 0.033962 0.020755 0.030189
138 0.166981 0.033962 0.020755 0.030189
139 0.202830 0.033962 0.024528 0.030189
140 0.227358 0.034906 0.020755 0.032075
141 0.266038 0.033962 0.022642 0.030189
142 0.289623 0.034906 0.020755 0.032075
143 0.027358 0.090566 0.020755 0.030189
144 0.054717 0.090566 0.022642 0.030189
145 0.084906 0.085849 0.003774 0.020755
146 0.102830 0.088679 0.005660 0.026415
147 0.122642 0.089623 0.030189 0.028302
148 0.167925 0.083019 0.030189 0.015094
149 0.213208 0.089623 0.030189 0.028302
150 0.238679 0.093396 0.016981 0.035849
151 0.283962 0.100943 0.047170 0.050943
152 0.330189 0.092453 0.037736 0.033962
153 0.028302 0.163208 0.030189 0.035849
154 0.065094 0.163208 0.032075 0.035849
155 0.113208 0.163208 0.037736 0.035849
156 0.150000 0.163208 0.032075 0.035849
157 0.197170 0.163208 0.032075 0.035849
158 0.250000 0.163208 0.039623 0.035849
159 0.302830 0.163208 0.039623 0.035849
160 0.334906 0.163208 0.013208 0.035849
161 0.355660 0.163208 0.020755 0.035849
162 0.387736 0.163208 0.035849 0.035849
163 0.021698 0.217925 0.032075 0.035849
164 0.077358 0.217925 0.049057 0.035849
165 0.136792 0.217925 0.039623 0.035849
166 0.189623 0.217925 0.035849 0.035849
167 0.234906 0.217925 0.028302 0.035849
168 0.268868 0.224528 0.035849 0.049057
169 0.317925 0.217925 0.035849 0.035849
170 0.354717 0.217925 0.026415 0.035849
171 0.400000 0.217925 0.037736 0.035849
172 0.451887 0.217925 0.039623 0.035849
173 0.023585 0.285849 0.035849 0.035849
174 0.085849 0.285849 0.058491 0.035849
175 0.136792 0.285849 0.039623 0.035849
176 0.190566 0.285849 0.037736 0.035849
177 0.226415 0.285849 0.030189 0.035849
178 0.269811 0.292453 0.022642 0.049057
179 0.297170 0.287736 0.020755 0.039623
180 0.331132 0.292453 0.020755 0.049057
181 0.369811 0.286792 0.022642 0.037736
182 0.400943 0.275472 0.028302 0.015094
183 0.021698 0.350000 0.009434 0.028302
184 0.049057 0.347170 0.018868 0.022642
185 0.087736 0.354717 0.024528 0.037736
186 0.122642 0.347170 0.018868 0.022642
187 0.150000 0.354717 0.024528 0.037736
188 0.189623 0.347170 0.020755 0.022642
189 0.226415 0.354717 0.018868 0.037736
190 0.266981 0.353774 0.028302 0.035849
191 0.295283 0.354717 0.024528 0.037736
192 0.318868 0.354717 0.011321 0.037736
193 0.023585 0.417925 0.013208 0.050943
194 0.049057 0.411321 0.026415 0.037736
195 0.074528 0.411321 0.013208 0.037736
196 0.105660 0.403774 0.041509 0.022642
197 0.156604 0.403774 0.026415 0.022642
198 0.197170 0.403774 0.024528 0.022642
199 0.235849 0.410377 0.026415 0.035849
200 0.267925 0.410377 0.026415 0.035849
201 0.305660 0.403774 0.018868 0.022642
202 0.337736 0.403774 0.015094 0.022642
203 0.022642 0.477358 0.015094 0.030189
204 0.055660 0.473585 0.024528 0.022642
205 0.082075 0.473585 0.024528 0.022642
206 0.126415 0.472642 0.037736 0.020755
207 0.171698 0.473585 0.026415 0.022642
208 0.204717 0.480189 0.028302 0.035849
209 0.230189 0.473585 0.018868 0.022642
210 0.262264 0.487736 0.015094 0.050943
211 0.283962 0.488679 0.001887 0.052830
212 0.305660 0.487736 0.015094 0.050943
213 0.016981 0.556604 0.030189 0.045283
