133 0.021698 0.037736 0.009434 0.037736
134 0.053774 0.041509 0.028302 0.045283
135 0.084906 0.041509 0.030189 0.045283
136 0.131132 0.041509 0.028302 0.045283
137 0.175472 0.041509 0.030189 0.045283
138 0.220755 0.041509 0.030189 0.045283
139 0.267925 0.041509 0.030189 0.045283
140 0.315094 0.041509 0.030189 0.045283
141 0.360377 0.041509 0.030189 0.045283
142 0.403774 0.041509 0.030189 0.045283
143 0.032075 0.105660 0.030189 0.045283
144 0.064151 0.105660 0.030189 0.045283
145 0.097170 0.096226 0.009434 0.026415
146 0.108491 0.101887 0.009434 0.037736
147 0.125472 0.100000 0.020755 0.033962
148 0.150943 0.091509 0.022642 0.016981
149 0.188679 0.100000 0.018868 0.033962
150 0.216038 0.105660 0.028302 0.045283
151 0.250943 0.105660 0.030189 0.045283
152 0.286792 0.105660 0.030189 0.045283
153 0.020755 0.169811 0.030189 0.045283
154 0.054717 0.169811 0.026415 0.045283
155 0.095283 0.169811 0.028302 0.045283
156 0.124528 0.169811 0.026415 0.045283
157 0.153774 0.169811 0.028302 0.045283
158 0.185849 0.169811 0.028302 0.045283
159 0.230189 0.169811 0.030189 0.045283
160 0.275472 0.169811 0.026415 0.045283
161 0.305660 0.169811 0.026415 0.045283
162 0.339623 0.169811 0.030189 0.045283
163 0.016038 0.233962 0.028302 0.045283
164 0.060377 0.233962 0.030189 0.045283
165 0.094340 0.233962 0.030189 0.045283
166 0.137736 0.233962 0.030189 0.045283
167 0.181132 0.233962 0.030189 0.045283
168 0.224528 0.236792 0.030189 0.050943
169 0.255660 0.233962 0.028302 0.045283
170 0.290566 0.233962 0.030189 0.045283
171 0.333019 0.233962 0.028302 0.045283
172 0.367925 0.233962 0.030189 0.045283
173 0.032075 0.303774 0.030189 0.045283
174 0.079245 0.303774 0.033962 0.045283
175 0.124528 0.303774 0.030189 0.045283
176 0.156604 0.303774 0.030189 0.045283
177 0.187736 0.303774 0.028302 0.045283
178 0.216981 0.315094 0.018868 0.067925
179 0.242453 0.303774 0.028302 0.045283
180 0.269811 0.315094 0.018868 0.067925
181 0.308491 0.300000 0.032075 0.037736
182 0.347170 0.311321 0.033962 0.060377
183 0.022642 0.376415 0.015094 0.016981
184 0.060377 0.385849 0.030189 0.035849
185 0.092453 0.391509 0.030189 0.047170
186 0.127358 0.385849 0.028302 0.035849
187 0.161321 0.391509 0.028302 0.047170
188 0.196226 0.385849 0.030189 0.035849
189 0.240566 0.391509 0.028302 0.047170
190 0.271698 0.392453 0.030189 0.049057
191 0.316981 0.391509 0.030189 0.047170
192 0.361321 0.391509 0.028302 0.047170
193 0.023585 0.466038 0.020755 0.060377
194 0.054717 0.459434 0.030189 0.047170
195 0.085849 0.459434 0.028302 0.047170
196 0.130189 0.453774 0.030189 0.035849
197 0.177358 0.453774 0.030189 0.035849
198 0.211321 0.453774 0.030189 0.035849
199 0.243396 0.460377 0.030189 0.049057
200 0.287736 0.460377 0.028302 0.049057
201 0.318868 0.453774 0.026415 0.035849
202 0.352830 0.453774 0.030189 0.035849
203 0.016038 0.537736 0.028302 0.045283
204 0.047170 0.533019 0.030189 0.035849
205 0.081132 0.533019 0.030189 0.035849
206 0.128302 0.533019 0.033962 0.035849
207 0.177358 0.533019 0.030189 0.035849
208 0.225472 0.539623 0.032075 0.049057
209 0.267925 0.533019 0.026415 0.035849
210 0.293396 0.549057 0.020755 0.067925
211 0.323585 0.549057 0.005660 0.067925
212 0.354717 0.549057 0.022642 0.067925
213 0.016981 0.630189 0.022642 0.056604
