133 0.016981 0.037736 0.007547 0.037736
134 0.050000 0.041509 0.028302 0.045283
135 0.083019 0.039623 0.026415 0.041509
136 0.108491 0.039623 0.016981 0.041509
137 0.135849 0.039623 0.030189 0.041509
138 0.178302 0.039623 0.028302 0.041509
139 0.210377 0.039623 0.028302 0.041509
140 0.255660 0.039623 0.028302 0.041509
141 0.283962 0.039623 0.024528 0.041509
142 0.316038 0.039623 0.028302 0.041509
143 0.031132 0.103774 0.028302 0.041509
144 0.070755 0.103774 0.024528 0.041509
145 0.103774 0.098113 0.011321 0.030189
146 0.131132 0.101887 0.013208 0.037736
147 0.163208 0.095283 0.024528 0.024528
148 0.189623 0.091509 0.024528 0.016981
149 0.229245 0.095283 0.024528 0.024528
150 0.257547 0.103774 0.020755 0.041509
151 0.294340 0.109434 0.045283 0.052830
152 0.350943 0.103774 0.033962 0.041509
153 0.020755 0.175472 0.030189 0.041509
154 0.055660 0.175472 0.032075 0.041509
155 0.102830 0.175472 0.032075 0.041509
156 0.136792 0.175472 0.032075 0.041509
157 0.169811 0.175472 0.030189 0.041509
158 0.216038 0.175472 0.032075 0.041509
159 0.254717 0.175472 0.037736 0.041509
160 0.282075 0.175472 0.013208 0.041509
161 0.318868 0.175472 0.030189 0.041509
162 0.368868 0.175472 0.035849 0.041509
163 0.025472 0.235849 0.024528 0.041509
164 0.075472 0.235849 0.045283 0.041509
165 0.130189 0.235849 0.037736 0.041509
166 0.166981 0.235849 0.032075 0.041509
167 0.212264 0.235849 0.032075 0.041509
168 0.248113 0.238679 0.032075 0.047170
169 0.283962 0.235849 0.032075 0.041509
170 0.318868 0.235849 0.030189 0.041509
171 0.351887 0.235849 0.032075 0.041509
172 0.399057 0.235849 0.032075 0.041509
173 0.020755 0.301887 0.033962 0.041509
174 0.066038 0.301887 0.045283 0.041509
175 0.112264 0.301887 0.035849 0.041509
176 0.149057 0.301887 0.030189 0.041509
177 0.186792 0.301887 0.033962 0.041509
178 0.230189 0.309434 0.018868 0.056604
179 0.263208 0.303774 0.013208 0.045283
180 0.281132 0.309434 0.018868 0.056604
181 0.306604 0.301887 0.020755 0.041509
182 0.344340 0.303774 0.024528 0.045283
183 0.008491 0.367925 0.009434 0.022642
184 0.027358 0.371698 0.024528 0.030189
185 0.070755 0.378302 0.028302 0.043396
186 0.100943 0.371698 0.024528 0.030189
187 0.145283 0.378302 0.030189 0.043396
188 0.186792 0.371698 0.026415 0.030189
189 0.215094 0.378302 0.018868 0.043396
190 0.256604 0.377358 0.030189 0.041509
191 0.291509 0.378302 0.028302 0.043396
192 0.326415 0.377358 0.011321 0.041509
193 0.024528 0.445283 0.018868 0.052830
194 0.065094 0.440566 0.028302 0.043396
195 0.091509 0.440566 0.013208 0.043396
196 0.122642 0.433962 0.045283 0.030189
197 0.163208 0.433962 0.028302 0.030189
198 0.192453 0.433962 0.026415 0.030189
199 0.235849 0.439623 0.030189 0.041509
200 0.270755 0.439623 0.028302 0.041509
201 0.299057 0.433962 0.020755 0.030189
202 0.323585 0.433962 0.024528 0.030189
203 0.023585 0.509434 0.016981 0.037736
204 0.059434 0.505660 0.028302 0.030189
205 0.099057 0.505660 0.024528 0.030189
206 0.133962 0.505660 0.037736 0.030189
207 0.171698 0.505660 0.030189 0.030189
208 0.216981 0.511321 0.030189 0.041509
209 0.249057 0.505660 0.026415 0.030189
210 0.273585 0.516981 0.018868 0.052830
211 0.305660 0.515094 0.011321 0.049057
212 0.324528 0.516981 0.018868 0.052830
213 0.028302 0.596226 0.030189 0.067925
