133 0.007547 0.023585 0.003774 0.009434
134 0.033019 0.038679 0.020755 0.039623
135 0.066981 0.032075 0.016981 0.026415
136 0.092453 0.032075 0.007547 0.026415
137 0.107547 0.032075 0.015094 0.026415
138 0.125472 0.032075 0.016981 0.026415
139 0.144340 0.033019 0.013208 0.028302
140 0.161321 0.032075 0.016981 0.026415
141 0.193396 0.032075 0.016981 0.026415
142 0.226415 0.032075 0.015094 0.026415
143 0.023585 0.090566 0.016981 0.026415
144 0.055660 0.090566 0.016981 0.026415
145 0.071698 0.083019 0.003774 0.011321
146 0.088679 0.085849 0.003774 0.016981
147 0.117925 0.087736 0.024528 0.020755
148 0.160377 0.083962 0.026415 0.013208
149 0.188679 0.089623 0.026415 0.024528
150 0.215094 0.092453 0.015094 0.030189
151 0.250000 0.102830 0.043396 0.050943
152 0.292453 0.096226 0.030189 0.037736
153 0.022642 0.166038 0.033962 0.037736
154 0.058491 0.166038 0.026415 0.037736
155 0.103774 0.166038 0.033962 0.037736
156 0.135849 0.166038 0.026415 0.037736
157 0.167925 0.166038 0.026415 0.037736
158 0.207547 0.166038 0.022642 0.037736
159 0.243396 0.166038 0.041509 0.037736
160 0.279245 0.166038 0.026415 0.037736
161 0.320755 0.174528 0.026415 0.054717
162 0.368868 0.166038 0.043396 0.037736
163 0.028302 0.239623 0.030189 0.037736
164 0.072642 0.239623 0.050943 0.037736
165 0.133962 0.239623 0.045283 0.037736
166 0.175472 0.239623 0.026415 0.037736
167 0.209434 0.239623 0.030189 0.037736
168 0.252830 0.239623 0.026415 0.037736
169 0.288679 0.239623 0.037736 0.037736
170 0.337736 0.239623 0.026415 0.037736
171 0.381132 0.239623 0.026415 0.037736
172 0.428302 0.239623 0.037736 0.037736
173 0.033019 0.296226 0.032075 0.037736
174 0.073585 0.296226 0.041509 0.037736
175 0.124528 0.296226 0.033962 0.037736
176 0.170755 0.304717 0.032075 0.054717
177 0.201887 0.304717 0.026415 0.054717
178 0.235849 0.297170 0.007547 0.039623
179 0.255660 0.297170 0.020755 0.039623
180 0.283962 0.297170 0.005660 0.039623
181 0.316038 0.298113 0.024528 0.041509
182 0.355660 0.292453 0.028302 0.030189
183 0.019811 0.359434 0.005660 0.016981
184 0.048113 0.357547 0.016981 0.013208
185 0.066981 0.366981 0.013208 0.032075
186 0.083019 0.357547 0.011321 0.013208
187 0.112264 0.364151 0.013208 0.026415
188 0.130189 0.357547 0.011321 0.013208
189 0.146226 0.375472 0.016981 0.049057
190 0.164151 0.366038 0.015094 0.030189
191 0.195283 0.366981 0.016981 0.032075
192 0.224528 0.362264 0.007547 0.022642
193 0.023585 0.436792 0.013208 0.035849
194 0.053774 0.434906 0.016981 0.032075
195 0.072642 0.434906 0.013208 0.032075
196 0.098113 0.425472 0.026415 0.013208
197 0.136792 0.425472 0.016981 0.013208
198 0.156604 0.425472 0.015094 0.013208
199 0.192453 0.433962 0.022642 0.030189
200 0.219811 0.431132 0.020755 0.024528
201 0.251887 0.425472 0.013208 0.013208
202 0.281132 0.425472 0.011321 0.013208
203 0.011321 0.485849 0.011321 0.024528
204 0.031132 0.480189 0.016981 0.013208
205 0.059434 0.482075 0.013208 0.016981
206 0.079245 0.482075 0.018868 0.016981
207 0.110377 0.480189 0.016981 0.013208
208 0.131132 0.487736 0.016981 0.028302
209 0.151887 0.488679 0.013208 0.030189
210 0.170755 0.498113 0.013208 0.049057
211 0.193396 0.498113 0.001887 0.049057
212 0.217925 0.498113 0.013208 0.049057
213 0.017925 0.564151 0.028302 0.045283
