133 0.017925 0.033019 0.005660 0.028302
134 0.035849 0.041509 0.026415 0.045283
135 0.074528 0.033962 0.020755 0.030189
136 0.102830 0.034906 0.009434 0.032075
137 0.132075 0.034906 0.022642 0.032075
138 0.154717 0.034906 0.018868 0.032075
139 0.182075 0.034906 0.028302 0.032075
140 0.211321 0.034906 0.018868 0.032075
141 0.232075 0.033962 0.018868 0.030189
142 0.256604 0.034906 0.022642 0.032075
143 0.015094 0.100000 0.018868 0.033962
144 0.048113 0.099057 0.020755 0.032075
145 0.066981 0.094340 0.005660 0.022642
146 0.076415 0.094340 0.005660 0.022642
147 0.094340 0.092453 0.018868 0.018868
148 0.127358 0.088679 0.020755 0.011321
149 0.165094 0.092453 0.020755 0.018868
150 0.191509 0.101887 0.020755 0.037736
151 0.217925 0.096226 0.028302 0.026415
152 0.272642 0.101887 0.047170 0.037736
153 0.022642 0.159434 0.033962 0.039623
154 0.071698 0.158491 0.030189 0.037736
155 0.111321 0.159434 0.041509 0.039623
156 0.156604 0.159434 0.022642 0.039623
157 0.192453 0.158491 0.041509 0.037736
158 0.233019 0.166038 0.032075 0.052830
159 0.269811 0.158491 0.037736 0.037736
160 0.316038 0.160377 0.020755 0.041509
161 0.344340 0.169811 0.028302 0.060377
162 0.380189 0.159434 0.039623 0.039623
163 0.034906 0.237736 0.035849 0.037736
164 0.080189 0.237736 0.050943 0.037736
165 0.133019 0.242453 0.050943 0.047170
166 0.185849 0.238679 0.028302 0.039623
167 0.218868 0.242453 0.033962 0.047170
168 0.272642 0.243396 0.039623 0.049057
169 0.323585 0.237736 0.035849 0.037736
170 0.360377 0.239623 0.030189 0.041509
171 0.405660 0.238679 0.033962 0.039623
172 0.454717 0.237736 0.037736 0.037736
173 0.027358 0.307547 0.043396 0.041509
174 0.079245 0.307547 0.049057 0.041509
175 0.141509 0.307547 0.041509 0.041509
176 0.193396 0.316038 0.035849 0.058491
177 0.239623 0.306604 0.030189 0.039623
178 0.264151 0.309434 0.011321 0.045283
179 0.286792 0.309434 0.026415 0.045283
180 0.320755 0.309434 0.007547 0.045283
181 0.347170 0.303774 0.018868 0.033962
182 0.387736 0.301887 0.028302 0.030189
183 0.009434 0.375472 0.007547 0.022642
184 0.041509 0.372642 0.022642 0.016981
185 0.077358 0.385849 0.015094 0.043396
186 0.097170 0.376415 0.016981 0.024528
187 0.133019 0.386792 0.020755 0.045283
188 0.154717 0.373585 0.018868 0.018868
189 0.187736 0.397170 0.035849 0.066038
190 0.220755 0.388679 0.022642 0.049057
191 0.263208 0.388679 0.028302 0.049057
192 0.303774 0.380189 0.022642 0.032075
193 0.015094 0.475472 0.022642 0.052830
194 0.053774 0.471698 0.020755 0.045283
195 0.090566 0.472642 0.022642 0.047170
196 0.120755 0.459434 0.030189 0.020755
197 0.151887 0.458491 0.028302 0.018868
198 0.176415 0.459434 0.016981 0.020755
199 0.212264 0.474528 0.024528 0.050943
200 0.240566 0.470755 0.020755 0.043396
201 0.263208 0.464151 0.020755 0.030189
202 0.286792 0.464151 0.018868 0.030189
203 0.025472 0.539623 0.024528 0.037736
204 0.051887 0.530189 0.024528 0.018868
205 0.088679 0.532075 0.022642 0.022642
206 0.130189 0.529245 0.033962 0.016981
207 0.163208 0.533962 0.020755 0.026415
208 0.203774 0.542453 0.030189 0.043396
209 0.233019 0.538679 0.016981 0.035849
210 0.254717 0.543396 0.018868 0.045283
211 0.283962 0.545283 0.005660 0.049057
212 0.308491 0.543396 0.016981 0.045283
213 0.026415 0.611321 0.018868 0.045283
