133 0.007547 0.042453 0.007547 0.047170
134 0.023585 0.040566 0.020755 0.043396
135 0.063208 0.036792 0.024528 0.035849
136 0.096226 0.036792 0.015094 0.035849
137 0.130189 0.036792 0.022642 0.035849
138 0.154717 0.036792 0.022642 0.035849
139 0.193396 0.038679 0.024528 0.039623
140 0.220755 0.036792 0.022642 0.035849
141 0.248113 0.036792 0.024528 0.035849
142 0.272642 0.038679 0.020755 0.039623
143 0.027358 0.102830 0.024528 0.035849
144 0.057547 0.102830 0.024528 0.035849
145 0.086792 0.095283 0.007547 0.020755
146 0.099057 0.098113 0.009434 0.026415
147 0.128302 0.099057 0.022642 0.028302
148 0.166981 0.090566 0.020755 0.011321
149 0.192453 0.099057 0.022642 0.028302
150 0.228302 0.103774 0.015094 0.037736
151 0.261321 0.103774 0.039623 0.037736
152 0.302830 0.102830 0.039623 0.035849
153 0.033019 0.160377 0.035849 0.037736
154 0.084906 0.160377 0.033962 0.037736
155 0.137736 0.160377 0.041509 0.037736
156 0.186792 0.160377 0.030189 0.037736
157 0.219811 0.160377 0.028302 0.037736
158 0.267925 0.160377 0.037736 0.037736
159 0.324528 0.160377 0.041509 0.037736
160 0.366981 0.160377 0.016981 0.037736
161 0.401887 0.165094 0.018868 0.047170
162 0.435849 0.160377 0.041509 0.037736
163 0.019811 0.226415 0.032075 0.037736
164 0.075472 0.226415 0.049057 0.037736
165 0.137736 0.226415 0.041509 0.037736
166 0.191509 0.226415 0.039623 0.037736
167 0.244340 0.226415 0.032075 0.037736
168 0.297170 0.231132 0.039623 0.047170
169 0.342453 0.226415 0.039623 0.037736
170 0.376415 0.226415 0.024528 0.037736
171 0.408491 0.226415 0.035849 0.037736
172 0.465094 0.226415 0.043396 0.037736
173 0.033019 0.292453 0.039623 0.037736
174 0.094340 0.292453 0.056604 0.037736
175 0.149057 0.292453 0.041509 0.037736
176 0.189623 0.292453 0.035849 0.037736
177 0.223585 0.292453 0.028302 0.037736
178 0.245283 0.296226 0.011321 0.045283
179 0.266981 0.296226 0.020755 0.045283
180 0.284906 0.296226 0.011321 0.045283
181 0.317925 0.296226 0.028302 0.045283
182 0.359434 0.288679 0.024528 0.030189
183 0.008491 0.349057 0.009434 0.022642
184 0.030189 0.349057 0.022642 0.022642
185 0.068868 0.357547 0.024528 0.039623
186 0.106604 0.349057 0.020755 0.022642
187 0.135849 0.356604 0.026415 0.037736
188 0.161321 0.349057 0.020755 0.022642
189 0.194340 0.357547 0.015094 0.039623
190 0.226415 0.353774 0.022642 0.032075
191 0.266981 0.357547 0.028302 0.039623
192 0.304717 0.355660 0.013208 0.035849
193 0.008491 0.418868 0.013208 0.045283
194 0.034906 0.415094 0.028302 0.037736
195 0.061321 0.416038 0.013208 0.039623
196 0.104717 0.407547 0.043396 0.022642
197 0.154717 0.408491 0.030189 0.024528
198 0.197170 0.407547 0.024528 0.022642
199 0.228302 0.412264 0.026415 0.032075
200 0.258491 0.412264 0.026415 0.032075
201 0.296226 0.407547 0.018868 0.022642
202 0.326415 0.407547 0.015094 0.022642
203 0.022642 0.474528 0.015094 0.028302
204 0.046226 0.471698 0.028302 0.022642
205 0.078302 0.471698 0.024528 0.022642
206 0.126415 0.471698 0.037736 0.022642
207 0.164151 0.471698 0.026415 0.022642
208 0.193396 0.476415 0.024528 0.032075
209 0.227358 0.471698 0.016981 0.022642
210 0.259434 0.483019 0.013208 0.045283
211 0.282075 0.483962 0.005660 0.047170
212 0.305660 0.483019 0.011321 0.045283
213 0.013208 0.549057 0.022642 0.045283
