133 0.016981 0.028302 0.003774 0.018868
134 0.049057 0.038679 0.030189 0.039623
135 0.080189 0.033019 0.024528 0.028302
136 0.101887 0.032075 0.015094 0.026415
137 0.135849 0.033019 0.026415 0.028302
138 0.163208 0.033019 0.024528 0.028302
139 0.192453 0.033019 0.026415 0.028302
140 0.232075 0.033962 0.026415 0.030189
141 0.275472 0.033019 0.026415 0.028302
142 0.300943 0.034906 0.020755 0.032075
143 0.028302 0.091509 0.022642 0.028302
144 0.055660 0.091509 0.024528 0.028302
145 0.086792 0.087736 0.007547 0.020755
146 0.108491 0.091509 0.009434 0.028302
147 0.141509 0.089623 0.030189 0.024528
148 0.177358 0.084906 0.030189 0.015094
149 0.209434 0.091509 0.030189 0.028302
150 0.235849 0.096226 0.018868 0.037736
151 0.285849 0.101887 0.047170 0.049057
152 0.330189 0.095283 0.037736 0.035849
153 0.021698 0.163208 0.035849 0.035849
154 0.059434 0.163208 0.032075 0.035849
155 0.100000 0.163208 0.041509 0.035849
156 0.140566 0.163208 0.035849 0.035849
157 0.190566 0.163208 0.037736 0.035849
158 0.244340 0.163208 0.035849 0.035849
159 0.299057 0.163208 0.047170 0.035849
160 0.339623 0.163208 0.022642 0.035849
161 0.380189 0.163208 0.032075 0.035849
162 0.421698 0.163208 0.039623 0.035849
163 0.034906 0.217925 0.035849 0.035849
164 0.083962 0.217925 0.054717 0.035849
165 0.148113 0.217925 0.047170 0.035849
166 0.195283 0.217925 0.035849 0.035849
167 0.249057 0.217925 0.037736 0.035849
168 0.291509 0.225472 0.035849 0.050943
169 0.341509 0.217925 0.033962 0.035849
170 0.386792 0.217925 0.030189 0.035849
171 0.421698 0.217925 0.035849 0.035849
172 0.470755 0.217925 0.035849 0.035849
173 0.019811 0.286792 0.035849 0.033962
174 0.078302 0.287736 0.054717 0.035849
175 0.138679 0.287736 0.039623 0.035849
176 0.183019 0.287736 0.037736 0.035849
177 0.235849 0.287736 0.033962 0.035849
178 0.284906 0.295283 0.030189 0.050943
179 0.307547 0.289623 0.011321 0.039623
180 0.333019 0.294340 0.028302 0.049057
181 0.371698 0.288679 0.022642 0.037736
182 0.400000 0.284906 0.030189 0.030189
183 0.018868 0.356604 0.007547 0.033962
184 0.035849 0.350943 0.022642 0.022642
185 0.060377 0.358491 0.018868 0.037736
186 0.083962 0.350943 0.016981 0.022642
187 0.123585 0.358491 0.028302 0.037736
188 0.150000 0.350943 0.016981 0.022642
189 0.182075 0.366038 0.039623 0.052830
190 0.234906 0.358491 0.032075 0.037736
191 0.277358 0.358491 0.022642 0.037736
192 0.308491 0.358491 0.013208 0.037736
193 0.018868 0.437736 0.026415 0.052830
194 0.048113 0.430189 0.020755 0.037736
195 0.068868 0.430189 0.013208 0.037736
196 0.108491 0.422642 0.035849 0.022642
197 0.153774 0.422642 0.020755 0.022642
198 0.189623 0.422642 0.020755 0.022642
199 0.229245 0.433962 0.028302 0.045283
200 0.267925 0.430189 0.022642 0.037736
201 0.305660 0.422642 0.018868 0.022642
202 0.326415 0.422642 0.015094 0.022642
203 0.019811 0.499057 0.013208 0.032075
204 0.040566 0.494340 0.020755 0.022642
205 0.064151 0.494340 0.022642 0.022642
206 0.099057 0.494340 0.035849 0.022642
207 0.132075 0.494340 0.026415 0.022642
208 0.162264 0.501887 0.026415 0.037736
209 0.191509 0.494340 0.024528 0.022642
210 0.215094 0.508491 0.015094 0.050943
211 0.238679 0.509434 0.001887 0.052830
212 0.262264 0.508491 0.015094 0.050943
213 0.031132 0.577358 0.028302 0.045283
