133 0.008491 0.047170 0.009434 0.056604
134 0.027358 0.041509 0.024528 0.045283
135 0.057547 0.036792 0.028302 0.035849
136 0.085849 0.036792 0.024528 0.035849
137 0.116038 0.036792 0.024528 0.035849
138 0.146226 0.036792 0.024528 0.035849
139 0.174528 0.036792 0.028302 0.035849
140 0.206604 0.036792 0.024528 0.035849
141 0.233019 0.036792 0.024528 0.035849
142 0.261321 0.036792 0.024528 0.035849
143 0.014151 0.112264 0.024528 0.035849
144 0.043396 0.112264 0.026415 0.035849
145 0.076415 0.108491 0.009434 0.028302
146 0.101887 0.113208 0.015094 0.037736
147 0.136792 0.110377 0.020755 0.032075
148 0.171698 0.102830 0.022642 0.016981
149 0.198113 0.110377 0.022642 0.032075
150 0.232075 0.114151 0.018868 0.039623
151 0.273585 0.119811 0.030189 0.050943
152 0.307547 0.112264 0.030189 0.035849
153 0.014151 0.182075 0.024528 0.035849
154 0.043396 0.182075 0.026415 0.035849
155 0.087736 0.182075 0.028302 0.035849
156 0.129245 0.182075 0.020755 0.035849
157 0.151887 0.182075 0.020755 0.035849
158 0.179245 0.182075 0.026415 0.035849
159 0.207547 0.182075 0.026415 0.035849
160 0.235849 0.182075 0.022642 0.035849
161 0.269811 0.182075 0.018868 0.035849
162 0.309434 0.182075 0.026415 0.035849
163 0.028302 0.236792 0.022642 0.035849
164 0.057547 0.236792 0.028302 0.035849
165 0.100000 0.236792 0.026415 0.035849
166 0.129245 0.236792 0.028302 0.035849
167 0.157547 0.236792 0.024528 0.035849
168 0.185849 0.242453 0.028302 0.047170
169 0.216038 0.236792 0.024528 0.035849
170 0.255660 0.236792 0.024528 0.035849
171 0.284906 0.236792 0.026415 0.035849
172 0.313208 0.236792 0.026415 0.035849
173 0.030189 0.302830 0.030189 0.035849
174 0.076415 0.302830 0.028302 0.035849
175 0.108491 0.302830 0.028302 0.035849
176 0.139623 0.302830 0.030189 0.035849
177 0.183962 0.302830 0.024528 0.035849
178 0.208491 0.310377 0.013208 0.050943
179 0.242453 0.307547 0.024528 0.045283
180 0.278302 0.310377 0.013208 0.050943
181 0.312264 0.301887 0.024528 0.033962
182 0.345283 0.307547 0.030189 0.045283
183 0.023585 0.366038 0.013208 0.022642
184 0.043396 0.368868 0.022642 0.028302
185 0.072642 0.374528 0.024528 0.039623
186 0.100000 0.368868 0.022642 0.028302
187 0.138679 0.374528 0.024528 0.039623
188 0.166981 0.368868 0.024528 0.028302
189 0.209434 0.374528 0.026415 0.039623
190 0.250943 0.374528 0.026415 0.039623
191 0.290566 0.374528 0.022642 0.039623
192 0.317925 0.374528 0.024528 0.039623
193 0.014151 0.438679 0.020755 0.050943
194 0.050000 0.433019 0.024528 0.039623
195 0.078302 0.433019 0.024528 0.039623
196 0.121698 0.427358 0.028302 0.028302
197 0.164151 0.427358 0.022642 0.028302
198 0.192453 0.427358 0.026415 0.028302
199 0.231132 0.433019 0.024528 0.039623
200 0.268868 0.433019 0.024528 0.039623
201 0.307547 0.427358 0.022642 0.028302
202 0.345283 0.427358 0.022642 0.028302
203 0.017925 0.501887 0.024528 0.037736
204 0.056604 0.497170 0.022642 0.028302
205 0.085849 0.497170 0.028302 0.028302
206 0.116981 0.497170 0.030189 0.028302
207 0.150000 0.497170 0.028302 0.028302
208 0.182075 0.502830 0.028302 0.039623
209 0.222642 0.497170 0.022642 0.028302
210 0.257547 0.508491 0.020755 0.050943
211 0.287736 0.511321 0.005660 0.056604
212 0.302830 0.508491 0.020755 0.050943
213 0.019811 0.598113 0.028302 0.079245
