133 0.006604 0.033019 0.005660 0.028302
134 0.029245 0.033019 0.009434 0.028302
135 0.060377 0.032075 0.018868 0.026415
136 0.077358 0.032075 0.011321 0.026415
137 0.094340 0.032075 0.018868 0.026415
138 0.129245 0.032075 0.016981 0.026415
139 0.148113 0.032075 0.016981 0.026415
140 0.168868 0.031132 0.016981 0.024528
141 0.188679 0.032075 0.018868 0.026415
142 0.213208 0.031132 0.018868 0.024528
143 0.013208 0.079245 0.018868 0.026415
144 0.049057 0.079245 0.018868 0.026415
145 0.065094 0.074528 0.005660 0.016981
146 0.073585 0.077358 0.007547 0.022642
147 0.100943 0.075472 0.016981 0.018868
148 0.132075 0.070755 0.018868 0.009434
149 0.167925 0.075472 0.018868 0.018868
150 0.185849 0.079245 0.013208 0.026415
151 0.223585 0.079245 0.028302 0.026415
152 0.267925 0.079245 0.026415 0.026415
153 0.027358 0.124528 0.024528 0.026415
154 0.057547 0.124528 0.024528 0.026415
155 0.100000 0.124528 0.030189 0.026415
156 0.141509 0.124528 0.022642 0.026415
157 0.166038 0.124528 0.022642 0.026415
158 0.191509 0.124528 0.024528 0.026415
159 0.233962 0.124528 0.033962 0.026415
160 0.261321 0.124528 0.016981 0.026415
161 0.295283 0.127358 0.016981 0.032075
162 0.331132 0.124528 0.028302 0.026415
163 0.027358 0.175472 0.020755 0.026415
164 0.058491 0.175472 0.037736 0.026415
165 0.110377 0.175472 0.032075 0.026415
166 0.141509 0.175472 0.026415 0.026415
167 0.182075 0.175472 0.024528 0.026415
168 0.224528 0.179245 0.026415 0.033962
169 0.265094 0.175472 0.024528 0.026415
170 0.302830 0.175472 0.016981 0.026415
171 0.327358 0.175472 0.024528 0.026415
172 0.355660 0.175472 0.028302 0.026415
173 0.016981 0.228302 0.026415 0.026415
174 0.063208 0.228302 0.035849 0.026415
175 0.112264 0.228302 0.028302 0.026415
176 0.153774 0.228302 0.024528 0.026415
177 0.196226 0.228302 0.026415 0.026415
178 0.227358 0.233019 0.005660 0.035849
179 0.237736 0.229245 0.007547 0.028302
180 0.250943 0.233019 0.007547 0.035849
181 0.266981 0.232075 0.016981 0.033962
182 0.291509 0.222642 0.020755 0.015094
183 0.016038 0.278302 0.005660 0.016981
184 0.041509 0.279245 0.018868 0.018868
185 0.062264 0.283962 0.018868 0.028302
186 0.084906 0.279245 0.015094 0.018868
187 0.106604 0.283962 0.020755 0.028302
188 0.130189 0.279245 0.015094 0.018868
189 0.155660 0.288679 0.024528 0.037736
190 0.196226 0.283962 0.022642 0.028302
191 0.233019 0.283962 0.016981 0.028302
192 0.261321 0.283019 0.009434 0.026415
193 0.022642 0.344340 0.015094 0.035849
194 0.053774 0.340566 0.016981 0.028302
195 0.070755 0.340566 0.009434 0.028302
196 0.106604 0.335849 0.028302 0.018868
197 0.135849 0.335849 0.018868 0.018868
198 0.159434 0.335849 0.016981 0.018868
199 0.183019 0.341509 0.022642 0.030189
200 0.217925 0.340566 0.016981 0.028302
201 0.235849 0.335849 0.015094 0.018868
202 0.253774 0.335849 0.013208 0.018868
203 0.009434 0.393396 0.011321 0.024528
204 0.025472 0.390566 0.016981 0.018868
205 0.059434 0.390566 0.016981 0.018868
206 0.098113 0.390566 0.026415 0.018868
207 0.136792 0.390566 0.020755 0.018868
208 0.172642 0.395283 0.020755 0.028302
209 0.193396 0.390566 0.016981 0.018868
210 0.221698 0.399057 0.009434 0.035849
211 0.245283 0.400943 0.003774 0.039623
212 0.268868 0.399057 0.009434 0.035849
213 0.023585 0.456604 0.016981 0.033962
