33 0.017925 0.019811 0.028302 0.001887
34 0.050000 0.019811 0.028302 0.001887
35 0.082075 0.019811 0.028302 0.001887
36 0.116038 0.019811 0.028302 0.001887
37 0.148113 0.019811 0.028302 0.001887
38 0.189623 0.019811 0.028302 0.001887
39 0.231132 0.019811 0.028302 0.001887
40 0.276415 0.019811 0.028302 0.001887
41 0.308491 0.019811 0.028302 0.001887
42 0.342453 0.019811 0.028302 0.001887
43 0.029245 0.040566 0.028302 0.001887
44 0.061321 0.040566 0.028302 0.001887
45 0.102830 0.040566 0.028302 0.001887
46 0.133019 0.040566 0.028302 0.001887
47 0.163208 0.040566 0.028302 0.001887
48 0.197170 0.040566 0.028302 0.001887
49 0.231132 0.040566 0.028302 0.001887
50 0.263208 0.040566 0.028302 0.001887
51 0.304717 0.040566 0.028302 0.001887
52 0.336792 0.040566 0.028302 0.001887
53 0.016038 0.061321 0.028302 0.001887
54 0.050000 0.061321 0.028302 0.001887
55 0.091509 0.061321 0.028302 0.001887
56 0.134906 0.061321 0.028302 0.001887
57 0.176415 0.061321 0.028302 0.001887
58 0.221698 0.061321 0.028302 0.001887
59 0.251887 0.061321 0.028302 0.001887
60 0.297170 0.061321 0.028302 0.001887
61 0.327358 0.061321 0.028302 0.001887
62 0.361321 0.061321 0.028302 0.001887
63 0.027358 0.082075 0.028302 0.001887
64 0.057547 0.082075 0.028302 0.001887
65 0.091509 0.082075 0.028302 0.001887
66 0.133019 0.082075 0.028302 0.001887
67 0.176415 0.082075 0.028302 0.001887
68 0.210377 0.082075 0.028302 0.001887
69 0.242453 0.082075 0.028302 0.001887
70 0.285849 0.082075 0.028302 0.001887
71 0.331132 0.082075 0.028302 0.001887
72 0.374528 0.082075 0.028302 0.001887
73 0.031132 0.102830 0.028302 0.001887
74 0.074528 0.102830 0.028302 0.001887
75 0.108491 0.102830 0.028302 0.001887
76 0.142453 0.102830 0.028302 0.001887
77 0.183962 0.102830 0.028302 0.001887
78 0.214151 0.102830 0.028302 0.001887
79 0.259434 0.102830 0.028302 0.001887
80 0.293396 0.102830 0.028302 0.001887
81 0.327358 0.102830 0.028302 0.001887
82 0.368868 0.102830 0.028302 0.001887
83 0.016038 0.123585 0.028302 0.001887
84 0.048113 0.123585 0.028302 0.001887
85 0.080189 0.123585 0.028302 0.001887
86 0.114151 0.123585 0.028302 0.001887
87 0.130189 0.122642 0.000000 0.000000
88 0.143396 0.122642 0.000000 0.000000
89 0.158491 0.122642 0.000000 0.000000
90 0.171698 0.122642 0.000000 0.000000
91 0.184906 0.122642 0.000000 0.000000
92 0.200000 0.122642 0.000000 0.000000
93 0.016981 0.143396 0.000000 0.000000
94 0.033962 0.143396 0.000000 0.000000
95 0.050943 0.143396 0.000000 0.000000
96 0.056604 0.143396 0.000000 0.000000
97 0.058491 0.143396 0.000000 0.000000
98 0.071698 0.143396 0.000000 0.000000
99 0.075472 0.143396 0.000000 0.000000
100 0.088679 0.143396 0.000000 0.000000
101 0.103774 0.143396 0.000000 0.000000
102 0.116981 0.143396 0.000000 0.000000
103 0.003774 0.162264 0.000000 0.000000
104 0.007547 0.162264 0.000000 0.000000
105 0.011321 0.162264 0.000000 0.000000
106 0.016981 0.162264 0.000000 0.000000
107 0.018868 0.162264 0.000000 0.000000
108 0.020755 0.162264 0.000000 0.000000
109 0.033962 0.162264 0.000000 0.000000
110 0.047170 0.162264 0.000000 0.000000
111 0.049057 0.162264 0.000000 0.000000
112 0.054717 0.162264 0.000000 0.000000
113 0.005660 0.181132 0.000000 0.000000
114 0.018868 0.181132 0.000000 0.000000
115 0.032075 0.181132 0.000000 0.000000
116 0.049057 0.181132 0.000000 0.000000
117 0.054717 0.181132 0.000000 0.000000
118 0.056604 0.181132 0.000000 0.000000
119 0.073585 0.181132 0.000000 0.000000
120 0.091509 0.200943 0.005660 0.039623
121 0.116981 0.203774 0.015094 0.045283
122 0.143396 0.200000 0.033962 0.037736
123 0.013208 0.268868 0.022642 0.047170
124 0.058491 0.266038 0.041509 0.041509
125 0.116981 0.265094 0.041509 0.039623
126 0.144340 0.267925 0.005660 0.045283
127 0.156604 0.271698 0.015094 0.052830
128 0.174528 0.269811 0.013208 0.049057
129 0.196226 0.255660 0.022642 0.020755
130 0.237736 0.260377 0.030189 0.030189
131 0.269811 0.267925 0.007547 0.045283
132 0.297170 0.256604 0.013208 0.022642
