133 0.016981 0.037736 0.007547 0.037736
134 0.037736 0.045283 0.030189 0.052830
135 0.071698 0.033962 0.030189 0.030189
136 0.111321 0.033962 0.018868 0.030189
137 0.141509 0.033962 0.030189 0.030189
138 0.187736 0.038679 0.028302 0.039623
139 0.231132 0.038679 0.028302 0.039623
140 0.262264 0.038679 0.030189 0.039623
141 0.294340 0.038679 0.026415 0.039623
142 0.326415 0.038679 0.030189 0.039623
143 0.030189 0.110377 0.030189 0.039623
144 0.073585 0.110377 0.026415 0.039623
145 0.109434 0.104717 0.011321 0.028302
146 0.128302 0.109434 0.015094 0.037736
147 0.166038 0.103774 0.026415 0.026415
148 0.205660 0.097170 0.026415 0.013208
149 0.235849 0.103774 0.026415 0.026415
150 0.266038 0.110377 0.022642 0.039623
151 0.316038 0.114151 0.043396 0.047170
152 0.372642 0.110377 0.039623 0.039623
153 0.033019 0.176415 0.035849 0.039623
154 0.082075 0.176415 0.035849 0.039623
155 0.122642 0.176415 0.041509 0.039623
156 0.164151 0.176415 0.037736 0.039623
157 0.216981 0.176415 0.037736 0.039623
158 0.269811 0.176415 0.037736 0.039623
159 0.326415 0.176415 0.049057 0.039623
160 0.380189 0.176415 0.024528 0.039623
161 0.426415 0.176415 0.033962 0.039623
162 0.466981 0.176415 0.043396 0.039623
163 0.017925 0.234906 0.032075 0.039623
164 0.064151 0.234906 0.056604 0.039623
165 0.133019 0.234906 0.050943 0.039623
166 0.181132 0.234906 0.037736 0.039623
167 0.234906 0.234906 0.035849 0.039623
168 0.284906 0.240566 0.037736 0.050943
169 0.324528 0.234906 0.037736 0.039623
170 0.372642 0.234906 0.032075 0.039623
171 0.410377 0.234906 0.035849 0.039623
172 0.464151 0.234906 0.041509 0.039623
173 0.036792 0.304717 0.039623 0.039623
174 0.089623 0.304717 0.054717 0.039623
175 0.152830 0.304717 0.045283 0.039623
176 0.198113 0.304717 0.037736 0.039623
177 0.250000 0.304717 0.039623 0.039623
178 0.283962 0.310377 0.024528 0.050943
179 0.317925 0.311321 0.009434 0.052830
180 0.352830 0.310377 0.026415 0.050943
181 0.393396 0.303774 0.024528 0.037736
182 0.429245 0.292453 0.035849 0.015094
183 0.008491 0.373585 0.009434 0.033962
184 0.029245 0.370755 0.028302 0.028302
185 0.061321 0.378302 0.024528 0.043396
186 0.101887 0.370755 0.022642 0.028302
187 0.143396 0.378302 0.030189 0.043396
188 0.175472 0.370755 0.022642 0.028302
189 0.218868 0.384906 0.037736 0.056604
190 0.254717 0.377358 0.030189 0.041509
191 0.297170 0.378302 0.028302 0.043396
192 0.332075 0.377358 0.015094 0.041509
193 0.026415 0.459434 0.026415 0.054717
194 0.059434 0.453774 0.028302 0.043396
195 0.083962 0.453774 0.013208 0.043396
196 0.128302 0.446226 0.045283 0.028302
197 0.169811 0.446226 0.030189 0.028302
198 0.200000 0.446226 0.026415 0.028302
199 0.233962 0.452830 0.033962 0.041509
200 0.270755 0.452830 0.028302 0.041509
201 0.310377 0.446226 0.024528 0.028302
202 0.337736 0.446226 0.022642 0.028302
203 0.014151 0.523585 0.016981 0.035849
204 0.038679 0.519811 0.028302 0.028302
205 0.083019 0.519811 0.026415 0.028302
206 0.134906 0.519811 0.043396 0.028302
207 0.187736 0.519811 0.028302 0.028302
208 0.233962 0.526415 0.030189 0.041509
209 0.265094 0.519811 0.024528 0.028302
210 0.307547 0.531132 0.026415 0.050943
211 0.328302 0.532075 0.003774 0.052830
212 0.345283 0.531132 0.026415 0.050943
213 0.030189 0.605660 0.026415 0.056604
