133 0.004717 0.033019 0.005660 0.028302
134 0.019811 0.040566 0.016981 0.043396
135 0.046226 0.037736 0.024528 0.037736
136 0.082075 0.037736 0.016981 0.037736
137 0.108491 0.037736 0.024528 0.037736
138 0.134906 0.037736 0.024528 0.037736
139 0.176415 0.037736 0.024528 0.037736
140 0.201887 0.037736 0.022642 0.037736
141 0.242453 0.037736 0.024528 0.037736
142 0.272642 0.037736 0.024528 0.037736
143 0.025472 0.100000 0.024528 0.037736
144 0.065094 0.100000 0.024528 0.037736
145 0.085849 0.093396 0.005660 0.024528
146 0.105660 0.097170 0.007547 0.032075
147 0.123585 0.093396 0.020755 0.024528
148 0.150000 0.085849 0.024528 0.009434
149 0.178302 0.093396 0.020755 0.024528
150 0.213208 0.100000 0.018868 0.037736
151 0.261321 0.103774 0.043396 0.045283
152 0.317925 0.100000 0.039623 0.037736
153 0.028302 0.164151 0.030189 0.037736
154 0.063208 0.164151 0.032075 0.037736
155 0.102830 0.164151 0.035849 0.037736
156 0.151887 0.164151 0.028302 0.037736
157 0.181132 0.164151 0.026415 0.037736
158 0.216981 0.164151 0.037736 0.037736
159 0.272642 0.164151 0.039623 0.037736
160 0.303774 0.164151 0.015094 0.037736
161 0.333962 0.169811 0.015094 0.049057
162 0.374528 0.164151 0.035849 0.037736
163 0.019811 0.232075 0.028302 0.037736
164 0.074528 0.232075 0.047170 0.037736
165 0.118868 0.232075 0.037736 0.037736
166 0.173585 0.232075 0.037736 0.037736
167 0.211321 0.232075 0.030189 0.037736
168 0.252830 0.237736 0.049057 0.049057
169 0.300000 0.232075 0.033962 0.037736
170 0.334906 0.232075 0.024528 0.037736
171 0.367925 0.232075 0.030189 0.037736
172 0.403774 0.232075 0.037736 0.037736
173 0.021698 0.300000 0.039623 0.037736
174 0.076415 0.300000 0.058491 0.037736
175 0.137736 0.300000 0.037736 0.037736
176 0.181132 0.300000 0.037736 0.037736
177 0.216981 0.300000 0.030189 0.037736
178 0.253774 0.306604 0.009434 0.050943
179 0.282075 0.302830 0.016981 0.043396
180 0.299057 0.306604 0.009434 0.050943
181 0.327358 0.301887 0.020755 0.041509
182 0.353774 0.288679 0.028302 0.015094
183 0.009434 0.365094 0.007547 0.028302
184 0.029245 0.363208 0.020755 0.024528
185 0.057547 0.370755 0.028302 0.039623
186 0.087736 0.363208 0.020755 0.024528
187 0.115094 0.370755 0.026415 0.039623
188 0.155660 0.363208 0.020755 0.024528
189 0.179245 0.370755 0.018868 0.039623
190 0.217925 0.369811 0.024528 0.037736
191 0.261321 0.370755 0.028302 0.039623
192 0.283962 0.369811 0.013208 0.037736
193 0.008491 0.434906 0.009434 0.050943
194 0.040566 0.429245 0.028302 0.039623
195 0.066981 0.429245 0.013208 0.039623
196 0.100943 0.421698 0.043396 0.024528
197 0.140566 0.421698 0.028302 0.024528
198 0.168868 0.421698 0.024528 0.024528
199 0.199057 0.428302 0.028302 0.037736
200 0.232075 0.428302 0.026415 0.037736
201 0.258491 0.421698 0.018868 0.024528
202 0.291509 0.421698 0.016981 0.024528
203 0.011321 0.494340 0.015094 0.030189
204 0.039623 0.491509 0.030189 0.024528
205 0.083962 0.491509 0.028302 0.024528
206 0.136792 0.491509 0.043396 0.024528
207 0.176415 0.491509 0.028302 0.024528
208 0.219811 0.498113 0.028302 0.037736
209 0.261321 0.491509 0.020755 0.024528
210 0.284906 0.504717 0.015094 0.050943
211 0.295283 0.509434 0.001887 0.060377
212 0.306604 0.504717 0.013208 0.050943
213 0.014151 0.575472 0.024528 0.033962
