133 0.016038 0.037736 0.005660 0.037736
134 0.032075 0.044340 0.015094 0.050943
135 0.058491 0.037736 0.026415 0.037736
136 0.082075 0.038679 0.016981 0.039623
137 0.119811 0.038679 0.032075 0.039623
138 0.167925 0.040566 0.030189 0.043396
139 0.202830 0.039623 0.035849 0.041509
140 0.248113 0.039623 0.024528 0.041509
141 0.288679 0.040566 0.026415 0.043396
142 0.327358 0.038679 0.024528 0.039623
143 0.022642 0.110377 0.033962 0.043396
144 0.068868 0.109434 0.028302 0.041509
145 0.102830 0.102830 0.005660 0.028302
146 0.111321 0.105660 0.007547 0.033962
147 0.140566 0.099057 0.024528 0.020755
148 0.166981 0.096226 0.024528 0.015094
149 0.192453 0.100943 0.022642 0.024528
150 0.233019 0.106604 0.024528 0.035849
151 0.273585 0.110377 0.049057 0.043396
152 0.318868 0.110377 0.033962 0.043396
153 0.032075 0.170755 0.037736 0.039623
154 0.081132 0.169811 0.026415 0.037736
155 0.114151 0.170755 0.035849 0.039623
156 0.160377 0.169811 0.030189 0.037736
157 0.193396 0.171698 0.032075 0.041509
158 0.242453 0.176415 0.035849 0.050943
159 0.283962 0.177358 0.035849 0.052830
160 0.334906 0.171698 0.032075 0.041509
161 0.373585 0.172642 0.033962 0.043396
162 0.407547 0.171698 0.026415 0.041509
163 0.016981 0.240566 0.022642 0.035849
164 0.050000 0.242453 0.039623 0.039623
165 0.098113 0.239623 0.026415 0.033962
166 0.143396 0.241509 0.033962 0.037736
167 0.179245 0.239623 0.030189 0.033962
168 0.213208 0.246226 0.033962 0.047170
169 0.268868 0.243396 0.043396 0.041509
170 0.316981 0.243396 0.026415 0.041509
171 0.350000 0.241509 0.035849 0.037736
172 0.388679 0.242453 0.030189 0.039623
173 0.030189 0.308491 0.030189 0.039623
174 0.064151 0.306604 0.033962 0.035849
175 0.093396 0.308491 0.020755 0.039623
176 0.119811 0.309434 0.024528 0.041509
177 0.150000 0.307547 0.024528 0.037736
178 0.171698 0.312264 0.015094 0.047170
179 0.203774 0.314151 0.015094 0.050943
180 0.220755 0.312264 0.015094 0.047170
181 0.245283 0.313208 0.022642 0.049057
182 0.284906 0.296226 0.026415 0.015094
183 0.021698 0.372642 0.009434 0.028302
184 0.043396 0.372642 0.022642 0.028302
185 0.082075 0.379245 0.024528 0.041509
186 0.118868 0.373585 0.015094 0.030189
187 0.150000 0.380189 0.020755 0.043396
188 0.183962 0.372642 0.020755 0.028302
189 0.219811 0.383019 0.024528 0.049057
190 0.248113 0.382075 0.024528 0.047170
191 0.278302 0.380189 0.024528 0.043396
192 0.297170 0.378302 0.005660 0.039623
193 0.021698 0.452830 0.013208 0.052830
194 0.042453 0.448113 0.024528 0.043396
195 0.072642 0.446226 0.001887 0.039623
196 0.105660 0.441509 0.033962 0.030189
197 0.135849 0.441509 0.018868 0.030189
198 0.156604 0.439623 0.018868 0.026415
199 0.181132 0.445283 0.026415 0.037736
200 0.219811 0.447170 0.020755 0.041509
201 0.253774 0.441509 0.016981 0.030189
202 0.278302 0.441509 0.020755 0.030189
203 0.018868 0.515094 0.026415 0.033962
204 0.058491 0.513208 0.022642 0.030189
205 0.086792 0.515094 0.030189 0.033962
206 0.135849 0.513208 0.037736 0.030189
207 0.179245 0.514151 0.018868 0.032075
208 0.203774 0.517925 0.018868 0.039623
209 0.228302 0.512264 0.022642 0.028302
210 0.250000 0.523585 0.013208 0.050943
211 0.275472 0.525472 0.003774 0.054717
212 0.285849 0.523585 0.013208 0.050943
213 0.028302 0.605660 0.030189 0.067925
