133 0.008491 0.037736 0.005660 0.037736
134 0.028302 0.036792 0.022642 0.035849
135 0.066981 0.036792 0.043396 0.035849
136 0.104717 0.036792 0.024528 0.035849
137 0.139623 0.036792 0.037736 0.035849
138 0.183019 0.036792 0.037736 0.035849
139 0.241509 0.036792 0.045283 0.035849
140 0.288679 0.037736 0.041509 0.037736
141 0.349057 0.036792 0.045283 0.035849
142 0.397170 0.037736 0.039623 0.037736
143 0.039623 0.093396 0.045283 0.035849
144 0.100000 0.093396 0.041509 0.035849
145 0.140566 0.086792 0.005660 0.022642
146 0.160377 0.090566 0.007547 0.030189
147 0.188679 0.087736 0.022642 0.024528
148 0.217925 0.083019 0.024528 0.015094
149 0.257547 0.087736 0.020755 0.024528
150 0.284906 0.095283 0.030189 0.039623
151 0.344340 0.095283 0.054717 0.039623
152 0.411321 0.094340 0.045283 0.037736
153 0.021698 0.151887 0.039623 0.035849
154 0.066038 0.151887 0.037736 0.035849
155 0.108491 0.151887 0.039623 0.035849
156 0.151887 0.151887 0.035849 0.035849
157 0.199057 0.151887 0.032075 0.035849
158 0.244340 0.151887 0.047170 0.035849
159 0.301887 0.151887 0.037736 0.035849
160 0.339623 0.151887 0.007547 0.035849
161 0.372642 0.153774 0.032075 0.039623
162 0.410377 0.151887 0.035849 0.035849
163 0.031132 0.210377 0.028302 0.035849
164 0.071698 0.210377 0.049057 0.035849
165 0.132075 0.210377 0.037736 0.035849
166 0.173585 0.211321 0.041509 0.037736
167 0.227358 0.210377 0.035849 0.035849
168 0.269811 0.212264 0.045283 0.039623
169 0.327358 0.210377 0.039623 0.035849
170 0.381132 0.210377 0.041509 0.035849
171 0.425472 0.210377 0.035849 0.035849
172 0.473585 0.210377 0.033962 0.035849
173 0.032075 0.268868 0.037736 0.035849
174 0.091509 0.268868 0.054717 0.035849
175 0.152830 0.268868 0.033962 0.035849
176 0.196226 0.268868 0.045283 0.035849
177 0.240566 0.268868 0.039623 0.035849
178 0.270755 0.276415 0.016981 0.050943
179 0.294340 0.268868 0.022642 0.035849
180 0.317925 0.276415 0.016981 0.050943
181 0.340566 0.267925 0.024528 0.033962
182 0.383962 0.266038 0.028302 0.030189
183 0.009434 0.334906 0.011321 0.028302
184 0.035849 0.333019 0.030189 0.024528
185 0.069811 0.338679 0.030189 0.035849
186 0.116981 0.333019 0.030189 0.024528
187 0.150000 0.338679 0.032075 0.035849
188 0.196226 0.333019 0.030189 0.024528
189 0.228302 0.339623 0.026415 0.037736
190 0.269811 0.338679 0.030189 0.035849
191 0.313208 0.338679 0.026415 0.035849
192 0.333962 0.338679 0.007547 0.035849
193 0.012264 0.401887 0.020755 0.049057
194 0.041509 0.395283 0.026415 0.035849
195 0.071698 0.395283 0.007547 0.035849
196 0.100943 0.389623 0.047170 0.024528
197 0.141509 0.389623 0.026415 0.024528
198 0.187736 0.389623 0.032075 0.024528
199 0.233962 0.398113 0.030189 0.041509
200 0.274528 0.398113 0.039623 0.041509
201 0.307547 0.389623 0.022642 0.024528
202 0.348113 0.389623 0.032075 0.024528
203 0.033962 0.460377 0.033962 0.030189
204 0.069811 0.457547 0.026415 0.024528
205 0.111321 0.457547 0.030189 0.024528
206 0.165094 0.457547 0.043396 0.024528
207 0.205660 0.457547 0.030189 0.024528
208 0.244340 0.463208 0.035849 0.035849
209 0.279245 0.457547 0.030189 0.024528
210 0.312264 0.470755 0.024528 0.050943
211 0.332075 0.473585 0.007547 0.056604
212 0.361321 0.470755 0.024528 0.050943
213 0.016981 0.554717 0.026415 0.067925
