133 0.007547 0.033019 0.003774 0.028302
134 0.056604 0.041509 0.064151 0.045283
135 0.109434 0.034906 0.030189 0.032075
136 0.154717 0.034906 0.026415 0.032075
137 0.200000 0.034906 0.037736 0.032075
138 0.237736 0.034906 0.033962 0.032075
139 0.274528 0.034906 0.032075 0.032075
140 0.309434 0.034906 0.030189 0.032075
141 0.350943 0.034906 0.026415 0.032075
142 0.396226 0.033962 0.030189 0.030189
143 0.016981 0.099057 0.030189 0.032075
144 0.058491 0.099057 0.026415 0.032075
145 0.080189 0.090566 0.013208 0.015094
146 0.107547 0.092453 0.015094 0.018868
147 0.128302 0.096226 0.022642 0.026415
148 0.164151 0.085849 0.022642 0.005660
149 0.203774 0.096226 0.022642 0.026415
150 0.233962 0.099057 0.033962 0.032075
151 0.272642 0.101887 0.039623 0.037736
152 0.337736 0.102830 0.056604 0.039623
153 0.027358 0.162264 0.047170 0.041509
154 0.074528 0.162264 0.043396 0.041509
155 0.132075 0.161321 0.045283 0.039623
156 0.181132 0.161321 0.045283 0.039623
157 0.244340 0.163208 0.050943 0.043396
158 0.313208 0.169811 0.052830 0.056604
159 0.386792 0.162264 0.064151 0.041509
160 0.440566 0.162264 0.035849 0.041509
161 0.496226 0.168868 0.049057 0.054717
162 0.550943 0.160377 0.056604 0.037736
163 0.032075 0.236792 0.056604 0.039623
164 0.092453 0.235849 0.060377 0.037736
165 0.150000 0.235849 0.050943 0.037736
166 0.208491 0.235849 0.035849 0.037736
167 0.249057 0.236792 0.041509 0.039623
168 0.289623 0.235849 0.035849 0.037736
169 0.343396 0.235849 0.045283 0.037736
170 0.406604 0.237736 0.050943 0.041509
171 0.460377 0.237736 0.052830 0.041509
172 0.513208 0.235849 0.049057 0.037736
173 0.035849 0.298113 0.045283 0.041509
174 0.101887 0.297170 0.060377 0.039623
175 0.175472 0.296226 0.056604 0.037736
176 0.230189 0.304717 0.049057 0.054717
177 0.287736 0.303774 0.054717 0.052830
178 0.343396 0.302830 0.049057 0.050943
179 0.374528 0.300000 0.009434 0.045283
180 0.418868 0.302830 0.049057 0.050943
181 0.472642 0.300000 0.028302 0.045283
182 0.514151 0.284906 0.024528 0.015094
183 0.005660 0.359434 0.003774 0.016981
184 0.024528 0.358491 0.026415 0.015094
185 0.060377 0.367925 0.037736 0.033962
186 0.096226 0.358491 0.026415 0.015094
187 0.136792 0.367925 0.043396 0.033962
188 0.172642 0.358491 0.024528 0.015094
189 0.216981 0.376415 0.037736 0.050943
190 0.268868 0.366981 0.032075 0.032075
191 0.320755 0.367925 0.037736 0.033962
192 0.357547 0.363208 0.028302 0.024528
193 0.031132 0.440566 0.035849 0.039623
194 0.072642 0.436792 0.035849 0.032075
195 0.115094 0.436792 0.037736 0.032075
196 0.166038 0.428302 0.037736 0.015094
197 0.205660 0.428302 0.030189 0.015094
198 0.248113 0.428302 0.024528 0.015094
199 0.291509 0.435849 0.032075 0.030189
200 0.333962 0.436792 0.026415 0.032075
201 0.370755 0.429245 0.020755 0.016981
202 0.409434 0.428302 0.022642 0.015094
203 0.031132 0.492453 0.032075 0.026415
204 0.078302 0.486792 0.028302 0.015094
205 0.119811 0.486792 0.028302 0.015094
206 0.166981 0.486792 0.035849 0.015094
207 0.213208 0.486792 0.030189 0.015094
208 0.246226 0.495283 0.032075 0.032075
209 0.290566 0.494340 0.026415 0.030189
210 0.343396 0.504717 0.045283 0.050943
211 0.380189 0.502830 0.001887 0.047170
212 0.418868 0.504717 0.045283 0.050943
213 0.013208 0.566038 0.015094 0.033962
