133 0.010377 0.037736 0.009434 0.037736
134 0.033962 0.041509 0.026415 0.045283
135 0.066038 0.041509 0.033962 0.045283
136 0.094340 0.040566 0.018868 0.043396
137 0.123585 0.040566 0.028302 0.043396
138 0.167925 0.041509 0.026415 0.045283
139 0.200000 0.040566 0.033962 0.043396
140 0.247170 0.041509 0.030189 0.045283
141 0.292453 0.041509 0.030189 0.045283
142 0.327358 0.041509 0.032075 0.045283
143 0.018868 0.105660 0.030189 0.045283
144 0.062264 0.105660 0.030189 0.045283
145 0.096226 0.097170 0.007547 0.028302
146 0.120755 0.101887 0.011321 0.037736
147 0.148113 0.095283 0.016981 0.024528
148 0.171698 0.091509 0.022642 0.016981
149 0.195283 0.096226 0.020755 0.026415
150 0.233019 0.105660 0.028302 0.045283
151 0.283962 0.107547 0.047170 0.049057
152 0.337736 0.105660 0.033962 0.045283
153 0.016981 0.173585 0.030189 0.045283
154 0.050000 0.173585 0.032075 0.045283
155 0.089623 0.173585 0.035849 0.045283
156 0.140566 0.173585 0.032075 0.045283
157 0.186792 0.173585 0.030189 0.045283
158 0.221698 0.173585 0.035849 0.045283
159 0.275472 0.173585 0.037736 0.045283
160 0.321698 0.172642 0.028302 0.043396
161 0.354717 0.174528 0.033962 0.047170
162 0.403774 0.174528 0.030189 0.047170
163 0.019811 0.239623 0.028302 0.045283
164 0.061321 0.240566 0.047170 0.047170
165 0.120755 0.240566 0.041509 0.047170
166 0.166038 0.239623 0.041509 0.045283
167 0.213208 0.239623 0.026415 0.045283
168 0.265094 0.245283 0.047170 0.056604
169 0.321698 0.239623 0.032075 0.045283
170 0.361321 0.239623 0.035849 0.045283
171 0.416038 0.239623 0.039623 0.045283
172 0.469811 0.239623 0.037736 0.045283
173 0.018868 0.315094 0.033962 0.045283
174 0.065094 0.316038 0.054717 0.047170
175 0.117925 0.315094 0.039623 0.045283
176 0.167925 0.315094 0.033962 0.045283
177 0.209434 0.315094 0.037736 0.045283
178 0.251887 0.319811 0.016981 0.054717
179 0.289623 0.316038 0.024528 0.047170
180 0.316038 0.319811 0.016981 0.054717
181 0.342453 0.305660 0.024528 0.026415
182 0.380189 0.315094 0.039623 0.045283
183 0.023585 0.385849 0.013208 0.039623
184 0.048113 0.381132 0.028302 0.030189
185 0.082075 0.388679 0.028302 0.045283
186 0.123585 0.381132 0.024528 0.030189
187 0.163208 0.388679 0.028302 0.045283
188 0.197170 0.381132 0.028302 0.030189
189 0.236792 0.389623 0.024528 0.047170
190 0.266981 0.387736 0.028302 0.043396
191 0.307547 0.388679 0.026415 0.045283
192 0.329245 0.386792 0.009434 0.041509
193 0.014151 0.459434 0.020755 0.054717
194 0.053774 0.454717 0.028302 0.045283
195 0.088679 0.454717 0.007547 0.045283
196 0.115094 0.449057 0.041509 0.033962
197 0.154717 0.447170 0.026415 0.030189
198 0.196226 0.447170 0.026415 0.030189
199 0.239623 0.453774 0.026415 0.043396
200 0.267925 0.453774 0.026415 0.043396
201 0.310377 0.447170 0.024528 0.030189
202 0.335849 0.447170 0.022642 0.030189
203 0.025472 0.525472 0.024528 0.039623
204 0.063208 0.520755 0.024528 0.030189
205 0.101887 0.520755 0.026415 0.030189
206 0.150000 0.520755 0.035849 0.030189
207 0.187736 0.520755 0.032075 0.030189
208 0.235849 0.527358 0.030189 0.043396
209 0.279245 0.520755 0.026415 0.030189
210 0.308491 0.533019 0.020755 0.054717
211 0.323585 0.533962 0.005660 0.056604
212 0.350000 0.533019 0.020755 0.054717
213 0.030189 0.620755 0.030189 0.079245
