33 0.021698 0.037736 0.009434 0.037736
34 0.033019 0.037736 0.009434 0.037736
35 0.048113 0.037736 0.009434 0.037736
36 0.063208 0.037736 0.009434 0.037736
37 0.078302 0.037736 0.009434 0.037736
38 0.093396 0.037736 0.009434 0.037736
39 0.108491 0.037736 0.009434 0.037736
40 0.131132 0.037736 0.009434 0.037736
41 0.142453 0.037736 0.009434 0.037736
42 0.155660 0.037736 0.009434 0.037736
43 0.008491 0.094340 0.009434 0.037736
44 0.031132 0.094340 0.009434 0.037736
45 0.053774 0.094340 0.009434 0.037736
46 0.068868 0.094340 0.009434 0.037736
47 0.095283 0.094340 0.009434 0.037736
48 0.110377 0.094340 0.009434 0.037736
49 0.133019 0.094340 0.009434 0.037736
50 0.144340 0.094340 0.009434 0.037736
51 0.157547 0.094340 0.009434 0.037736
52 0.170755 0.094340 0.009434 0.037736
53 0.021698 0.150943 0.009434 0.037736
54 0.048113 0.150943 0.009434 0.037736
55 0.063208 0.150943 0.009434 0.037736
56 0.087736 0.150943 0.009434 0.037736
57 0.110377 0.150943 0.009434 0.037736
58 0.133019 0.150943 0.009434 0.037736
59 0.146226 0.150943 0.009434 0.037736
60 0.161321 0.150943 0.009434 0.037736
61 0.176415 0.150943 0.009434 0.037736
62 0.191509 0.150943 0.009434 0.037736
63 0.017925 0.207547 0.009434 0.037736
64 0.029245 0.207547 0.009434 0.037736
65 0.051887 0.207547 0.009434 0.037736
66 0.066981 0.207547 0.009434 0.037736
67 0.082075 0.207547 0.009434 0.037736
68 0.097170 0.207547 0.009434 0.037736
69 0.123585 0.207547 0.009434 0.037736
70 0.148113 0.207547 0.009434 0.037736
71 0.170755 0.207547 0.009434 0.037736
72 0.185849 0.207547 0.009434 0.037736
73 0.008491 0.264151 0.009434 0.037736
74 0.034906 0.264151 0.009434 0.037736
75 0.050000 0.264151 0.009434 0.037736
76 0.074528 0.264151 0.009434 0.037736
77 0.099057 0.264151 0.009434 0.037736
78 0.112264 0.264151 0.009434 0.037736
79 0.125472 0.264151 0.009434 0.037736
80 0.136792 0.264151 0.009434 0.037736
81 0.163208 0.264151 0.009434 0.037736
82 0.178302 0.264151 0.009434 0.037736
83 0.008491 0.320755 0.009434 0.037736
84 0.019811 0.320755 0.009434 0.037736
85 0.046226 0.320755 0.009434 0.037736
86 0.070755 0.320755 0.009434 0.037736
87 0.081132 0.301887 0.000000 0.000000
88 0.083019 0.301887 0.000000 0.000000
89 0.098113 0.301887 0.000000 0.000000
90 0.113208 0.301887 0.000000 0.000000
91 0.118868 0.301887 0.000000 0.000000
92 0.133962 0.301887 0.000000 0.000000
93 0.003774 0.358491 0.000000 0.000000
94 0.016981 0.358491 0.000000 0.000000
95 0.033962 0.358491 0.000000 0.000000
96 0.039623 0.358491 0.000000 0.000000
97 0.041509 0.358491 0.000000 0.000000
98 0.045283 0.358491 0.000000 0.000000
99 0.049057 0.358491 0.000000 0.000000
100 0.054717 0.358491 0.000000 0.000000
101 0.067925 0.358491 0.000000 0.000000
102 0.069811 0.358491 0.000000 0.000000
103 0.003774 0.377358 0.000000 0.000000
104 0.020755 0.377358 0.000000 0.000000
105 0.035849 0.377358 0.000000 0.000000
106 0.050943 0.377358 0.000000 0.000000
107 0.064151 0.377358 0.000000 0.000000
108 0.067925 0.377358 0.000000 0.000000
109 0.073585 0.377358 0.000000 0.000000
110 0.090566 0.377358 0.000000 0.000000
111 0.096226 0.377358 0.000000 0.000000
112 0.098113 0.377358 0.000000 0.000000
113 0.005660 0.396226 0.000000 0.000000
114 0.007547 0.396226 0.000000 0.000000
115 0.011321 0.396226 0.000000 0.000000
116 0.026415 0.396226 0.000000 0.000000
117 0.028302 0.396226 0.000000 0.000000
118 0.043396 0.396226 0.000000 0.000000
119 0.047170 0.396226 0.000000 0.000000
120 0.051887 0.415094 0.005660 0.037736
121 0.064151 0.416038 0.007547 0.039623
122 0.090566 0.412264 0.033962 0.032075
123 0.010377 0.477358 0.016981 0.045283
124 0.031132 0.470755 0.020755 0.032075
125 0.080189 0.472642 0.043396 0.035849
126 0.117925 0.471698 0.001887 0.033962
127 0.128302 0.477358 0.015094 0.045283
128 0.158491 0.477358 0.011321 0.045283
129 0.187736 0.466038 0.020755 0.022642
130 0.220755 0.465094 0.018868 0.020755
131 0.238679 0.468868 0.005660 0.028302
132 0.255660 0.466038 0.016981 0.022642
