133 0.005660 0.037736 0.003774 0.037736
134 0.019811 0.040566 0.020755 0.043396
135 0.055660 0.038679 0.020755 0.039623
136 0.076415 0.038679 0.016981 0.039623
137 0.113208 0.038679 0.022642 0.039623
138 0.148113 0.038679 0.020755 0.039623
139 0.171698 0.040566 0.022642 0.043396
140 0.200000 0.037736 0.022642 0.037736
141 0.227358 0.039623 0.020755 0.041509
142 0.250943 0.040566 0.018868 0.043396
143 0.016038 0.101887 0.020755 0.041509
144 0.052830 0.102830 0.022642 0.043396
145 0.072642 0.090566 0.005660 0.018868
146 0.092453 0.093396 0.007547 0.024528
147 0.121698 0.097170 0.024528 0.032075
148 0.150000 0.087736 0.024528 0.013208
149 0.187736 0.097170 0.024528 0.032075
150 0.213208 0.100000 0.015094 0.037736
151 0.254717 0.100000 0.037736 0.037736
152 0.300943 0.102830 0.024528 0.043396
153 0.016981 0.163208 0.026415 0.039623
154 0.059434 0.163208 0.024528 0.039623
155 0.087736 0.164151 0.024528 0.041509
156 0.115094 0.163208 0.022642 0.039623
157 0.140566 0.165094 0.020755 0.043396
158 0.177358 0.165094 0.026415 0.043396
159 0.218868 0.164151 0.026415 0.041509
160 0.239623 0.162264 0.007547 0.037736
161 0.254717 0.163208 0.018868 0.039623
162 0.282075 0.163208 0.024528 0.039623
163 0.020755 0.225472 0.015094 0.039623
164 0.057547 0.225472 0.032075 0.039623
165 0.104717 0.225472 0.028302 0.039623
166 0.133962 0.224528 0.026415 0.037736
167 0.162264 0.228302 0.022642 0.045283
168 0.204717 0.228302 0.028302 0.045283
169 0.234906 0.225472 0.024528 0.039623
170 0.271698 0.226415 0.018868 0.041509
171 0.292453 0.225472 0.018868 0.039623
172 0.329245 0.226415 0.024528 0.041509
173 0.028302 0.290566 0.022642 0.041509
174 0.072642 0.290566 0.032075 0.041509
175 0.117925 0.289623 0.024528 0.039623
176 0.155660 0.289623 0.020755 0.039623
177 0.191509 0.289623 0.024528 0.039623
178 0.213208 0.290566 0.015094 0.041509
179 0.236792 0.291509 0.020755 0.043396
180 0.269811 0.290566 0.015094 0.041509
181 0.295283 0.296226 0.032075 0.052830
182 0.336792 0.284906 0.024528 0.030189
183 0.017925 0.355660 0.009434 0.028302
184 0.048113 0.351887 0.020755 0.020755
185 0.079245 0.362264 0.015094 0.041509
186 0.099057 0.350943 0.016981 0.018868
187 0.135849 0.360377 0.022642 0.037736
188 0.170755 0.351887 0.013208 0.020755
189 0.187736 0.368868 0.013208 0.054717
190 0.207547 0.362264 0.015094 0.041509
191 0.242453 0.362264 0.020755 0.041509
192 0.273585 0.355660 0.015094 0.028302
193 0.023585 0.440566 0.016981 0.050943
194 0.057547 0.433962 0.020755 0.037736
195 0.079245 0.433962 0.015094 0.037736
196 0.118868 0.424528 0.033962 0.018868
197 0.162264 0.424528 0.026415 0.018868
198 0.198113 0.424528 0.018868 0.018868
199 0.218868 0.434906 0.018868 0.039623
200 0.243396 0.433019 0.018868 0.035849
201 0.278302 0.424528 0.016981 0.018868
202 0.300943 0.426415 0.016981 0.022642
203 0.009434 0.501887 0.015094 0.033962
204 0.041509 0.494340 0.022642 0.018868
205 0.063208 0.495283 0.016981 0.020755
206 0.099057 0.497170 0.028302 0.024528
207 0.138679 0.495283 0.020755 0.020755
208 0.162264 0.501887 0.022642 0.033962
209 0.200943 0.501887 0.020755 0.033962
210 0.233962 0.505660 0.018868 0.041509
211 0.248113 0.508491 0.001887 0.047170
212 0.260377 0.505660 0.018868 0.041509
213 0.024528 0.567925 0.018868 0.033962
