133 0.016038 0.037736 0.005660 0.037736
134 0.036792 0.043396 0.028302 0.049057
135 0.065094 0.038679 0.024528 0.039623
136 0.100000 0.038679 0.018868 0.039623
137 0.137736 0.038679 0.022642 0.039623
138 0.164151 0.038679 0.022642 0.039623
139 0.205660 0.038679 0.026415 0.039623
140 0.237736 0.038679 0.026415 0.039623
141 0.266038 0.038679 0.022642 0.039623
142 0.291509 0.038679 0.024528 0.039623
143 0.016038 0.106604 0.024528 0.039623
144 0.041509 0.106604 0.022642 0.039623
145 0.062264 0.100000 0.007547 0.026415
146 0.075472 0.103774 0.011321 0.033962
147 0.100000 0.099057 0.026415 0.024528
148 0.130189 0.093396 0.026415 0.013208
149 0.169811 0.100943 0.026415 0.028302
150 0.195283 0.106604 0.016981 0.039623
151 0.237736 0.106604 0.037736 0.039623
152 0.282075 0.106604 0.039623 0.039623
153 0.029245 0.165094 0.028302 0.039623
154 0.073585 0.165094 0.033962 0.039623
155 0.125472 0.165094 0.039623 0.039623
156 0.175472 0.165094 0.030189 0.039623
157 0.222642 0.165094 0.030189 0.039623
158 0.259434 0.165094 0.035849 0.039623
159 0.316981 0.165094 0.045283 0.039623
160 0.365094 0.165094 0.020755 0.039623
161 0.387736 0.170755 0.020755 0.050943
162 0.421698 0.165094 0.035849 0.039623
163 0.016981 0.234906 0.026415 0.039623
164 0.061321 0.234906 0.054717 0.039623
165 0.113208 0.234906 0.045283 0.039623
166 0.169811 0.234906 0.037736 0.039623
167 0.208491 0.234906 0.032075 0.039623
168 0.245283 0.240566 0.037736 0.050943
169 0.295283 0.234906 0.035849 0.039623
170 0.329245 0.234906 0.024528 0.039623
171 0.363208 0.234906 0.032075 0.039623
172 0.412264 0.234906 0.039623 0.039623
173 0.022642 0.304717 0.037736 0.039623
174 0.074528 0.304717 0.058491 0.039623
175 0.140566 0.304717 0.039623 0.039623
176 0.195283 0.304717 0.035849 0.039623
177 0.232075 0.304717 0.033962 0.039623
178 0.259434 0.309434 0.016981 0.049057
179 0.276415 0.309434 0.013208 0.049057
180 0.294340 0.309434 0.018868 0.049057
181 0.330189 0.307547 0.026415 0.045283
182 0.370755 0.292453 0.028302 0.015094
183 0.017925 0.366981 0.009434 0.028302
184 0.050000 0.366038 0.020755 0.026415
185 0.075472 0.373585 0.022642 0.041509
186 0.100943 0.366038 0.020755 0.026415
187 0.141509 0.373585 0.026415 0.041509
188 0.179245 0.366038 0.018868 0.026415
189 0.219811 0.381132 0.032075 0.056604
190 0.253774 0.373585 0.028302 0.041509
191 0.283962 0.373585 0.024528 0.041509
192 0.302830 0.372642 0.009434 0.039623
193 0.026415 0.455660 0.018868 0.054717
194 0.049057 0.449057 0.022642 0.041509
195 0.069811 0.449057 0.011321 0.041509
196 0.099057 0.441509 0.035849 0.026415
197 0.141509 0.441509 0.022642 0.026415
198 0.166981 0.441509 0.020755 0.026415
199 0.196226 0.449057 0.026415 0.041509
200 0.222642 0.449057 0.022642 0.041509
201 0.247170 0.441509 0.018868 0.026415
202 0.282075 0.441509 0.016981 0.026415
203 0.021698 0.519811 0.013208 0.035849
204 0.053774 0.515094 0.024528 0.026415
205 0.083962 0.515094 0.024528 0.026415
206 0.132075 0.515094 0.037736 0.026415
207 0.166981 0.515094 0.024528 0.026415
208 0.195283 0.522642 0.028302 0.041509
209 0.234906 0.515094 0.020755 0.026415
210 0.255660 0.526415 0.013208 0.049057
211 0.277358 0.530189 0.003774 0.056604
212 0.289623 0.526415 0.013208 0.049057
213 0.030189 0.605660 0.030189 0.056604
