133 0.004717 0.037736 0.005660 0.037736
134 0.016038 0.037736 0.013208 0.037736
135 0.037736 0.033019 0.022642 0.028302
136 0.069811 0.033019 0.015094 0.028302
137 0.091509 0.033019 0.020755 0.028302
138 0.125472 0.034906 0.020755 0.032075
139 0.152830 0.034906 0.022642 0.032075
140 0.187736 0.034906 0.020755 0.032075
141 0.213208 0.035849 0.022642 0.033962
142 0.237736 0.034906 0.022642 0.032075
143 0.025472 0.092453 0.020755 0.033962
144 0.048113 0.092453 0.020755 0.033962
145 0.066981 0.086792 0.005660 0.022642
146 0.078302 0.089623 0.009434 0.028302
147 0.096226 0.088679 0.022642 0.026415
148 0.134906 0.082075 0.024528 0.013208
149 0.175472 0.087736 0.022642 0.024528
150 0.211321 0.092453 0.015094 0.033962
151 0.252830 0.092453 0.033962 0.033962
152 0.292453 0.092453 0.033962 0.033962
153 0.017925 0.145283 0.028302 0.033962
154 0.050943 0.145283 0.030189 0.033962
155 0.100000 0.145283 0.033962 0.033962
156 0.145283 0.145283 0.026415 0.033962
157 0.185849 0.145283 0.024528 0.033962
158 0.218868 0.145283 0.033962 0.033962
159 0.268868 0.145283 0.035849 0.033962
160 0.300000 0.145283 0.015094 0.033962
161 0.332075 0.149057 0.015094 0.041509
162 0.362264 0.145283 0.033962 0.033962
163 0.017925 0.205660 0.024528 0.033962
164 0.056604 0.205660 0.041509 0.033962
165 0.108491 0.205660 0.035849 0.033962
166 0.149057 0.205660 0.033962 0.033962
167 0.192453 0.205660 0.026415 0.033962
168 0.237736 0.210377 0.033962 0.043396
169 0.276415 0.205660 0.032075 0.033962
170 0.317925 0.205660 0.020755 0.033962
171 0.348113 0.206604 0.028302 0.035849
172 0.383962 0.205660 0.035849 0.033962
173 0.032075 0.267925 0.033962 0.033962
174 0.087736 0.267925 0.047170 0.033962
175 0.133962 0.267925 0.033962 0.033962
176 0.169811 0.267925 0.030189 0.033962
177 0.216038 0.267925 0.028302 0.033962
178 0.236792 0.274528 0.009434 0.047170
179 0.251887 0.269811 0.013208 0.037736
180 0.277358 0.274528 0.007547 0.047170
181 0.298113 0.273585 0.022642 0.045283
182 0.339623 0.258491 0.026415 0.015094
183 0.020755 0.331132 0.007547 0.028302
184 0.048113 0.328302 0.020755 0.022642
185 0.076415 0.335849 0.024528 0.037736
186 0.101887 0.328302 0.018868 0.022642
187 0.136792 0.335849 0.024528 0.037736
188 0.162264 0.328302 0.018868 0.022642
189 0.186792 0.335849 0.018868 0.037736
190 0.213208 0.334906 0.022642 0.035849
191 0.240566 0.335849 0.024528 0.037736
192 0.260377 0.333962 0.011321 0.033962
193 0.018868 0.397170 0.011321 0.047170
194 0.054717 0.392453 0.026415 0.037736
195 0.091509 0.392453 0.013208 0.037736
196 0.123585 0.384906 0.039623 0.022642
197 0.171698 0.384906 0.026415 0.022642
198 0.198113 0.384906 0.022642 0.022642
199 0.223585 0.392453 0.024528 0.037736
200 0.261321 0.391509 0.024528 0.035849
201 0.299057 0.384906 0.016981 0.022642
202 0.329245 0.384906 0.016981 0.022642
203 0.012264 0.453774 0.013208 0.028302
204 0.044340 0.450943 0.024528 0.022642
205 0.082075 0.450943 0.024528 0.022642
206 0.114151 0.450943 0.035849 0.022642
207 0.159434 0.450943 0.024528 0.022642
208 0.189623 0.457547 0.024528 0.035849
209 0.225472 0.450943 0.020755 0.022642
210 0.247170 0.462264 0.011321 0.045283
211 0.260377 0.466038 0.003774 0.052830
212 0.284906 0.462264 0.011321 0.045283
213 0.017925 0.533962 0.024528 0.045283
