133 0.008491 0.033019 0.005660 0.028302
134 0.037736 0.038679 0.022642 0.039623
135 0.063208 0.037736 0.024528 0.037736
136 0.090566 0.037736 0.018868 0.037736
137 0.127358 0.037736 0.024528 0.037736
138 0.164151 0.037736 0.022642 0.037736
139 0.200943 0.037736 0.024528 0.037736
140 0.240566 0.037736 0.024528 0.037736
141 0.267925 0.037736 0.026415 0.037736
142 0.309434 0.037736 0.022642 0.037736
143 0.016038 0.096226 0.024528 0.037736
144 0.054717 0.096226 0.026415 0.037736
145 0.090566 0.089623 0.011321 0.024528
146 0.106604 0.092453 0.013208 0.030189
147 0.132075 0.091509 0.030189 0.028302
148 0.164151 0.083019 0.030189 0.011321
149 0.209434 0.091509 0.030189 0.028302
150 0.238679 0.096226 0.020755 0.037736
151 0.289623 0.103774 0.047170 0.052830
152 0.331132 0.095283 0.032075 0.035849
153 0.030189 0.167925 0.033962 0.037736
154 0.082075 0.167925 0.035849 0.037736
155 0.124528 0.167925 0.041509 0.037736
156 0.168868 0.167925 0.035849 0.037736
157 0.219811 0.167925 0.039623 0.037736
158 0.271698 0.167925 0.037736 0.037736
159 0.331132 0.167925 0.047170 0.037736
160 0.370755 0.167925 0.024528 0.037736
161 0.400943 0.167925 0.032075 0.037736
162 0.442453 0.167925 0.043396 0.037736
163 0.018868 0.224528 0.030189 0.037736
164 0.076415 0.224528 0.054717 0.037736
165 0.128302 0.224528 0.045283 0.037736
166 0.182075 0.224528 0.035849 0.037736
167 0.235849 0.224528 0.037736 0.037736
168 0.285849 0.230189 0.035849 0.049057
169 0.335849 0.224528 0.033962 0.037736
170 0.384906 0.224528 0.030189 0.037736
171 0.419811 0.224528 0.032075 0.037736
172 0.461321 0.224528 0.039623 0.037736
173 0.030189 0.291509 0.033962 0.035849
174 0.086792 0.292453 0.045283 0.037736
175 0.133962 0.292453 0.045283 0.037736
176 0.187736 0.292453 0.032075 0.037736
177 0.235849 0.292453 0.033962 0.037736
178 0.267925 0.298113 0.026415 0.049057
179 0.286792 0.293396 0.007547 0.039623
180 0.305660 0.298113 0.026415 0.049057
181 0.347170 0.292453 0.022642 0.037736
182 0.374528 0.281132 0.028302 0.015094
183 0.018868 0.355660 0.007547 0.028302
184 0.038679 0.353774 0.024528 0.024528
185 0.065094 0.361321 0.024528 0.039623
186 0.090566 0.353774 0.022642 0.024528
187 0.121698 0.361321 0.028302 0.039623
188 0.152830 0.353774 0.022642 0.024528
189 0.197170 0.366981 0.035849 0.050943
190 0.247170 0.359434 0.030189 0.035849
191 0.290566 0.361321 0.022642 0.039623
192 0.310377 0.358491 0.013208 0.033962
193 0.029245 0.433962 0.024528 0.045283
194 0.059434 0.431132 0.024528 0.039623
195 0.094340 0.431132 0.015094 0.039623
196 0.125472 0.423585 0.035849 0.024528
197 0.156604 0.423585 0.022642 0.024528
198 0.193396 0.423585 0.024528 0.024528
199 0.238679 0.429245 0.032075 0.035849
200 0.268868 0.429245 0.024528 0.035849
201 0.297170 0.423585 0.020755 0.024528
202 0.319811 0.423585 0.020755 0.024528
203 0.022642 0.491509 0.015094 0.032075
204 0.057547 0.487736 0.024528 0.024528
205 0.094340 0.486792 0.022642 0.022642
206 0.136792 0.487736 0.035849 0.024528
207 0.173585 0.487736 0.026415 0.024528
208 0.204717 0.493396 0.028302 0.035849
209 0.233019 0.487736 0.024528 0.024528
210 0.271698 0.500943 0.022642 0.050943
211 0.299057 0.500943 0.001887 0.050943
212 0.328302 0.500943 0.022642 0.050943
213 0.028302 0.567925 0.030189 0.045283
