133 0.007547 0.037736 0.007547 0.037736
134 0.036792 0.040566 0.016981 0.043396
135 0.072642 0.038679 0.024528 0.039623
136 0.100943 0.038679 0.024528 0.039623
137 0.138679 0.038679 0.024528 0.039623
138 0.166981 0.038679 0.024528 0.039623
139 0.204717 0.038679 0.024528 0.039623
140 0.230189 0.038679 0.022642 0.039623
141 0.266981 0.038679 0.024528 0.039623
142 0.306604 0.038679 0.024528 0.039623
143 0.017925 0.100943 0.024528 0.039623
144 0.055660 0.100943 0.024528 0.039623
145 0.073585 0.094340 0.007547 0.026415
146 0.086792 0.099057 0.011321 0.035849
147 0.117925 0.093396 0.024528 0.024528
148 0.155660 0.089623 0.024528 0.016981
149 0.193396 0.093396 0.024528 0.024528
150 0.216981 0.100943 0.018868 0.039623
151 0.258491 0.098113 0.037736 0.033962
152 0.311321 0.100943 0.041509 0.039623
153 0.017925 0.159434 0.032075 0.039623
154 0.058491 0.159434 0.037736 0.039623
155 0.103774 0.159434 0.041509 0.039623
156 0.154717 0.159434 0.030189 0.039623
157 0.184906 0.159434 0.026415 0.039623
158 0.221698 0.159434 0.039623 0.039623
159 0.280189 0.159434 0.043396 0.039623
160 0.312264 0.159434 0.016981 0.039623
161 0.333019 0.166038 0.020755 0.052830
162 0.366038 0.159434 0.041509 0.039623
163 0.020755 0.231132 0.030189 0.039623
164 0.075472 0.231132 0.052830 0.039623
165 0.140566 0.231132 0.043396 0.039623
166 0.198113 0.231132 0.041509 0.039623
167 0.249057 0.231132 0.030189 0.039623
168 0.300943 0.235849 0.039623 0.049057
169 0.356604 0.231132 0.037736 0.039623
170 0.402830 0.231132 0.028302 0.039623
171 0.449057 0.231132 0.033962 0.039623
172 0.499057 0.231132 0.039623 0.039623
173 0.035849 0.299057 0.041509 0.039623
174 0.100943 0.299057 0.054717 0.039623
175 0.150943 0.299057 0.033962 0.039623
176 0.191509 0.299057 0.035849 0.039623
177 0.228302 0.299057 0.033962 0.039623
178 0.257547 0.302830 0.013208 0.047170
179 0.287736 0.300943 0.016981 0.043396
180 0.306604 0.302830 0.013208 0.047170
181 0.327358 0.300000 0.024528 0.041509
182 0.359434 0.294340 0.028302 0.030189
183 0.010377 0.362264 0.009434 0.033962
184 0.044340 0.358491 0.024528 0.026415
185 0.088679 0.366038 0.030189 0.041509
186 0.127358 0.358491 0.020755 0.026415
187 0.155660 0.366038 0.028302 0.041509
188 0.197170 0.358491 0.024528 0.026415
189 0.222642 0.366038 0.018868 0.041509
190 0.263208 0.366038 0.028302 0.041509
191 0.310377 0.366038 0.032075 0.041509
192 0.349057 0.366038 0.015094 0.041509
193 0.019811 0.433962 0.013208 0.056604
194 0.057547 0.426415 0.032075 0.041509
195 0.098113 0.426415 0.015094 0.041509
196 0.133019 0.418868 0.047170 0.026415
197 0.189623 0.418868 0.032075 0.026415
198 0.232075 0.418868 0.026415 0.026415
199 0.262264 0.426415 0.030189 0.041509
200 0.298113 0.426415 0.030189 0.041509
201 0.328302 0.418868 0.018868 0.026415
202 0.351887 0.418868 0.020755 0.026415
203 0.020755 0.499057 0.015094 0.035849
204 0.056604 0.494340 0.030189 0.026415
205 0.092453 0.494340 0.030189 0.026415
206 0.134906 0.494340 0.043396 0.026415
207 0.183962 0.494340 0.024528 0.026415
208 0.226415 0.501887 0.030189 0.041509
209 0.257547 0.494340 0.024528 0.026415
210 0.283962 0.505660 0.016981 0.049057
211 0.297170 0.501887 0.005660 0.041509
212 0.322642 0.505660 0.015094 0.049057
213 0.025472 0.577358 0.024528 0.056604
