33 0.025472 0.033019 0.020755 0.028302
34 0.062264 0.033019 0.022642 0.028302
35 0.102830 0.039623 0.024528 0.041509
36 0.142453 0.033019 0.020755 0.028302
37 0.182075 0.039623 0.028302 0.041509
38 0.212264 0.033019 0.020755 0.028302
39 0.238679 0.033962 0.028302 0.030189
40 0.286792 0.033019 0.033962 0.028302
41 0.331132 0.033962 0.024528 0.030189
42 0.374528 0.033019 0.028302 0.028302
43 0.023585 0.098113 0.035849 0.037736
44 0.058491 0.093396 0.022642 0.028302
45 0.098113 0.093396 0.026415 0.028302
46 0.126415 0.093396 0.022642 0.028302
47 0.153774 0.093396 0.020755 0.028302
48 0.187736 0.084906 0.020755 0.011321
49 0.209434 0.093396 0.018868 0.028302
50 0.248113 0.102830 0.032075 0.047170
51 0.276415 0.083962 0.020755 0.009434
52 0.299057 0.084906 0.020755 0.011321
53 0.012264 0.151887 0.020755 0.013208
54 0.038679 0.150943 0.020755 0.011321
55 0.054717 0.149057 0.003774 0.007547
56 0.076415 0.149057 0.009434 0.007547
57 0.088679 0.147170 0.003774 0.003774
58 0.097170 0.159434 0.009434 0.028302
59 0.118868 0.159434 0.026415 0.028302
60 0.149057 0.172642 0.022642 0.054717
61 0.186792 0.172642 0.022642 0.054717
62 0.227358 0.172642 0.024528 0.054717
63 0.013208 0.239623 0.018868 0.041509
64 0.041509 0.239623 0.026415 0.041509
65 0.076415 0.225472 0.016981 0.013208
66 0.100943 0.223585 0.001887 0.009434
67 0.112264 0.224528 0.016981 0.011321
68 0.131132 0.224528 0.016981 0.011321
69 0.150000 0.224528 0.009434 0.011321
70 0.172642 0.224528 0.009434 0.011321
71 0.183962 0.223585 0.009434 0.009434
72 0.208491 0.224528 0.009434 0.011321
73 0.015094 0.291509 0.022642 0.024528
74 0.054717 0.290566 0.026415 0.022642
75 0.085849 0.290566 0.028302 0.022642
76 0.121698 0.295283 0.032075 0.032075
77 0.165094 0.290566 0.028302 0.022642
78 0.196226 0.293396 0.030189 0.028302
79 0.241509 0.293396 0.030189 0.028302
80 0.272642 0.293396 0.028302 0.028302
81 0.306604 0.292453 0.032075 0.026415
82 0.341509 0.293396 0.030189 0.028302
83 0.019811 0.343396 0.032075 0.026415
84 0.055660 0.344340 0.032075 0.028302
85 0.109434 0.342453 0.045283 0.024528
86 0.163208 0.352830 0.028302 0.045283
87 0.179245 0.330189 0.000000 0.000000
88 0.181132 0.330189 0.000000 0.000000
89 0.186792 0.330189 0.000000 0.000000
90 0.201887 0.330189 0.000000 0.000000
91 0.203774 0.330189 0.000000 0.000000
92 0.216981 0.330189 0.000000 0.000000
93 0.005660 0.394340 0.000000 0.000000
94 0.018868 0.394340 0.000000 0.000000
95 0.020755 0.394340 0.000000 0.000000
96 0.026415 0.394340 0.000000 0.000000
97 0.041509 0.394340 0.000000 0.000000
98 0.045283 0.394340 0.000000 0.000000
99 0.062264 0.394340 0.000000 0.000000
100 0.075472 0.394340 0.000000 0.000000
101 0.088679 0.394340 0.000000 0.000000
102 0.094340 0.394340 0.000000 0.000000
103 0.001887 0.413208 0.000000 0.000000
104 0.005660 0.413208 0.000000 0.000000
105 0.011321 0.413208 0.000000 0.000000
106 0.015094 0.413208 0.000000 0.000000
107 0.018868 0.413208 0.000000 0.000000
108 0.032075 0.413208 0.000000 0.000000
109 0.035849 0.413208 0.000000 0.000000
110 0.050943 0.413208 0.000000 0.000000
111 0.067925 0.413208 0.000000 0.000000
112 0.071698 0.413208 0.000000 0.000000
113 0.016981 0.432075 0.000000 0.000000
114 0.020755 0.432075 0.000000 0.000000
115 0.035849 0.432075 0.000000 0.000000
116 0.050943 0.432075 0.000000 0.000000
117 0.054717 0.432075 0.000000 0.000000
118 0.067925 0.432075 0.000000 0.000000
119 0.071698 0.432075 0.000000 0.000000
120 0.089623 0.452830 0.005660 0.041509
121 0.101887 0.454717 0.015094 0.045283
122 0.128302 0.452830 0.030189 0.041509
123 0.026415 0.520755 0.026415 0.049057
124 0.076415 0.516981 0.043396 0.041509
125 0.129245 0.516981 0.032075 0.041509
126 0.165094 0.518868 0.005660 0.045283
127 0.180189 0.523585 0.013208 0.054717
128 0.197170 0.523585 0.013208 0.054717
129 0.225472 0.504717 0.016981 0.016981
130 0.262264 0.509434 0.026415 0.026415
131 0.283962 0.516038 0.005660 0.039623
132 0.298113 0.513208 0.015094 0.033962
