33 0.013208 0.039623 0.018868 0.041509
34 0.033962 0.039623 0.018868 0.041509
35 0.058491 0.039623 0.018868 0.041509
36 0.094340 0.039623 0.018868 0.041509
37 0.128302 0.039623 0.018868 0.041509
38 0.162264 0.039623 0.018868 0.041509
39 0.196226 0.039623 0.018868 0.041509
40 0.220755 0.039623 0.018868 0.041509
41 0.254717 0.039623 0.018868 0.041509
42 0.277358 0.039623 0.018868 0.041509
43 0.026415 0.100000 0.018868 0.041509
44 0.050943 0.100000 0.018868 0.041509
45 0.073585 0.100000 0.018868 0.041509
46 0.109434 0.100000 0.018868 0.041509
47 0.141509 0.100000 0.018868 0.041509
48 0.177358 0.100000 0.018868 0.041509
49 0.198113 0.100000 0.018868 0.041509
50 0.230189 0.100000 0.018868 0.041509
51 0.262264 0.100000 0.018868 0.041509
52 0.284906 0.100000 0.018868 0.041509
53 0.011321 0.160377 0.018868 0.041509
54 0.035849 0.160377 0.018868 0.041509
55 0.071698 0.160377 0.018868 0.041509
56 0.105660 0.160377 0.018868 0.041509
57 0.130189 0.160377 0.018868 0.041509
58 0.164151 0.160377 0.018868 0.041509
59 0.186792 0.160377 0.018868 0.041509
60 0.220755 0.160377 0.018868 0.041509
61 0.252830 0.160377 0.018868 0.041509
62 0.288679 0.160377 0.018868 0.041509
63 0.015094 0.220755 0.018868 0.041509
64 0.050943 0.220755 0.018868 0.041509
65 0.073585 0.220755 0.018868 0.041509
66 0.107547 0.220755 0.018868 0.041509
67 0.130189 0.220755 0.018868 0.041509
68 0.162264 0.220755 0.018868 0.041509
69 0.198113 0.220755 0.018868 0.041509
70 0.222642 0.220755 0.018868 0.041509
71 0.254717 0.220755 0.018868 0.041509
72 0.277358 0.220755 0.018868 0.041509
73 0.015094 0.281132 0.018868 0.041509
74 0.035849 0.281132 0.018868 0.041509
75 0.060377 0.281132 0.018868 0.041509
76 0.094340 0.281132 0.018868 0.041509
77 0.130189 0.281132 0.018868 0.041509
78 0.162264 0.281132 0.018868 0.041509
79 0.184906 0.281132 0.018868 0.041509
80 0.218868 0.281132 0.018868 0.041509
81 0.241509 0.281132 0.018868 0.041509
82 0.264151 0.281132 0.018868 0.041509
83 0.011321 0.341509 0.018868 0.041509
84 0.033962 0.341509 0.018868 0.041509
85 0.058491 0.341509 0.018868 0.041509
86 0.090566 0.341509 0.018868 0.041509
87 0.113208 0.320755 0.000000 0.000000
88 0.128302 0.320755 0.000000 0.000000
89 0.143396 0.320755 0.000000 0.000000
90 0.149057 0.320755 0.000000 0.000000
91 0.150943 0.320755 0.000000 0.000000
92 0.167925 0.320755 0.000000 0.000000
93 0.001887 0.381132 0.000000 0.000000
94 0.005660 0.381132 0.000000 0.000000
95 0.009434 0.381132 0.000000 0.000000
96 0.011321 0.381132 0.000000 0.000000
97 0.024528 0.381132 0.000000 0.000000
98 0.037736 0.381132 0.000000 0.000000
99 0.050943 0.381132 0.000000 0.000000
100 0.054717 0.381132 0.000000 0.000000
101 0.067925 0.381132 0.000000 0.000000
102 0.083019 0.381132 0.000000 0.000000
103 0.016981 0.400000 0.000000 0.000000
104 0.022642 0.400000 0.000000 0.000000
105 0.039623 0.400000 0.000000 0.000000
106 0.045283 0.400000 0.000000 0.000000
107 0.050943 0.400000 0.000000 0.000000
108 0.067925 0.400000 0.000000 0.000000
109 0.084906 0.400000 0.000000 0.000000
110 0.100000 0.400000 0.000000 0.000000
111 0.101887 0.400000 0.000000 0.000000
112 0.115094 0.400000 0.000000 0.000000
113 0.016981 0.418868 0.000000 0.000000
114 0.030189 0.418868 0.000000 0.000000
115 0.047170 0.418868 0.000000 0.000000
116 0.064151 0.418868 0.000000 0.000000
117 0.077358 0.418868 0.000000 0.000000
118 0.079245 0.418868 0.000000 0.000000
119 0.084906 0.418868 0.000000 0.000000
120 0.101887 0.439623 0.007547 0.041509
121 0.124528 0.441509 0.011321 0.045283
122 0.158491 0.439623 0.030189 0.041509
123 0.016038 0.509434 0.024528 0.052830
124 0.061321 0.503774 0.035849 0.041509
125 0.108491 0.503774 0.032075 0.041509
126 0.140566 0.505660 0.005660 0.045283
127 0.152830 0.510377 0.015094 0.054717
128 0.184906 0.512264 0.015094 0.058491
129 0.205660 0.495283 0.022642 0.024528
130 0.236792 0.497170 0.028302 0.028302
131 0.267925 0.502830 0.007547 0.039623
132 0.296226 0.500000 0.015094 0.033962
