133 0.004717 0.037736 0.005660 0.037736
134 0.030189 0.042453 0.018868 0.047170
135 0.052830 0.037736 0.022642 0.037736
136 0.074528 0.037736 0.016981 0.037736
137 0.099057 0.037736 0.024528 0.037736
138 0.137736 0.037736 0.022642 0.037736
139 0.163208 0.037736 0.024528 0.037736
140 0.201887 0.037736 0.022642 0.037736
141 0.226415 0.037736 0.022642 0.037736
142 0.253774 0.037736 0.020755 0.037736
143 0.014151 0.103774 0.020755 0.037736
144 0.050943 0.103774 0.022642 0.037736
145 0.082075 0.097170 0.005660 0.024528
146 0.090566 0.100943 0.007547 0.032075
147 0.108491 0.098113 0.020755 0.026415
148 0.134906 0.088679 0.024528 0.007547
149 0.173585 0.100000 0.022642 0.030189
150 0.200000 0.103774 0.018868 0.037736
151 0.244340 0.103774 0.035849 0.037736
152 0.285849 0.103774 0.039623 0.037736
153 0.022642 0.160377 0.033962 0.037736
154 0.057547 0.160377 0.032075 0.037736
155 0.097170 0.160377 0.039623 0.037736
156 0.150000 0.160377 0.032075 0.037736
157 0.182075 0.160377 0.028302 0.037736
158 0.218868 0.160377 0.037736 0.037736
159 0.261321 0.160377 0.043396 0.037736
160 0.297170 0.160377 0.016981 0.037736
161 0.330189 0.164151 0.022642 0.045283
162 0.366981 0.160377 0.039623 0.037736
163 0.031132 0.224528 0.032075 0.037736
164 0.076415 0.224528 0.047170 0.037736
165 0.136792 0.224528 0.039623 0.037736
166 0.178302 0.224528 0.039623 0.037736
167 0.216981 0.224528 0.030189 0.037736
168 0.265094 0.228302 0.039623 0.045283
169 0.316038 0.224528 0.035849 0.037736
170 0.362264 0.224528 0.022642 0.037736
171 0.409434 0.224528 0.037736 0.037736
172 0.461321 0.224528 0.039623 0.037736
173 0.025472 0.288679 0.039623 0.037736
174 0.077358 0.288679 0.060377 0.037736
175 0.130189 0.288679 0.041509 0.037736
176 0.175472 0.288679 0.037736 0.037736
177 0.224528 0.288679 0.033962 0.037736
178 0.260377 0.293396 0.007547 0.047170
179 0.278302 0.292453 0.016981 0.045283
180 0.303774 0.293396 0.007547 0.047170
181 0.325472 0.292453 0.028302 0.045283
182 0.365094 0.277358 0.024528 0.015094
183 0.007547 0.347170 0.007547 0.022642
184 0.034906 0.348113 0.020755 0.024528
185 0.071698 0.355660 0.026415 0.039623
186 0.096226 0.348113 0.018868 0.024528
187 0.135849 0.354717 0.026415 0.037736
188 0.165094 0.348113 0.020755 0.024528
189 0.190566 0.355660 0.018868 0.039623
190 0.214151 0.353774 0.020755 0.035849
191 0.251887 0.355660 0.028302 0.039623
192 0.289623 0.354717 0.013208 0.037736
193 0.024528 0.418868 0.015094 0.049057
194 0.051887 0.414151 0.028302 0.039623
195 0.087736 0.414151 0.013208 0.039623
196 0.133962 0.406604 0.045283 0.024528
197 0.185849 0.406604 0.028302 0.024528
198 0.227358 0.406604 0.024528 0.024528
199 0.259434 0.413208 0.028302 0.037736
200 0.303774 0.413208 0.026415 0.037736
201 0.330189 0.406604 0.018868 0.024528
202 0.351887 0.406604 0.013208 0.024528
203 0.023585 0.477358 0.013208 0.030189
204 0.059434 0.474528 0.028302 0.024528
205 0.091509 0.474528 0.024528 0.024528
206 0.127358 0.474528 0.035849 0.024528
207 0.170755 0.474528 0.024528 0.024528
208 0.200943 0.480189 0.024528 0.035849
209 0.229245 0.474528 0.020755 0.024528
210 0.248113 0.485849 0.013208 0.047170
211 0.272642 0.489623 0.001887 0.054717
212 0.283962 0.485849 0.013208 0.047170
213 0.016981 0.552830 0.022642 0.033962
