133 0.007547 0.037736 0.007547 0.037736
134 0.020755 0.040566 0.011321 0.043396
135 0.039623 0.039623 0.022642 0.041509
136 0.072642 0.039623 0.013208 0.041509
137 0.104717 0.039623 0.020755 0.041509
138 0.128302 0.039623 0.022642 0.041509
139 0.155660 0.039623 0.024528 0.041509
140 0.196226 0.039623 0.022642 0.041509
141 0.222642 0.039623 0.022642 0.041509
142 0.256604 0.039623 0.018868 0.041509
143 0.028302 0.101887 0.022642 0.041509
144 0.066981 0.101887 0.024528 0.041509
145 0.088679 0.095283 0.007547 0.028302
146 0.099057 0.097170 0.009434 0.032075
147 0.127358 0.095283 0.020755 0.028302
148 0.151887 0.089623 0.020755 0.016981
149 0.174528 0.096226 0.020755 0.030189
150 0.211321 0.102830 0.022642 0.043396
151 0.258491 0.102830 0.037736 0.043396
152 0.304717 0.102830 0.028302 0.043396
153 0.015094 0.165094 0.022642 0.043396
154 0.044340 0.165094 0.024528 0.043396
155 0.070755 0.165094 0.024528 0.043396
156 0.108491 0.165094 0.020755 0.043396
157 0.133019 0.165094 0.020755 0.043396
158 0.159434 0.165094 0.024528 0.043396
159 0.198113 0.165094 0.022642 0.043396
160 0.231132 0.165094 0.009434 0.043396
161 0.249057 0.165094 0.022642 0.043396
162 0.277358 0.165094 0.022642 0.043396
163 0.016038 0.227358 0.020755 0.043396
164 0.057547 0.227358 0.035849 0.043396
165 0.100943 0.227358 0.024528 0.043396
166 0.137736 0.227358 0.022642 0.043396
167 0.165094 0.227358 0.024528 0.043396
168 0.190566 0.228302 0.022642 0.045283
169 0.216981 0.227358 0.026415 0.043396
170 0.243396 0.227358 0.022642 0.043396
171 0.280189 0.227358 0.024528 0.043396
172 0.318868 0.227358 0.022642 0.043396
173 0.019811 0.291509 0.028302 0.043396
174 0.064151 0.291509 0.033962 0.043396
175 0.099057 0.291509 0.024528 0.043396
176 0.129245 0.291509 0.028302 0.043396
177 0.156604 0.291509 0.018868 0.043396
178 0.172642 0.293396 0.009434 0.047170
179 0.189623 0.292453 0.013208 0.045283
180 0.214151 0.293396 0.009434 0.047170
181 0.248113 0.290566 0.024528 0.041509
182 0.287736 0.277358 0.028302 0.015094
183 0.008491 0.347170 0.009434 0.022642
184 0.029245 0.352830 0.020755 0.033962
185 0.053774 0.357547 0.016981 0.043396
186 0.072642 0.352830 0.016981 0.033962
187 0.093396 0.357547 0.016981 0.043396
188 0.116981 0.352830 0.018868 0.033962
189 0.139623 0.357547 0.018868 0.043396
190 0.162264 0.358491 0.018868 0.045283
191 0.194340 0.357547 0.018868 0.043396
192 0.224528 0.357547 0.007547 0.043396
193 0.020755 0.426415 0.015094 0.052830
194 0.052830 0.421698 0.018868 0.043396
195 0.079245 0.421698 0.007547 0.043396
196 0.112264 0.416981 0.028302 0.033962
197 0.141509 0.416981 0.018868 0.033962
198 0.166038 0.416981 0.018868 0.033962
199 0.189623 0.421698 0.016981 0.043396
200 0.208491 0.421698 0.016981 0.043396
201 0.225472 0.416981 0.013208 0.033962
202 0.247170 0.416981 0.018868 0.033962
203 0.012264 0.491509 0.013208 0.039623
204 0.029245 0.488679 0.016981 0.033962
205 0.052830 0.488679 0.018868 0.033962
206 0.090566 0.488679 0.030189 0.033962
207 0.121698 0.488679 0.020755 0.033962
208 0.154717 0.493396 0.018868 0.043396
209 0.184906 0.488679 0.015094 0.033962
210 0.215094 0.495283 0.011321 0.047170
211 0.227358 0.502830 0.009434 0.062264
212 0.241509 0.495283 0.011321 0.047170
213 0.023585 0.581132 0.020755 0.056604
