33 0.026415 0.033019 0.018868 0.028302
34 0.061321 0.033019 0.020755 0.028302
35 0.096226 0.039623 0.018868 0.041509
36 0.121698 0.033019 0.020755 0.028302
37 0.156604 0.039623 0.022642 0.041509
38 0.182075 0.033019 0.020755 0.028302
39 0.206604 0.033962 0.020755 0.030189
40 0.235849 0.033019 0.030189 0.028302
41 0.266981 0.033962 0.020755 0.030189
42 0.296226 0.033019 0.026415 0.028302
43 0.033019 0.100000 0.032075 0.041509
44 0.060377 0.093396 0.018868 0.028302
45 0.087736 0.093396 0.024528 0.028302
46 0.115094 0.094340 0.022642 0.030189
47 0.140566 0.091509 0.016981 0.024528
48 0.161321 0.083962 0.016981 0.009434
49 0.183019 0.093396 0.018868 0.028302
50 0.211321 0.099057 0.030189 0.039623
51 0.241509 0.083962 0.018868 0.009434
52 0.262264 0.084906 0.018868 0.011321
53 0.014151 0.146226 0.020755 0.013208
54 0.047170 0.146226 0.018868 0.013208
55 0.066038 0.146226 0.007547 0.013208
56 0.081132 0.145283 0.011321 0.011321
57 0.092453 0.142453 0.003774 0.005660
58 0.112264 0.153774 0.009434 0.028302
59 0.132075 0.153774 0.022642 0.028302
60 0.154717 0.162264 0.015094 0.045283
61 0.187736 0.162264 0.016981 0.045283
62 0.206604 0.163208 0.016981 0.047170
63 0.024528 0.226415 0.018868 0.041509
64 0.059434 0.220755 0.016981 0.030189
65 0.089623 0.210377 0.013208 0.009434
66 0.100943 0.210377 0.001887 0.009434
67 0.109434 0.210377 0.011321 0.009434
68 0.128302 0.210377 0.015094 0.009434
69 0.144340 0.210377 0.009434 0.009434
70 0.170755 0.212264 0.009434 0.013208
71 0.192453 0.209434 0.007547 0.007547
72 0.202830 0.211321 0.009434 0.011321
73 0.016981 0.276415 0.022642 0.020755
74 0.043396 0.276415 0.022642 0.020755
75 0.068868 0.277358 0.024528 0.022642
76 0.100000 0.280189 0.026415 0.028302
77 0.137736 0.277358 0.022642 0.022642
78 0.176415 0.279245 0.028302 0.026415
79 0.209434 0.280189 0.026415 0.028302
80 0.248113 0.279245 0.024528 0.026415
81 0.290566 0.278302 0.030189 0.024528
82 0.333962 0.278302 0.026415 0.024528
83 0.027358 0.329245 0.028302 0.032075
84 0.065094 0.327358 0.020755 0.028302
85 0.112264 0.323585 0.043396 0.020755
86 0.159434 0.333019 0.020755 0.039623
87 0.171698 0.313208 0.000000 0.000000
88 0.184906 0.313208 0.000000 0.000000
89 0.198113 0.313208 0.000000 0.000000
90 0.213208 0.313208 0.000000 0.000000
91 0.226415 0.313208 0.000000 0.000000
92 0.230189 0.313208 0.000000 0.000000
93 0.013208 0.371698 0.000000 0.000000
94 0.018868 0.371698 0.000000 0.000000
95 0.024528 0.371698 0.000000 0.000000
96 0.041509 0.371698 0.000000 0.000000
97 0.047170 0.371698 0.000000 0.000000
98 0.050943 0.371698 0.000000 0.000000
99 0.054717 0.371698 0.000000 0.000000
100 0.058491 0.371698 0.000000 0.000000
101 0.060377 0.371698 0.000000 0.000000
102 0.064151 0.371698 0.000000 0.000000
103 0.016981 0.390566 0.000000 0.000000
104 0.022642 0.390566 0.000000 0.000000
105 0.037736 0.390566 0.000000 0.000000
106 0.054717 0.390566 0.000000 0.000000
107 0.071698 0.390566 0.000000 0.000000
108 0.073585 0.390566 0.000000 0.000000
109 0.086792 0.390566 0.000000 0.000000
110 0.103774 0.390566 0.000000 0.000000
111 0.116981 0.390566 0.000000 0.000000
112 0.132075 0.390566 0.000000 0.000000
113 0.001887 0.409434 0.000000 0.000000
114 0.016981 0.409434 0.000000 0.000000
115 0.020755 0.409434 0.000000 0.000000
116 0.022642 0.409434 0.000000 0.000000
117 0.035849 0.409434 0.000000 0.000000
118 0.037736 0.409434 0.000000 0.000000
119 0.052830 0.409434 0.000000 0.000000
120 0.063208 0.431132 0.009434 0.043396
121 0.080189 0.432075 0.013208 0.045283
122 0.117925 0.429245 0.035849 0.039623
123 0.024528 0.499057 0.022642 0.050943
124 0.071698 0.494340 0.041509 0.041509
125 0.123585 0.494340 0.035849 0.041509
126 0.158491 0.496226 0.003774 0.045283
127 0.168868 0.499057 0.013208 0.050943
128 0.195283 0.499057 0.013208 0.050943
129 0.218868 0.486792 0.022642 0.026415
130 0.245283 0.485849 0.022642 0.024528
131 0.266038 0.501887 0.007547 0.056604
132 0.294340 0.484906 0.022642 0.022642
