133 0.007547 0.033019 0.007547 0.028302
134 0.030189 0.044340 0.026415 0.050943
135 0.057547 0.035849 0.024528 0.033962
136 0.091509 0.035849 0.016981 0.033962
137 0.128302 0.036792 0.022642 0.035849
138 0.154717 0.035849 0.022642 0.033962
139 0.183962 0.034906 0.024528 0.032075
140 0.210377 0.036792 0.020755 0.035849
141 0.244340 0.034906 0.020755 0.032075
142 0.271698 0.035849 0.022642 0.033962
143 0.015094 0.105660 0.022642 0.033962
144 0.043396 0.105660 0.022642 0.033962
145 0.075472 0.097170 0.007547 0.016981
146 0.085849 0.100943 0.005660 0.024528
147 0.109434 0.102830 0.030189 0.028302
148 0.152830 0.097170 0.030189 0.016981
149 0.184906 0.102830 0.030189 0.028302
150 0.206604 0.104717 0.009434 0.032075
151 0.239623 0.116038 0.049057 0.054717
152 0.286792 0.106604 0.033962 0.035849
153 0.025472 0.180189 0.024528 0.035849
154 0.059434 0.180189 0.032075 0.035849
155 0.110377 0.180189 0.035849 0.035849
156 0.159434 0.180189 0.028302 0.035849
157 0.201887 0.180189 0.026415 0.035849
158 0.236792 0.180189 0.035849 0.035849
159 0.289623 0.180189 0.039623 0.035849
160 0.318868 0.180189 0.015094 0.035849
161 0.348113 0.186792 0.016981 0.049057
162 0.388679 0.180189 0.033962 0.035849
163 0.027358 0.248113 0.028302 0.035849
164 0.068868 0.248113 0.047170 0.035849
165 0.125472 0.248113 0.039623 0.035849
166 0.181132 0.248113 0.037736 0.035849
167 0.216981 0.248113 0.026415 0.035849
168 0.254717 0.251887 0.041509 0.043396
169 0.306604 0.248113 0.035849 0.035849
170 0.352830 0.248113 0.022642 0.035849
171 0.383019 0.248113 0.033962 0.035849
172 0.422642 0.248113 0.037736 0.035849
173 0.023585 0.309434 0.039623 0.033962
174 0.083019 0.310377 0.052830 0.035849
175 0.145283 0.310377 0.037736 0.035849
176 0.199057 0.310377 0.035849 0.035849
177 0.234906 0.312264 0.032075 0.039623
178 0.258491 0.318868 0.011321 0.052830
179 0.283019 0.317925 0.026415 0.050943
180 0.318868 0.318868 0.011321 0.052830
181 0.350000 0.313208 0.024528 0.041509
182 0.380189 0.307547 0.028302 0.030189
183 0.016981 0.375472 0.007547 0.022642
184 0.044340 0.374528 0.016981 0.020755
185 0.069811 0.383019 0.022642 0.037736
186 0.093396 0.374528 0.016981 0.020755
187 0.115094 0.383019 0.022642 0.037736
188 0.151887 0.374528 0.016981 0.020755
189 0.176415 0.383019 0.020755 0.037736
190 0.214151 0.382075 0.020755 0.035849
191 0.253774 0.383019 0.024528 0.037736
192 0.273585 0.381132 0.011321 0.033962
193 0.005660 0.445283 0.007547 0.049057
194 0.039623 0.438679 0.026415 0.035849
195 0.072642 0.439623 0.013208 0.037736
196 0.115094 0.431132 0.037736 0.020755
197 0.163208 0.431132 0.024528 0.020755
198 0.200000 0.431132 0.022642 0.020755
199 0.226415 0.438679 0.022642 0.035849
200 0.255660 0.438679 0.024528 0.035849
201 0.279245 0.431132 0.015094 0.020755
202 0.299057 0.431132 0.013208 0.020755
203 0.021698 0.500943 0.013208 0.024528
204 0.054717 0.499057 0.022642 0.020755
205 0.089623 0.498113 0.020755 0.018868
206 0.131132 0.499057 0.032075 0.020755
207 0.172642 0.499057 0.020755 0.020755
208 0.196226 0.506604 0.022642 0.035849
209 0.231132 0.500000 0.020755 0.022642
210 0.252830 0.514151 0.015094 0.050943
211 0.279245 0.514151 0.003774 0.050943
212 0.292453 0.514151 0.015094 0.050943
213 0.020755 0.581132 0.030189 0.045283
