133 0.016981 0.037736 0.003774 0.037736
134 0.038679 0.036792 0.009434 0.035849
135 0.055660 0.039623 0.013208 0.041509
136 0.068868 0.039623 0.009434 0.041509
137 0.098113 0.039623 0.015094 0.041509
138 0.125472 0.039623 0.013208 0.041509
139 0.153774 0.039623 0.009434 0.041509
140 0.178302 0.039623 0.013208 0.041509
141 0.204717 0.039623 0.013208 0.041509
142 0.223585 0.039623 0.013208 0.041509
143 0.008491 0.100000 0.013208 0.041509
144 0.023585 0.100000 0.013208 0.041509
145 0.033962 0.094340 0.003774 0.030189
146 0.043396 0.097170 0.003774 0.035849
147 0.068868 0.087736 0.016981 0.016981
148 0.100000 0.083962 0.018868 0.009434
149 0.121698 0.087736 0.016981 0.016981
150 0.152830 0.100000 0.011321 0.041509
151 0.196226 0.100943 0.041509 0.043396
152 0.238679 0.100000 0.016981 0.041509
153 0.023585 0.162264 0.016981 0.041509
154 0.053774 0.162264 0.013208 0.041509
155 0.083962 0.162264 0.016981 0.041509
156 0.106604 0.162264 0.016981 0.041509
157 0.139623 0.162264 0.015094 0.041509
158 0.169811 0.162264 0.015094 0.041509
159 0.203774 0.162264 0.018868 0.041509
160 0.234906 0.162264 0.009434 0.041509
161 0.261321 0.162264 0.013208 0.041509
162 0.283962 0.162264 0.020755 0.041509
163 0.022642 0.222642 0.015094 0.041509
164 0.056604 0.222642 0.022642 0.041509
165 0.082075 0.222642 0.016981 0.041509
166 0.101887 0.222642 0.015094 0.041509
167 0.131132 0.222642 0.016981 0.041509
168 0.152830 0.225472 0.015094 0.047170
169 0.175472 0.222642 0.018868 0.041509
170 0.206604 0.222642 0.013208 0.041509
171 0.237736 0.222642 0.018868 0.041509
172 0.258491 0.222642 0.015094 0.041509
173 0.009434 0.288679 0.015094 0.041509
174 0.032075 0.288679 0.026415 0.041509
175 0.069811 0.288679 0.018868 0.041509
176 0.104717 0.288679 0.016981 0.041509
177 0.137736 0.288679 0.015094 0.041509
178 0.154717 0.288679 0.007547 0.041509
179 0.180189 0.285849 0.009434 0.035849
180 0.201887 0.288679 0.007547 0.041509
181 0.220755 0.286792 0.022642 0.037736
182 0.263208 0.275472 0.028302 0.015094
183 0.006604 0.339623 0.005660 0.022642
184 0.031132 0.343396 0.013208 0.030189
185 0.050943 0.349057 0.015094 0.041509
186 0.079245 0.343396 0.011321 0.030189
187 0.108491 0.349057 0.013208 0.041509
188 0.138679 0.343396 0.013208 0.030189
189 0.163208 0.349057 0.009434 0.041509
190 0.179245 0.349057 0.015094 0.041509
191 0.198113 0.349057 0.015094 0.041509
192 0.226415 0.349057 0.007547 0.041509
193 0.016981 0.414151 0.007547 0.050943
194 0.042453 0.409434 0.016981 0.041509
195 0.069811 0.409434 0.007547 0.041509
196 0.098113 0.403774 0.022642 0.030189
197 0.118868 0.403774 0.015094 0.030189
198 0.147170 0.403774 0.011321 0.030189
199 0.164151 0.408491 0.015094 0.039623
200 0.193396 0.408491 0.013208 0.039623
201 0.208491 0.403774 0.013208 0.030189
202 0.223585 0.403774 0.009434 0.030189
203 0.008491 0.477358 0.009434 0.037736
204 0.026415 0.473585 0.015094 0.030189
205 0.042453 0.473585 0.013208 0.030189
206 0.063208 0.473585 0.020755 0.030189
207 0.082075 0.473585 0.013208 0.030189
208 0.100943 0.478302 0.013208 0.039623
209 0.131132 0.473585 0.013208 0.030189
210 0.149057 0.479245 0.015094 0.041509
211 0.170755 0.482075 0.001887 0.047170
212 0.195283 0.479245 0.013208 0.041509
213 0.015094 0.541509 0.018868 0.033962
