133 0.008491 0.037736 0.005660 0.037736
134 0.039623 0.039623 0.022642 0.041509
135 0.061321 0.039623 0.016981 0.041509
136 0.076415 0.039623 0.009434 0.041509
137 0.102830 0.039623 0.016981 0.041509
138 0.121698 0.039623 0.016981 0.041509
139 0.151887 0.039623 0.016981 0.041509
140 0.171698 0.039623 0.015094 0.041509
141 0.193396 0.039623 0.016981 0.041509
142 0.227358 0.039623 0.016981 0.041509
143 0.014151 0.100000 0.016981 0.041509
144 0.036792 0.100000 0.016981 0.041509
145 0.061321 0.094340 0.005660 0.030189
146 0.068868 0.099057 0.005660 0.039623
147 0.100000 0.093396 0.030189 0.028302
148 0.147170 0.087736 0.030189 0.016981
149 0.183019 0.093396 0.030189 0.028302
150 0.209434 0.100000 0.015094 0.041509
151 0.243396 0.103774 0.041509 0.049057
152 0.279245 0.100000 0.022642 0.041509
153 0.025472 0.167925 0.020755 0.041509
154 0.060377 0.167925 0.018868 0.041509
155 0.093396 0.167925 0.020755 0.041509
156 0.126415 0.167925 0.018868 0.041509
157 0.150943 0.167925 0.018868 0.041509
158 0.173585 0.167925 0.018868 0.041509
159 0.196226 0.167925 0.022642 0.041509
160 0.218868 0.167925 0.011321 0.041509
161 0.246226 0.172642 0.013208 0.050943
162 0.281132 0.167925 0.022642 0.041509
163 0.013208 0.237736 0.018868 0.041509
164 0.041509 0.237736 0.030189 0.041509
165 0.072642 0.237736 0.024528 0.041509
166 0.096226 0.237736 0.018868 0.041509
167 0.119811 0.237736 0.020755 0.041509
168 0.143396 0.241509 0.018868 0.049057
169 0.169811 0.237736 0.022642 0.041509
170 0.204717 0.237736 0.016981 0.041509
171 0.229245 0.237736 0.020755 0.041509
172 0.254717 0.237736 0.022642 0.041509
173 0.016038 0.305660 0.024528 0.041509
174 0.047170 0.305660 0.033962 0.041509
175 0.081132 0.305660 0.022642 0.041509
176 0.121698 0.305660 0.024528 0.041509
177 0.158491 0.305660 0.015094 0.041509
178 0.174528 0.310377 0.009434 0.050943
179 0.196226 0.305660 0.022642 0.041509
180 0.215094 0.310377 0.007547 0.050943
181 0.247170 0.307547 0.022642 0.045283
182 0.289623 0.300000 0.028302 0.030189
183 0.010377 0.366038 0.009434 0.022642
184 0.028302 0.369811 0.018868 0.030189
185 0.059434 0.375472 0.016981 0.041509
186 0.092453 0.369811 0.015094 0.030189
187 0.115094 0.375472 0.018868 0.041509
188 0.149057 0.369811 0.015094 0.030189
189 0.181132 0.375472 0.015094 0.041509
190 0.213208 0.374528 0.018868 0.039623
191 0.233962 0.375472 0.018868 0.041509
192 0.261321 0.375472 0.009434 0.041509
193 0.017925 0.440566 0.009434 0.050943
194 0.049057 0.435849 0.018868 0.041509
195 0.075472 0.435849 0.007547 0.041509
196 0.110377 0.430189 0.028302 0.030189
197 0.150943 0.430189 0.018868 0.030189
198 0.184906 0.430189 0.015094 0.030189
199 0.202830 0.434906 0.016981 0.039623
200 0.235849 0.434906 0.018868 0.039623
201 0.255660 0.430189 0.013208 0.030189
202 0.282075 0.430189 0.013208 0.030189
203 0.020755 0.503774 0.011321 0.037736
204 0.039623 0.500000 0.018868 0.030189
205 0.064151 0.500000 0.022642 0.030189
206 0.095283 0.500000 0.032075 0.030189
207 0.120755 0.500000 0.015094 0.030189
208 0.141509 0.504717 0.022642 0.039623
209 0.175472 0.500000 0.015094 0.030189
210 0.193396 0.510377 0.013208 0.050943
211 0.216981 0.508491 0.003774 0.047170
212 0.229245 0.510377 0.013208 0.050943
213 0.019811 0.583019 0.028302 0.056604
