133 0.007547 0.042453 0.007547 0.047170
134 0.044340 0.046226 0.035849 0.054717
135 0.082075 0.033962 0.028302 0.030189
136 0.110377 0.033962 0.016981 0.030189
137 0.136792 0.033962 0.028302 0.030189
138 0.166981 0.037736 0.028302 0.037736
139 0.215094 0.037736 0.033962 0.037736
140 0.250943 0.037736 0.030189 0.037736
141 0.283962 0.038679 0.028302 0.039623
142 0.331132 0.037736 0.032075 0.037736
143 0.029245 0.112264 0.028302 0.039623
144 0.060377 0.111321 0.030189 0.037736
145 0.095283 0.106604 0.013208 0.028302
146 0.115094 0.110377 0.015094 0.035849
147 0.139623 0.105660 0.030189 0.026415
148 0.185849 0.099057 0.032075 0.013208
149 0.230189 0.104717 0.030189 0.024528
150 0.272642 0.113208 0.020755 0.041509
151 0.310377 0.113208 0.043396 0.041509
152 0.374528 0.113208 0.054717 0.041509
153 0.036792 0.173585 0.039623 0.041509
154 0.087736 0.173585 0.035849 0.041509
155 0.147170 0.173585 0.049057 0.041509
156 0.208491 0.173585 0.039623 0.041509
157 0.256604 0.179245 0.049057 0.052830
158 0.304717 0.179245 0.035849 0.052830
159 0.371698 0.177358 0.067925 0.049057
160 0.424528 0.173585 0.030189 0.041509
161 0.475472 0.177358 0.037736 0.049057
162 0.535849 0.173585 0.056604 0.041509
163 0.021698 0.245283 0.035849 0.041509
164 0.073585 0.245283 0.060377 0.041509
165 0.150943 0.245283 0.067925 0.041509
166 0.209434 0.245283 0.037736 0.041509
167 0.262264 0.245283 0.041509 0.041509
168 0.310377 0.250943 0.043396 0.052830
169 0.369811 0.245283 0.049057 0.041509
170 0.411321 0.245283 0.030189 0.041509
171 0.453774 0.249057 0.050943 0.049057
172 0.505660 0.245283 0.049057 0.041509
173 0.033019 0.320755 0.054717 0.049057
174 0.107547 0.320755 0.067925 0.049057
175 0.170755 0.316981 0.047170 0.041509
176 0.218868 0.322642 0.037736 0.052830
177 0.259434 0.316981 0.035849 0.041509
178 0.302830 0.323585 0.024528 0.054717
179 0.339623 0.323585 0.015094 0.054717
180 0.375472 0.323585 0.022642 0.054717
181 0.404717 0.324528 0.028302 0.056604
182 0.432075 0.311321 0.022642 0.030189
183 0.016981 0.385849 0.007547 0.028302
184 0.040566 0.386792 0.032075 0.030189
185 0.075472 0.396226 0.030189 0.049057
186 0.116038 0.386792 0.024528 0.030189
187 0.169811 0.396226 0.049057 0.049057
188 0.208491 0.386792 0.024528 0.030189
189 0.250000 0.405660 0.047170 0.067925
190 0.307547 0.396226 0.037736 0.049057
191 0.345283 0.396226 0.033962 0.049057
192 0.385849 0.393396 0.016981 0.043396
193 0.032075 0.488679 0.033962 0.060377
194 0.079245 0.483019 0.030189 0.049057
195 0.114151 0.483019 0.028302 0.049057
196 0.169811 0.473585 0.056604 0.030189
197 0.230189 0.473585 0.037736 0.030189
198 0.266981 0.473585 0.028302 0.030189
199 0.309434 0.483019 0.049057 0.049057
200 0.354717 0.483019 0.030189 0.049057
201 0.389623 0.473585 0.032075 0.030189
202 0.422642 0.473585 0.022642 0.030189
203 0.023585 0.556604 0.020755 0.037736
204 0.068868 0.552830 0.035849 0.030189
205 0.121698 0.552830 0.035849 0.030189
206 0.169811 0.552830 0.049057 0.030189
207 0.226415 0.552830 0.037736 0.030189
208 0.264151 0.562264 0.033962 0.049057
209 0.300000 0.552830 0.030189 0.030189
210 0.338679 0.565094 0.020755 0.054717
211 0.368868 0.563208 0.013208 0.050943
212 0.386792 0.565094 0.018868 0.054717
213 0.028302 0.639623 0.030189 0.056604
