33 0.016038 0.036792 0.024528 0.035849
34 0.044340 0.036792 0.024528 0.035849
35 0.083962 0.036792 0.024528 0.035849
36 0.121698 0.036792 0.024528 0.035849
37 0.151887 0.036792 0.024528 0.035849
38 0.182075 0.036792 0.024528 0.035849
39 0.208491 0.036792 0.024528 0.035849
40 0.248113 0.036792 0.024528 0.035849
41 0.274528 0.036792 0.024528 0.035849
42 0.312264 0.036792 0.024528 0.035849
43 0.014151 0.091509 0.024528 0.035849
44 0.053774 0.091509 0.024528 0.035849
45 0.083962 0.091509 0.024528 0.035849
46 0.125472 0.091509 0.024528 0.035849
47 0.165094 0.091509 0.024528 0.035849
48 0.202830 0.091509 0.024528 0.035849
49 0.233019 0.091509 0.024528 0.035849
50 0.263208 0.091509 0.024528 0.035849
51 0.291509 0.091509 0.024528 0.035849
52 0.333019 0.091509 0.024528 0.035849
53 0.025472 0.146226 0.024528 0.035849
54 0.066981 0.146226 0.024528 0.035849
55 0.095283 0.146226 0.024528 0.035849
56 0.133019 0.146226 0.024528 0.035849
57 0.159434 0.146226 0.024528 0.035849
58 0.200943 0.146226 0.024528 0.035849
59 0.229245 0.146226 0.024528 0.035849
60 0.259434 0.146226 0.024528 0.035849
61 0.297170 0.146226 0.024528 0.035849
62 0.336792 0.146226 0.024528 0.035849
63 0.017925 0.200943 0.024528 0.035849
64 0.048113 0.200943 0.024528 0.035849
65 0.078302 0.200943 0.024528 0.035849
66 0.117925 0.200943 0.024528 0.035849
67 0.148113 0.200943 0.024528 0.035849
68 0.189623 0.200943 0.024528 0.035849
69 0.219811 0.200943 0.024528 0.035849
70 0.246226 0.200943 0.024528 0.035849
71 0.283962 0.200943 0.024528 0.035849
72 0.321698 0.200943 0.024528 0.035849
73 0.014151 0.255660 0.024528 0.035849
74 0.040566 0.255660 0.024528 0.035849
75 0.068868 0.255660 0.024528 0.035849
76 0.095283 0.255660 0.024528 0.035849
77 0.121698 0.255660 0.024528 0.035849
78 0.163208 0.255660 0.024528 0.035849
79 0.204717 0.255660 0.024528 0.035849
80 0.231132 0.255660 0.024528 0.035849
81 0.259434 0.255660 0.024528 0.035849
82 0.299057 0.255660 0.024528 0.035849
83 0.017925 0.310377 0.024528 0.035849
84 0.057547 0.310377 0.024528 0.035849
85 0.087736 0.310377 0.024528 0.035849
86 0.114151 0.316981 0.024528 0.049057
87 0.143396 0.292453 0.000000 0.000000
88 0.145283 0.292453 0.000000 0.000000
89 0.149057 0.292453 0.000000 0.000000
90 0.152830 0.292453 0.000000 0.000000
91 0.156604 0.292453 0.000000 0.000000
92 0.169811 0.292453 0.000000 0.000000
93 0.001887 0.360377 0.000000 0.000000
94 0.015094 0.360377 0.000000 0.000000
95 0.032075 0.360377 0.000000 0.000000
96 0.049057 0.360377 0.000000 0.000000
97 0.062264 0.360377 0.000000 0.000000
98 0.079245 0.360377 0.000000 0.000000
99 0.094340 0.360377 0.000000 0.000000
100 0.109434 0.360377 0.000000 0.000000
101 0.122642 0.360377 0.000000 0.000000
102 0.137736 0.360377 0.000000 0.000000
103 0.001887 0.379245 0.000000 0.000000
104 0.007547 0.379245 0.000000 0.000000
105 0.009434 0.379245 0.000000 0.000000
106 0.011321 0.379245 0.000000 0.000000
107 0.028302 0.379245 0.000000 0.000000
108 0.045283 0.379245 0.000000 0.000000
109 0.050943 0.379245 0.000000 0.000000
110 0.066038 0.379245 0.000000 0.000000
111 0.079245 0.379245 0.000000 0.000000
112 0.084906 0.379245 0.000000 0.000000
113 0.016981 0.398113 0.000000 0.000000
114 0.018868 0.398113 0.000000 0.000000
115 0.032075 0.398113 0.000000 0.000000
116 0.037736 0.398113 0.000000 0.000000
117 0.041509 0.398113 0.000000 0.000000
118 0.054717 0.398113 0.000000 0.000000
119 0.069811 0.398113 0.000000 0.000000
120 0.089623 0.416981 0.005660 0.037736
121 0.116038 0.420755 0.013208 0.045283
122 0.151887 0.416038 0.024528 0.035849
123 0.027358 0.486792 0.020755 0.049057
124 0.061321 0.482075 0.035849 0.039623
125 0.110377 0.481132 0.032075 0.037736
126 0.130189 0.484906 0.003774 0.045283
127 0.150000 0.486792 0.009434 0.049057
128 0.174528 0.486792 0.009434 0.049057
129 0.202830 0.472642 0.016981 0.020755
130 0.238679 0.475472 0.024528 0.026415
131 0.256604 0.482075 0.007547 0.039623
132 0.272642 0.473585 0.013208 0.022642
