33 0.022642 0.044340 0.041509 0.050943
34 0.067925 0.044340 0.041509 0.050943
35 0.111321 0.044340 0.041509 0.050943
36 0.167925 0.044340 0.041509 0.050943
37 0.224528 0.044340 0.041509 0.050943
38 0.269811 0.044340 0.041509 0.050943
39 0.315094 0.044340 0.041509 0.050943
40 0.358491 0.044340 0.041509 0.050943
41 0.403774 0.044340 0.041509 0.050943
42 0.460377 0.044340 0.041509 0.050943
43 0.033962 0.114151 0.041509 0.050943
44 0.090566 0.114151 0.041509 0.050943
45 0.149057 0.114151 0.041509 0.050943
46 0.194340 0.114151 0.041509 0.050943
47 0.252830 0.114151 0.041509 0.050943
48 0.298113 0.114151 0.041509 0.050943
49 0.341509 0.114151 0.041509 0.050943
50 0.398113 0.114151 0.041509 0.050943
51 0.454717 0.114151 0.041509 0.050943
52 0.500000 0.114151 0.041509 0.050943
53 0.022642 0.183962 0.041509 0.050943
54 0.067925 0.183962 0.041509 0.050943
55 0.124528 0.183962 0.041509 0.050943
56 0.167925 0.183962 0.041509 0.050943
57 0.213208 0.183962 0.041509 0.050943
58 0.269811 0.183962 0.041509 0.050943
59 0.328302 0.183962 0.041509 0.050943
60 0.371698 0.183962 0.041509 0.050943
61 0.426415 0.183962 0.041509 0.050943
62 0.484906 0.183962 0.041509 0.050943
63 0.024528 0.253774 0.041509 0.050943
64 0.071698 0.253774 0.041509 0.050943
65 0.128302 0.253774 0.041509 0.050943
66 0.186792 0.253774 0.041509 0.050943
67 0.243396 0.253774 0.041509 0.050943
68 0.290566 0.253774 0.041509 0.050943
69 0.349057 0.253774 0.041509 0.050943
70 0.405660 0.253774 0.041509 0.050943
71 0.460377 0.253774 0.041509 0.050943
72 0.507547 0.253774 0.041509 0.050943
73 0.022642 0.323585 0.041509 0.050943
74 0.081132 0.323585 0.041509 0.050943
75 0.128302 0.323585 0.041509 0.050943
76 0.183019 0.323585 0.041509 0.050943
77 0.230189 0.323585 0.041509 0.050943
78 0.277358 0.323585 0.041509 0.050943
79 0.335849 0.323585 0.041509 0.050943
80 0.394340 0.323585 0.041509 0.050943
81 0.449057 0.323585 0.041509 0.050943
82 0.507547 0.323585 0.041509 0.050943
83 0.035849 0.393396 0.041509 0.050943
84 0.081132 0.393396 0.041509 0.050943
85 0.128302 0.393396 0.041509 0.050943
86 0.175472 0.393396 0.041509 0.050943
87 0.201887 0.367925 0.000000 0.000000
88 0.216981 0.367925 0.000000 0.000000
89 0.222642 0.367925 0.000000 0.000000
90 0.224528 0.367925 0.000000 0.000000
91 0.237736 0.367925 0.000000 0.000000
92 0.250943 0.367925 0.000000 0.000000
93 0.003774 0.437736 0.000000 0.000000
94 0.018868 0.437736 0.000000 0.000000
95 0.032075 0.437736 0.000000 0.000000
96 0.033962 0.437736 0.000000 0.000000
97 0.035849 0.437736 0.000000 0.000000
98 0.052830 0.437736 0.000000 0.000000
99 0.069811 0.437736 0.000000 0.000000
100 0.071698 0.437736 0.000000 0.000000
101 0.086792 0.437736 0.000000 0.000000
102 0.092453 0.437736 0.000000 0.000000
103 0.005660 0.456604 0.000000 0.000000
104 0.007547 0.456604 0.000000 0.000000
105 0.022642 0.456604 0.000000 0.000000
106 0.039623 0.456604 0.000000 0.000000
107 0.043396 0.456604 0.000000 0.000000
108 0.058491 0.456604 0.000000 0.000000
109 0.060377 0.456604 0.000000 0.000000
110 0.077358 0.456604 0.000000 0.000000
111 0.094340 0.456604 0.000000 0.000000
112 0.109434 0.456604 0.000000 0.000000
113 0.015094 0.475472 0.000000 0.000000
114 0.016981 0.475472 0.000000 0.000000
115 0.018868 0.475472 0.000000 0.000000
116 0.024528 0.475472 0.000000 0.000000
117 0.037736 0.475472 0.000000 0.000000
118 0.043396 0.475472 0.000000 0.000000
119 0.049057 0.475472 0.000000 0.000000
120 0.068868 0.495283 0.013208 0.039623
121 0.100000 0.498113 0.022642 0.045283
122 0.137736 0.495283 0.022642 0.039623
123 0.025472 0.564151 0.024528 0.049057
124 0.063208 0.559434 0.043396 0.039623
125 0.122642 0.559434 0.041509 0.039623
126 0.150000 0.562264 0.009434 0.045283
127 0.176415 0.564151 0.016981 0.049057
128 0.197170 0.563208 0.016981 0.047170
129 0.216981 0.548113 0.018868 0.016981
130 0.240566 0.553774 0.024528 0.028302
131 0.271698 0.565094 0.011321 0.050943
132 0.303774 0.556604 0.018868 0.033962
