133 0.016981 0.037736 0.007547 0.037736
134 0.033962 0.040566 0.015094 0.043396
135 0.057547 0.032075 0.024528 0.026415
136 0.096226 0.032075 0.022642 0.026415
137 0.132075 0.032075 0.022642 0.026415
138 0.166981 0.037736 0.020755 0.037736
139 0.206604 0.037736 0.024528 0.037736
140 0.233019 0.037736 0.020755 0.037736
141 0.258491 0.037736 0.026415 0.037736
142 0.296226 0.037736 0.022642 0.037736
143 0.026415 0.100000 0.026415 0.037736
144 0.067925 0.100000 0.026415 0.037736
145 0.101887 0.093396 0.007547 0.024528
146 0.127358 0.099057 0.013208 0.035849
147 0.150943 0.094340 0.022642 0.026415
148 0.177358 0.089623 0.022642 0.016981
149 0.205660 0.094340 0.022642 0.026415
150 0.231132 0.100000 0.020755 0.037736
151 0.283019 0.105660 0.049057 0.049057
152 0.339623 0.100000 0.033962 0.037736
153 0.016981 0.167925 0.030189 0.037736
154 0.059434 0.167925 0.028302 0.037736
155 0.092453 0.167925 0.033962 0.037736
156 0.139623 0.167925 0.026415 0.037736
157 0.168868 0.167925 0.024528 0.037736
158 0.214151 0.167925 0.032075 0.037736
159 0.250000 0.167925 0.032075 0.037736
160 0.271698 0.167925 0.007547 0.037736
161 0.285849 0.167925 0.016981 0.037736
162 0.324528 0.167925 0.030189 0.037736
163 0.029245 0.224528 0.024528 0.037736
164 0.078302 0.224528 0.039623 0.037736
165 0.116981 0.224528 0.033962 0.037736
166 0.156604 0.224528 0.037736 0.037736
167 0.193396 0.224528 0.028302 0.037736
168 0.231132 0.224528 0.039623 0.037736
169 0.267925 0.224528 0.030189 0.037736
170 0.301887 0.224528 0.026415 0.037736
171 0.333962 0.224528 0.030189 0.037736
172 0.366981 0.224528 0.032075 0.037736
173 0.030189 0.281132 0.033962 0.037736
174 0.088679 0.281132 0.049057 0.037736
175 0.131132 0.281132 0.032075 0.037736
176 0.177358 0.281132 0.033962 0.037736
177 0.215094 0.281132 0.030189 0.037736
178 0.237736 0.284906 0.011321 0.045283
179 0.254717 0.284906 0.015094 0.045283
180 0.273585 0.284906 0.011321 0.045283
181 0.298113 0.286792 0.026415 0.049057
182 0.329245 0.277358 0.028302 0.030189
183 0.018868 0.344340 0.007547 0.028302
184 0.050943 0.343396 0.022642 0.026415
185 0.076415 0.350000 0.024528 0.039623
186 0.111321 0.343396 0.018868 0.026415
187 0.138679 0.350000 0.024528 0.039623
188 0.164151 0.343396 0.022642 0.026415
189 0.186792 0.350000 0.018868 0.039623
190 0.212264 0.350000 0.024528 0.039623
191 0.252830 0.350000 0.022642 0.039623
192 0.272642 0.350000 0.005660 0.039623
193 0.013208 0.415094 0.015094 0.052830
194 0.035849 0.408491 0.022642 0.039623
195 0.063208 0.408491 0.005660 0.039623
196 0.102830 0.401887 0.039623 0.026415
197 0.147170 0.401887 0.022642 0.026415
198 0.186792 0.401887 0.026415 0.026415
199 0.229245 0.408491 0.024528 0.039623
200 0.270755 0.408491 0.024528 0.039623
201 0.303774 0.401887 0.015094 0.026415
202 0.322642 0.401887 0.018868 0.026415
203 0.011321 0.477358 0.018868 0.033962
204 0.049057 0.473585 0.022642 0.026415
205 0.090566 0.473585 0.026415 0.026415
206 0.139623 0.473585 0.041509 0.026415
207 0.177358 0.473585 0.026415 0.026415
208 0.208491 0.480189 0.028302 0.039623
209 0.239623 0.473585 0.022642 0.026415
210 0.272642 0.484906 0.013208 0.049057
211 0.285849 0.486792 0.005660 0.052830
212 0.300943 0.484906 0.013208 0.049057
213 0.013208 0.554717 0.022642 0.045283
