133 0.005660 0.037736 0.007547 0.037736
134 0.032075 0.045283 0.018868 0.052830
135 0.056604 0.038679 0.026415 0.039623
136 0.084906 0.038679 0.018868 0.039623
137 0.120755 0.038679 0.026415 0.039623
138 0.152830 0.038679 0.026415 0.039623
139 0.194340 0.038679 0.026415 0.039623
140 0.226415 0.038679 0.026415 0.039623
141 0.267925 0.038679 0.026415 0.039623
142 0.308491 0.038679 0.024528 0.039623
143 0.015094 0.110377 0.026415 0.039623
144 0.042453 0.110377 0.024528 0.039623
145 0.066981 0.101887 0.013208 0.022642
146 0.098113 0.105660 0.015094 0.030189
147 0.122642 0.105660 0.030189 0.030189
148 0.156604 0.099057 0.030189 0.016981
149 0.201887 0.105660 0.030189 0.030189
150 0.243396 0.110377 0.022642 0.039623
151 0.295283 0.115094 0.047170 0.049057
152 0.354717 0.110377 0.037736 0.039623
153 0.026415 0.178302 0.041509 0.039623
154 0.079245 0.178302 0.030189 0.039623
155 0.116038 0.178302 0.039623 0.039623
156 0.163208 0.178302 0.028302 0.039623
157 0.199057 0.178302 0.032075 0.039623
158 0.235849 0.185849 0.033962 0.054717
159 0.279245 0.178302 0.049057 0.039623
160 0.333019 0.178302 0.032075 0.039623
161 0.365094 0.185849 0.028302 0.054717
162 0.416038 0.178302 0.047170 0.039623
163 0.018868 0.251887 0.033962 0.039623
164 0.066981 0.251887 0.054717 0.039623
165 0.122642 0.251887 0.049057 0.039623
166 0.167925 0.251887 0.033962 0.039623
167 0.216981 0.251887 0.037736 0.039623
168 0.267925 0.251887 0.033962 0.039623
169 0.312264 0.251887 0.043396 0.039623
170 0.349057 0.251887 0.026415 0.039623
171 0.397170 0.251887 0.035849 0.039623
172 0.449057 0.251887 0.041509 0.039623
173 0.034906 0.310377 0.035849 0.039623
174 0.095283 0.310377 0.050943 0.039623
175 0.142453 0.310377 0.039623 0.039623
176 0.184906 0.317925 0.041509 0.054717
177 0.235849 0.310377 0.030189 0.039623
178 0.280189 0.316981 0.024528 0.052830
179 0.316981 0.316981 0.018868 0.052830
180 0.341509 0.316981 0.026415 0.052830
181 0.380189 0.311321 0.024528 0.041509
182 0.419811 0.305660 0.028302 0.030189
183 0.021698 0.381132 0.009434 0.033962
184 0.054717 0.375472 0.030189 0.022642
185 0.099057 0.383962 0.024528 0.039623
186 0.134906 0.375472 0.020755 0.022642
187 0.164151 0.383962 0.030189 0.039623
188 0.195283 0.375472 0.020755 0.022642
189 0.220755 0.391509 0.022642 0.054717
190 0.250000 0.383019 0.028302 0.037736
191 0.293396 0.383962 0.028302 0.039623
192 0.316038 0.380189 0.013208 0.032075
193 0.025472 0.462264 0.020755 0.049057
194 0.053774 0.457547 0.028302 0.039623
195 0.083019 0.457547 0.018868 0.039623
196 0.116981 0.449057 0.041509 0.022642
197 0.168868 0.449057 0.028302 0.022642
198 0.197170 0.449057 0.024528 0.022642
199 0.227358 0.456604 0.028302 0.037736
200 0.258491 0.456604 0.030189 0.037736
201 0.287736 0.449057 0.020755 0.022642
202 0.321698 0.449057 0.016981 0.022642
203 0.012264 0.521698 0.016981 0.032075
204 0.049057 0.516981 0.030189 0.022642
205 0.093396 0.516981 0.024528 0.022642
206 0.142453 0.516981 0.039623 0.022642
207 0.195283 0.516981 0.032075 0.022642
208 0.230189 0.524528 0.030189 0.037736
209 0.272642 0.516981 0.028302 0.022642
210 0.295283 0.530189 0.013208 0.049057
211 0.307547 0.533962 0.003774 0.056604
212 0.322642 0.530189 0.015094 0.049057
213 0.016981 0.609434 0.030189 0.056604
