133 0.019811 0.042453 0.009434 0.047170
134 0.039623 0.038679 0.022642 0.039623
135 0.083962 0.038679 0.035849 0.039623
136 0.111321 0.038679 0.015094 0.039623
137 0.140566 0.038679 0.032075 0.039623
138 0.188679 0.040566 0.030189 0.043396
139 0.222642 0.038679 0.033962 0.039623
140 0.254717 0.040566 0.026415 0.043396
141 0.300000 0.039623 0.033962 0.041509
142 0.350000 0.038679 0.032075 0.039623
143 0.033019 0.104717 0.032075 0.039623
144 0.081132 0.105660 0.033962 0.041509
145 0.104717 0.100000 0.009434 0.030189
146 0.130189 0.104717 0.011321 0.039623
147 0.150943 0.096226 0.022642 0.022642
148 0.175472 0.091509 0.022642 0.013208
149 0.213208 0.096226 0.022642 0.022642
150 0.241509 0.104717 0.026415 0.039623
151 0.283019 0.108491 0.052830 0.047170
152 0.331132 0.104717 0.039623 0.039623
153 0.031132 0.170755 0.035849 0.039623
154 0.082075 0.170755 0.039623 0.039623
155 0.124528 0.170755 0.041509 0.039623
156 0.163208 0.170755 0.032075 0.039623
157 0.200000 0.170755 0.030189 0.039623
158 0.253774 0.170755 0.043396 0.039623
159 0.310377 0.170755 0.043396 0.039623
160 0.341509 0.170755 0.015094 0.039623
161 0.372642 0.176415 0.020755 0.050943
162 0.420755 0.170755 0.041509 0.039623
163 0.019811 0.240566 0.032075 0.039623
164 0.074528 0.239623 0.050943 0.037736
165 0.124528 0.240566 0.041509 0.039623
166 0.172642 0.240566 0.047170 0.039623
167 0.231132 0.240566 0.035849 0.039623
168 0.300000 0.249057 0.075472 0.056604
169 0.371698 0.240566 0.041509 0.039623
170 0.421698 0.240566 0.032075 0.039623
171 0.472642 0.240566 0.039623 0.039623
172 0.517925 0.240566 0.039623 0.039623
173 0.036792 0.316038 0.039623 0.039623
174 0.100943 0.316038 0.054717 0.039623
175 0.154717 0.316038 0.041509 0.039623
176 0.200000 0.316038 0.041509 0.039623
177 0.241509 0.316038 0.033962 0.039623
178 0.283019 0.319811 0.015094 0.047170
179 0.315094 0.316038 0.022642 0.039623
180 0.335849 0.319811 0.015094 0.047170
181 0.361321 0.307547 0.024528 0.022642
182 0.404717 0.303774 0.028302 0.015094
183 0.022642 0.376415 0.011321 0.028302
184 0.048113 0.379245 0.035849 0.033962
185 0.094340 0.379245 0.030189 0.033962
186 0.130189 0.379245 0.033962 0.033962
187 0.170755 0.379245 0.035849 0.033962
188 0.203774 0.379245 0.026415 0.033962
189 0.242453 0.379245 0.024528 0.033962
190 0.285849 0.379245 0.035849 0.033962
191 0.325472 0.379245 0.035849 0.033962
192 0.366981 0.379245 0.013208 0.033962
193 0.012264 0.436792 0.016981 0.043396
194 0.051887 0.432075 0.035849 0.033962
195 0.088679 0.432075 0.026415 0.033962
196 0.137736 0.432075 0.045283 0.033962
197 0.181132 0.432075 0.037736 0.033962
198 0.234906 0.432075 0.039623 0.033962
199 0.273585 0.432075 0.030189 0.033962
200 0.325472 0.439623 0.062264 0.049057
201 0.378302 0.432075 0.035849 0.033962
202 0.413208 0.432075 0.026415 0.033962
203 0.032075 0.500000 0.033962 0.033962
204 0.079245 0.500000 0.033962 0.033962
205 0.119811 0.500000 0.035849 0.033962
206 0.178302 0.499057 0.047170 0.032075
207 0.235849 0.500000 0.033962 0.033962
208 0.272642 0.500000 0.035849 0.033962
209 0.323585 0.500000 0.032075 0.033962
210 0.349057 0.506604 0.015094 0.047170
211 0.371698 0.507547 0.003774 0.049057
212 0.395283 0.506604 0.013208 0.047170
213 0.016038 0.579245 0.024528 0.056604
