33 0.028302 0.043396 0.026415 0.049057
34 0.058491 0.043396 0.026415 0.049057
35 0.098113 0.043396 0.026415 0.049057
36 0.130189 0.043396 0.026415 0.049057
37 0.162264 0.043396 0.026415 0.049057
38 0.205660 0.043396 0.026415 0.049057
39 0.247170 0.043396 0.026415 0.049057
40 0.279245 0.043396 0.026415 0.049057
41 0.320755 0.043396 0.026415 0.049057
42 0.350943 0.043396 0.026415 0.049057
43 0.016981 0.111321 0.026415 0.049057
44 0.056604 0.111321 0.026415 0.049057
45 0.100000 0.111321 0.026415 0.049057
46 0.132075 0.111321 0.026415 0.049057
47 0.160377 0.111321 0.026415 0.049057
48 0.203774 0.111321 0.026415 0.049057
49 0.245283 0.111321 0.026415 0.049057
50 0.288679 0.111321 0.026415 0.049057
51 0.318868 0.111321 0.026415 0.049057
52 0.362264 0.111321 0.026415 0.049057
53 0.026415 0.179245 0.026415 0.049057
54 0.069811 0.179245 0.026415 0.049057
55 0.111321 0.179245 0.026415 0.049057
56 0.141509 0.179245 0.026415 0.049057
57 0.171698 0.179245 0.026415 0.049057
58 0.211321 0.179245 0.026415 0.049057
59 0.254717 0.179245 0.026415 0.049057
60 0.294340 0.179245 0.026415 0.049057
61 0.322642 0.179245 0.026415 0.049057
62 0.352830 0.179245 0.026415 0.049057
63 0.028302 0.247170 0.026415 0.049057
64 0.071698 0.247170 0.026415 0.049057
65 0.101887 0.247170 0.026415 0.049057
66 0.145283 0.247170 0.026415 0.049057
67 0.186792 0.247170 0.026415 0.049057
68 0.228302 0.247170 0.026415 0.049057
69 0.267925 0.247170 0.026415 0.049057
70 0.296226 0.247170 0.026415 0.049057
71 0.328302 0.247170 0.026415 0.049057
72 0.369811 0.247170 0.026415 0.049057
73 0.030189 0.315094 0.026415 0.049057
74 0.060377 0.315094 0.026415 0.049057
75 0.090566 0.315094 0.026415 0.049057
76 0.130189 0.315094 0.026415 0.049057
77 0.173585 0.315094 0.026415 0.049057
78 0.216981 0.315094 0.026415 0.049057
79 0.247170 0.315094 0.026415 0.049057
80 0.288679 0.315094 0.026415 0.049057
81 0.316981 0.315094 0.026415 0.049057
82 0.358491 0.315094 0.026415 0.049057
83 0.026415 0.383019 0.026415 0.049057
84 0.056604 0.383019 0.026415 0.049057
85 0.084906 0.383019 0.026415 0.049057
86 0.116981 0.383019 0.026415 0.049057
87 0.132075 0.358491 0.000000 0.000000
88 0.145283 0.358491 0.000000 0.000000
89 0.150943 0.358491 0.000000 0.000000
90 0.156604 0.358491 0.000000 0.000000
91 0.173585 0.358491 0.000000 0.000000
92 0.186792 0.358491 0.000000 0.000000
93 0.003774 0.426415 0.000000 0.000000
94 0.007547 0.426415 0.000000 0.000000
95 0.013208 0.426415 0.000000 0.000000
96 0.028302 0.426415 0.000000 0.000000
97 0.033962 0.426415 0.000000 0.000000
98 0.039623 0.426415 0.000000 0.000000
99 0.043396 0.426415 0.000000 0.000000
100 0.056604 0.426415 0.000000 0.000000
101 0.069811 0.426415 0.000000 0.000000
102 0.073585 0.426415 0.000000 0.000000
103 0.013208 0.445283 0.000000 0.000000
104 0.030189 0.445283 0.000000 0.000000
105 0.043396 0.445283 0.000000 0.000000
106 0.058491 0.445283 0.000000 0.000000
107 0.064151 0.445283 0.000000 0.000000
108 0.079245 0.445283 0.000000 0.000000
109 0.096226 0.445283 0.000000 0.000000
110 0.101887 0.445283 0.000000 0.000000
111 0.103774 0.445283 0.000000 0.000000
112 0.118868 0.445283 0.000000 0.000000
113 0.001887 0.464151 0.000000 0.000000
114 0.007547 0.464151 0.000000 0.000000
115 0.020755 0.464151 0.000000 0.000000
116 0.022642 0.464151 0.000000 0.000000
117 0.037736 0.464151 0.000000 0.000000
118 0.043396 0.464151 0.000000 0.000000
119 0.060377 0.464151 0.000000 0.000000
120 0.067925 0.484906 0.007547 0.041509
121 0.079245 0.478302 0.011321 0.028302
122 0.098113 0.484906 0.022642 0.041509
123 0.022642 0.550943 0.015094 0.052830
124 0.050943 0.545283 0.030189 0.041509
125 0.089623 0.546226 0.016981 0.043396
126 0.116981 0.538679 0.003774 0.028302
127 0.125472 0.551887 0.009434 0.054717
128 0.151887 0.551887 0.009434 0.054717
129 0.176415 0.530189 0.013208 0.011321
130 0.216038 0.540566 0.032075 0.032075
131 0.250000 0.530189 0.005660 0.011321
132 0.270755 0.535849 0.009434 0.022642
