133 0.016981 0.042453 0.007547 0.047170
134 0.045283 0.044340 0.022642 0.050943
135 0.083962 0.037736 0.024528 0.037736
136 0.117925 0.037736 0.013208 0.037736
137 0.138679 0.037736 0.020755 0.037736
138 0.161321 0.037736 0.020755 0.037736
139 0.187736 0.037736 0.020755 0.037736
140 0.213208 0.037736 0.018868 0.037736
141 0.248113 0.037736 0.024528 0.037736
142 0.287736 0.037736 0.020755 0.037736
143 0.016038 0.107547 0.020755 0.037736
144 0.055660 0.107547 0.024528 0.037736
145 0.077358 0.100000 0.007547 0.022642
146 0.090566 0.102830 0.011321 0.028302
147 0.124528 0.104717 0.030189 0.032075
148 0.169811 0.098113 0.030189 0.018868
149 0.213208 0.104717 0.030189 0.032075
150 0.241509 0.107547 0.022642 0.037736
151 0.274528 0.114151 0.039623 0.050943
152 0.312264 0.107547 0.028302 0.037736
153 0.015094 0.177358 0.022642 0.037736
154 0.053774 0.177358 0.020755 0.037736
155 0.080189 0.177358 0.024528 0.037736
156 0.106604 0.177358 0.016981 0.037736
157 0.125472 0.177358 0.016981 0.037736
158 0.164151 0.177358 0.026415 0.037736
159 0.193396 0.177358 0.024528 0.037736
160 0.225472 0.177358 0.009434 0.037736
161 0.241509 0.177358 0.015094 0.037736
162 0.263208 0.177358 0.024528 0.037736
163 0.022642 0.233962 0.015094 0.037736
164 0.065094 0.233962 0.035849 0.037736
165 0.098113 0.233962 0.026415 0.037736
166 0.137736 0.233962 0.026415 0.037736
167 0.177358 0.233962 0.022642 0.037736
168 0.203774 0.233962 0.026415 0.037736
169 0.244340 0.233962 0.024528 0.037736
170 0.282075 0.233962 0.020755 0.037736
171 0.315094 0.233962 0.018868 0.037736
172 0.351887 0.233962 0.024528 0.037736
173 0.031132 0.290566 0.028302 0.037736
174 0.070755 0.290566 0.039623 0.037736
175 0.118868 0.290566 0.026415 0.037736
176 0.147170 0.290566 0.026415 0.037736
177 0.174528 0.290566 0.024528 0.037736
178 0.209434 0.297170 0.011321 0.050943
179 0.241509 0.297170 0.022642 0.050943
180 0.261321 0.297170 0.009434 0.050943
181 0.294340 0.294340 0.030189 0.045283
182 0.329245 0.286792 0.028302 0.030189
183 0.009434 0.352830 0.011321 0.022642
184 0.038679 0.354717 0.020755 0.026415
185 0.063208 0.361321 0.020755 0.039623
186 0.096226 0.354717 0.015094 0.026415
187 0.131132 0.361321 0.020755 0.039623
188 0.153774 0.354717 0.020755 0.026415
189 0.183962 0.361321 0.013208 0.039623
190 0.207547 0.360377 0.022642 0.037736
191 0.244340 0.361321 0.020755 0.039623
192 0.275472 0.360377 0.007547 0.037736
193 0.016981 0.424528 0.007547 0.049057
194 0.045283 0.419811 0.022642 0.039623
195 0.077358 0.419811 0.007547 0.039623
196 0.100943 0.413208 0.032075 0.026415
197 0.140566 0.413208 0.020755 0.026415
198 0.179245 0.413208 0.022642 0.026415
199 0.214151 0.418868 0.020755 0.037736
200 0.252830 0.418868 0.022642 0.037736
201 0.277358 0.413208 0.015094 0.026415
202 0.295283 0.413208 0.016981 0.026415
203 0.023585 0.484906 0.013208 0.033962
204 0.041509 0.481132 0.018868 0.026415
205 0.078302 0.481132 0.020755 0.026415
206 0.106604 0.481132 0.032075 0.026415
207 0.137736 0.481132 0.022642 0.026415
208 0.166038 0.486792 0.022642 0.037736
209 0.188679 0.481132 0.018868 0.026415
210 0.211321 0.494340 0.018868 0.052830
211 0.229245 0.491509 0.005660 0.047170
212 0.245283 0.494340 0.018868 0.052830
213 0.032075 0.567925 0.030189 0.056604
