133 0.017925 0.033019 0.005660 0.028302
134 0.041509 0.038679 0.015094 0.039623
135 0.076415 0.037736 0.024528 0.037736
136 0.110377 0.037736 0.013208 0.037736
137 0.143396 0.037736 0.022642 0.037736
138 0.180189 0.037736 0.020755 0.037736
139 0.206604 0.037736 0.024528 0.037736
140 0.246226 0.037736 0.020755 0.037736
141 0.285849 0.037736 0.024528 0.037736
142 0.315094 0.037736 0.022642 0.037736
143 0.012264 0.096226 0.020755 0.037736
144 0.036792 0.096226 0.024528 0.037736
145 0.065094 0.090566 0.005660 0.026415
146 0.084906 0.095283 0.007547 0.035849
147 0.106604 0.090566 0.028302 0.026415
148 0.148113 0.083019 0.028302 0.011321
149 0.193396 0.088679 0.028302 0.022642
150 0.219811 0.096226 0.020755 0.037736
151 0.266981 0.102830 0.047170 0.050943
152 0.316038 0.096226 0.039623 0.037736
153 0.031132 0.166038 0.032075 0.037736
154 0.065094 0.166038 0.032075 0.037736
155 0.100943 0.166038 0.035849 0.037736
156 0.137736 0.166038 0.030189 0.037736
157 0.171698 0.166038 0.026415 0.037736
158 0.207547 0.166038 0.037736 0.037736
159 0.262264 0.166038 0.037736 0.037736
160 0.292453 0.166038 0.015094 0.037736
161 0.311321 0.166038 0.018868 0.037736
162 0.357547 0.166038 0.039623 0.037736
163 0.018868 0.222642 0.030189 0.037736
164 0.074528 0.222642 0.047170 0.037736
165 0.131132 0.222642 0.039623 0.037736
166 0.183962 0.222642 0.035849 0.037736
167 0.216981 0.222642 0.026415 0.037736
168 0.265094 0.228302 0.035849 0.049057
169 0.314151 0.222642 0.035849 0.037736
170 0.348113 0.222642 0.024528 0.037736
171 0.381132 0.222642 0.030189 0.037736
172 0.421698 0.222642 0.039623 0.037736
173 0.036792 0.289623 0.039623 0.035849
174 0.084906 0.290566 0.052830 0.037736
175 0.134906 0.290566 0.039623 0.037736
176 0.178302 0.290566 0.039623 0.037736
177 0.228302 0.290566 0.030189 0.037736
178 0.262264 0.296226 0.011321 0.049057
179 0.277358 0.291509 0.015094 0.039623
180 0.303774 0.296226 0.011321 0.049057
181 0.322642 0.290566 0.022642 0.037736
182 0.365094 0.279245 0.028302 0.015094
183 0.020755 0.350943 0.007547 0.022642
184 0.037736 0.352830 0.022642 0.026415
185 0.076415 0.359434 0.024528 0.039623
186 0.114151 0.352830 0.020755 0.026415
187 0.138679 0.359434 0.024528 0.039623
188 0.165094 0.352830 0.020755 0.026415
189 0.192453 0.359434 0.022642 0.039623
190 0.229245 0.358491 0.024528 0.037736
191 0.259434 0.359434 0.028302 0.039623
192 0.282075 0.359434 0.013208 0.039623
193 0.022642 0.423585 0.015094 0.050943
194 0.061321 0.417925 0.028302 0.039623
195 0.087736 0.417925 0.013208 0.039623
196 0.118868 0.411321 0.041509 0.026415
197 0.170755 0.411321 0.028302 0.026415
198 0.210377 0.411321 0.024528 0.026415
199 0.250943 0.416981 0.026415 0.037736
200 0.283019 0.416981 0.026415 0.037736
201 0.307547 0.411321 0.018868 0.026415
202 0.341509 0.411321 0.015094 0.026415
203 0.010377 0.484906 0.013208 0.033962
204 0.047170 0.481132 0.026415 0.026415
205 0.078302 0.481132 0.028302 0.026415
206 0.125472 0.481132 0.039623 0.026415
207 0.165094 0.481132 0.028302 0.026415
208 0.210377 0.486792 0.028302 0.037736
209 0.241509 0.481132 0.022642 0.026415
210 0.257547 0.490566 0.005660 0.045283
211 0.263208 0.493396 0.001887 0.050943
212 0.282075 0.492453 0.009434 0.049057
213 0.020755 0.560377 0.030189 0.045283
