133 0.018868 0.033019 0.007547 0.028302
134 0.044340 0.038679 0.032075 0.039623
135 0.088679 0.038679 0.026415 0.039623
136 0.116038 0.038679 0.016981 0.039623
137 0.143396 0.038679 0.026415 0.039623
138 0.173585 0.038679 0.026415 0.039623
139 0.216981 0.038679 0.026415 0.039623
140 0.258491 0.038679 0.026415 0.039623
141 0.300943 0.038679 0.024528 0.039623
142 0.333019 0.038679 0.028302 0.039623
143 0.030189 0.097170 0.026415 0.039623
144 0.061321 0.097170 0.024528 0.039623
145 0.083019 0.091509 0.011321 0.028302
146 0.108491 0.095283 0.013208 0.035849
147 0.147170 0.089623 0.030189 0.024528
148 0.181132 0.085849 0.030189 0.016981
149 0.213208 0.091509 0.030189 0.028302
150 0.251887 0.097170 0.020755 0.039623
151 0.292453 0.102830 0.052830 0.050943
152 0.341509 0.097170 0.037736 0.039623
153 0.021698 0.166981 0.032075 0.039623
154 0.059434 0.166981 0.039623 0.039623
155 0.104717 0.166981 0.039623 0.039623
156 0.144340 0.166981 0.035849 0.039623
157 0.185849 0.166981 0.035849 0.039623
158 0.237736 0.166981 0.041509 0.039623
159 0.283019 0.166981 0.041509 0.039623
160 0.315094 0.166981 0.018868 0.039623
161 0.343396 0.172642 0.026415 0.050943
162 0.391509 0.166981 0.039623 0.039623
163 0.018868 0.236792 0.030189 0.039623
164 0.072642 0.236792 0.050943 0.039623
165 0.121698 0.236792 0.043396 0.039623
166 0.176415 0.236792 0.039623 0.039623
167 0.216038 0.236792 0.032075 0.039623
168 0.268868 0.240566 0.039623 0.047170
169 0.310377 0.236792 0.032075 0.039623
170 0.343396 0.236792 0.030189 0.039623
171 0.381132 0.236792 0.033962 0.039623
172 0.433019 0.236792 0.035849 0.039623
173 0.024528 0.302830 0.037736 0.039623
174 0.083962 0.302830 0.054717 0.039623
175 0.148113 0.302830 0.039623 0.039623
176 0.186792 0.302830 0.033962 0.039623
177 0.237736 0.302830 0.033962 0.039623
178 0.267925 0.308491 0.022642 0.050943
179 0.291509 0.302830 0.013208 0.039623
180 0.326415 0.308491 0.022642 0.050943
181 0.354717 0.305660 0.022642 0.045283
182 0.385849 0.298113 0.028302 0.030189
183 0.007547 0.364151 0.011321 0.022642
184 0.031132 0.366981 0.024528 0.028302
185 0.072642 0.372642 0.032075 0.039623
186 0.107547 0.366981 0.026415 0.028302
187 0.151887 0.372642 0.032075 0.039623
188 0.198113 0.366981 0.026415 0.028302
189 0.226415 0.372642 0.022642 0.039623
190 0.259434 0.372642 0.035849 0.039623
191 0.308491 0.372642 0.028302 0.039623
192 0.346226 0.372642 0.016981 0.039623
193 0.024528 0.436792 0.022642 0.050943
194 0.055660 0.431132 0.032075 0.039623
195 0.085849 0.431132 0.016981 0.039623
196 0.122642 0.425472 0.045283 0.028302
197 0.165094 0.425472 0.028302 0.028302
198 0.210377 0.425472 0.028302 0.028302
199 0.248113 0.431132 0.035849 0.039623
200 0.288679 0.431132 0.033962 0.039623
201 0.321698 0.425472 0.024528 0.028302
202 0.363208 0.425472 0.024528 0.028302
203 0.012264 0.499057 0.013208 0.035849
204 0.046226 0.495283 0.024528 0.028302
205 0.089623 0.495283 0.028302 0.028302
206 0.137736 0.495283 0.041509 0.028302
207 0.191509 0.495283 0.032075 0.028302
208 0.228302 0.500943 0.033962 0.039623
209 0.264151 0.495283 0.026415 0.028302
210 0.300000 0.506604 0.015094 0.050943
211 0.324528 0.506604 0.003774 0.050943
212 0.351887 0.506604 0.016981 0.050943
213 0.032075 0.573585 0.030189 0.045283
