133 0.021698 0.042453 0.009434 0.047170
134 0.053774 0.043396 0.024528 0.049057
135 0.088679 0.038679 0.033962 0.039623
136 0.123585 0.038679 0.024528 0.039623
137 0.165094 0.039623 0.032075 0.041509
138 0.212264 0.038679 0.032075 0.039623
139 0.260377 0.038679 0.033962 0.039623
140 0.306604 0.038679 0.032075 0.039623
141 0.352830 0.038679 0.033962 0.039623
142 0.391509 0.038679 0.032075 0.039623
143 0.032075 0.106604 0.030189 0.039623
144 0.076415 0.106604 0.032075 0.039623
145 0.102830 0.100943 0.009434 0.028302
146 0.129245 0.105660 0.009434 0.037736
147 0.162264 0.100943 0.026415 0.028302
148 0.192453 0.095283 0.026415 0.016981
149 0.220755 0.100943 0.026415 0.028302
150 0.252830 0.106604 0.030189 0.039623
151 0.306604 0.111321 0.047170 0.049057
152 0.363208 0.105660 0.039623 0.037736
153 0.020755 0.173585 0.037736 0.037736
154 0.071698 0.173585 0.037736 0.037736
155 0.125472 0.173585 0.039623 0.037736
156 0.166038 0.173585 0.037736 0.037736
157 0.217925 0.173585 0.035849 0.037736
158 0.271698 0.173585 0.041509 0.037736
159 0.315094 0.173585 0.041509 0.037736
160 0.349057 0.173585 0.018868 0.037736
161 0.377358 0.173585 0.033962 0.037736
162 0.417925 0.173585 0.043396 0.037736
163 0.020755 0.230189 0.033962 0.037736
164 0.066038 0.230189 0.049057 0.037736
165 0.111321 0.230189 0.037736 0.037736
166 0.156604 0.230189 0.041509 0.037736
167 0.212264 0.230189 0.035849 0.037736
168 0.267925 0.235849 0.041509 0.049057
169 0.324528 0.230189 0.041509 0.037736
170 0.367925 0.230189 0.033962 0.037736
171 0.416038 0.230189 0.035849 0.037736
172 0.459434 0.230189 0.039623 0.037736
173 0.021698 0.298113 0.039623 0.037736
174 0.071698 0.298113 0.052830 0.037736
175 0.125472 0.298113 0.043396 0.037736
176 0.168868 0.298113 0.039623 0.037736
177 0.209434 0.298113 0.033962 0.037736
178 0.234906 0.305660 0.013208 0.052830
179 0.258491 0.303774 0.022642 0.049057
180 0.282075 0.305660 0.013208 0.052830
181 0.318868 0.301887 0.026415 0.045283
182 0.359434 0.294340 0.028302 0.030189
183 0.011321 0.367925 0.015094 0.033962
184 0.047170 0.365094 0.030189 0.028302
185 0.083962 0.371698 0.032075 0.041509
186 0.129245 0.365094 0.028302 0.028302
187 0.163208 0.371698 0.032075 0.041509
188 0.197170 0.365094 0.028302 0.028302
189 0.238679 0.371698 0.024528 0.041509
190 0.269811 0.372642 0.030189 0.043396
191 0.316038 0.371698 0.035849 0.041509
192 0.355660 0.370755 0.016981 0.039623
193 0.012264 0.439623 0.020755 0.052830
194 0.044340 0.433962 0.035849 0.041509
195 0.076415 0.433962 0.016981 0.041509
196 0.112264 0.427358 0.050943 0.028302
197 0.170755 0.427358 0.035849 0.028302
198 0.207547 0.427358 0.030189 0.028302
199 0.255660 0.433962 0.032075 0.041509
200 0.302830 0.433962 0.032075 0.041509
201 0.333019 0.427358 0.024528 0.028302
202 0.373585 0.427358 0.026415 0.028302
203 0.015094 0.503774 0.022642 0.037736
204 0.047170 0.499057 0.033962 0.028302
205 0.094340 0.499057 0.033962 0.028302
206 0.147170 0.499057 0.045283 0.028302
207 0.201887 0.499057 0.033962 0.028302
208 0.250943 0.505660 0.033962 0.041509
209 0.295283 0.499057 0.028302 0.028302
210 0.321698 0.511321 0.013208 0.052830
211 0.347170 0.511321 0.007547 0.052830
212 0.373585 0.511321 0.015094 0.052830
213 0.030189 0.584906 0.026415 0.056604
