133 0.008491 0.033019 0.005660 0.028302
134 0.036792 0.043396 0.020755 0.049057
135 0.063208 0.039623 0.028302 0.041509
136 0.101887 0.039623 0.018868 0.041509
137 0.127358 0.039623 0.024528 0.041509
138 0.165094 0.039623 0.024528 0.041509
139 0.207547 0.039623 0.026415 0.041509
140 0.236792 0.039623 0.024528 0.041509
141 0.265094 0.039623 0.024528 0.041509
142 0.304717 0.039623 0.024528 0.041509
143 0.027358 0.107547 0.024528 0.041509
144 0.068868 0.108491 0.024528 0.043396
145 0.098113 0.100943 0.003774 0.028302
146 0.116981 0.102830 0.003774 0.032075
147 0.148113 0.100943 0.032075 0.028302
148 0.197170 0.093396 0.032075 0.013208
149 0.242453 0.100943 0.032075 0.028302
150 0.284906 0.107547 0.022642 0.041509
151 0.323585 0.110377 0.047170 0.047170
152 0.383962 0.107547 0.039623 0.041509
153 0.033962 0.173585 0.033962 0.041509
154 0.070755 0.173585 0.032075 0.041509
155 0.120755 0.173585 0.037736 0.041509
156 0.160377 0.173585 0.033962 0.041509
157 0.210377 0.173585 0.032075 0.041509
158 0.248113 0.173585 0.035849 0.041509
159 0.301887 0.173585 0.037736 0.041509
160 0.344340 0.173585 0.013208 0.041509
161 0.363208 0.173585 0.020755 0.041509
162 0.409434 0.173585 0.037736 0.041509
163 0.021698 0.233962 0.032075 0.041509
164 0.066981 0.233962 0.047170 0.041509
165 0.112264 0.233962 0.039623 0.041509
166 0.162264 0.233962 0.033962 0.041509
167 0.210377 0.233962 0.032075 0.041509
168 0.257547 0.236792 0.035849 0.047170
169 0.308491 0.233962 0.035849 0.041509
170 0.345283 0.233962 0.030189 0.041509
171 0.383019 0.233962 0.037736 0.041509
172 0.425472 0.233962 0.039623 0.041509
173 0.022642 0.300000 0.037736 0.041509
174 0.080189 0.300000 0.050943 0.041509
175 0.140566 0.300000 0.035849 0.041509
176 0.182075 0.300000 0.035849 0.041509
177 0.228302 0.300000 0.030189 0.041509
178 0.252830 0.303774 0.011321 0.049057
179 0.282075 0.303774 0.020755 0.049057
180 0.300000 0.303774 0.011321 0.049057
181 0.333019 0.292453 0.020755 0.026415
182 0.361321 0.286792 0.028302 0.015094
183 0.019811 0.364151 0.005660 0.033962
184 0.039623 0.360377 0.022642 0.026415
185 0.078302 0.367925 0.024528 0.041509
186 0.115094 0.360377 0.022642 0.026415
187 0.145283 0.367925 0.026415 0.041509
188 0.172642 0.360377 0.024528 0.026415
189 0.195283 0.367925 0.016981 0.041509
190 0.222642 0.364151 0.026415 0.033962
191 0.253774 0.367925 0.028302 0.041509
192 0.274528 0.367925 0.009434 0.041509
193 0.023585 0.432075 0.013208 0.049057
194 0.046226 0.428302 0.028302 0.041509
195 0.078302 0.428302 0.009434 0.041509
196 0.107547 0.420755 0.045283 0.026415
197 0.161321 0.420755 0.028302 0.026415
198 0.202830 0.420755 0.024528 0.026415
199 0.230189 0.424528 0.026415 0.033962
200 0.258491 0.424528 0.026415 0.033962
201 0.299057 0.421698 0.020755 0.028302
202 0.334906 0.420755 0.020755 0.026415
203 0.022642 0.493396 0.015094 0.035849
204 0.047170 0.488679 0.026415 0.026415
205 0.080189 0.488679 0.028302 0.026415
206 0.132075 0.488679 0.041509 0.026415
207 0.173585 0.488679 0.030189 0.026415
208 0.208491 0.492453 0.028302 0.033962
209 0.250000 0.488679 0.020755 0.026415
210 0.273585 0.499057 0.015094 0.047170
211 0.285849 0.500000 0.001887 0.049057
212 0.307547 0.499057 0.015094 0.047170
213 0.017925 0.566038 0.032075 0.045283
