33 0.015094 0.034906 0.026415 0.032075
34 0.042453 0.034906 0.024528 0.032075
35 0.071698 0.040566 0.026415 0.043396
36 0.114151 0.034906 0.024528 0.032075
37 0.145283 0.040566 0.030189 0.043396
38 0.177358 0.034906 0.022642 0.032075
39 0.217925 0.035849 0.028302 0.033962
40 0.263208 0.034906 0.035849 0.032075
41 0.312264 0.035849 0.028302 0.033962
42 0.347170 0.034906 0.030189 0.032075
43 0.019811 0.102830 0.035849 0.043396
44 0.056604 0.097170 0.026415 0.032075
45 0.100000 0.098113 0.026415 0.033962
46 0.127358 0.097170 0.024528 0.032075
47 0.163208 0.095283 0.020755 0.028302
48 0.200000 0.102830 0.026415 0.043396
49 0.239623 0.097170 0.022642 0.032075
50 0.289623 0.105660 0.050943 0.049057
51 0.341509 0.103774 0.026415 0.045283
52 0.384906 0.104717 0.026415 0.047170
53 0.016981 0.172642 0.026415 0.047170
54 0.049057 0.172642 0.026415 0.047170
55 0.081132 0.170755 0.026415 0.043396
56 0.124528 0.170755 0.026415 0.043396
57 0.152830 0.168868 0.026415 0.039623
58 0.178302 0.165094 0.013208 0.032075
59 0.213208 0.165094 0.026415 0.032075
60 0.253774 0.175472 0.024528 0.052830
61 0.291509 0.175472 0.024528 0.052830
62 0.333019 0.175472 0.024528 0.052830
63 0.013208 0.242453 0.022642 0.043396
64 0.051887 0.242453 0.024528 0.043396
65 0.090566 0.246226 0.026415 0.050943
66 0.118868 0.245283 0.026415 0.049057
67 0.149057 0.244340 0.026415 0.047170
68 0.177358 0.243396 0.026415 0.045283
69 0.209434 0.244340 0.026415 0.047170
70 0.249057 0.245283 0.026415 0.049057
71 0.290566 0.244340 0.026415 0.047170
72 0.320755 0.244340 0.026415 0.047170
73 0.020755 0.306604 0.030189 0.032075
74 0.054717 0.302830 0.026415 0.024528
75 0.085849 0.302830 0.028302 0.024528
76 0.121698 0.306604 0.032075 0.032075
77 0.166038 0.302830 0.030189 0.024528
78 0.200000 0.306604 0.030189 0.032075
79 0.232075 0.306604 0.030189 0.032075
80 0.274528 0.306604 0.028302 0.032075
81 0.320755 0.306604 0.037736 0.032075
82 0.356604 0.306604 0.030189 0.032075
83 0.017925 0.357547 0.032075 0.032075
84 0.051887 0.357547 0.032075 0.032075
85 0.099057 0.355660 0.058491 0.028302
86 0.147170 0.370755 0.026415 0.058491
87 0.175472 0.341509 0.000000 0.000000
88 0.179245 0.341509 0.000000 0.000000
89 0.181132 0.341509 0.000000 0.000000
90 0.183019 0.341509 0.000000 0.000000
91 0.188679 0.341509 0.000000 0.000000
92 0.194340 0.341509 0.000000 0.000000
93 0.016981 0.418868 0.000000 0.000000
94 0.030189 0.418868 0.000000 0.000000
95 0.045283 0.418868 0.000000 0.000000
96 0.049057 0.418868 0.000000 0.000000
97 0.050943 0.418868 0.000000 0.000000
98 0.067925 0.418868 0.000000 0.000000
99 0.069811 0.418868 0.000000 0.000000
100 0.075472 0.418868 0.000000 0.000000
101 0.088679 0.418868 0.000000 0.000000
102 0.105660 0.418868 0.000000 0.000000
103 0.015094 0.437736 0.000000 0.000000
104 0.032075 0.437736 0.000000 0.000000
105 0.035849 0.437736 0.000000 0.000000
106 0.049057 0.437736 0.000000 0.000000
107 0.052830 0.437736 0.000000 0.000000
108 0.054717 0.437736 0.000000 0.000000
109 0.071698 0.437736 0.000000 0.000000
110 0.077358 0.437736 0.000000 0.000000
111 0.094340 0.437736 0.000000 0.000000
112 0.107547 0.437736 0.000000 0.000000
113 0.016981 0.456604 0.000000 0.000000
114 0.033962 0.456604 0.000000 0.000000
115 0.035849 0.456604 0.000000 0.000000
116 0.052830 0.456604 0.000000 0.000000
117 0.067925 0.456604 0.000000 0.000000
118 0.084906 0.456604 0.000000 0.000000
119 0.100000 0.456604 0.000000 0.000000
120 0.119811 0.478302 0.005660 0.043396
121 0.144340 0.482075 0.016981 0.050943
122 0.184906 0.478302 0.033962 0.043396
123 0.031132 0.551887 0.028302 0.050943
124 0.083962 0.548113 0.047170 0.043396
125 0.138679 0.549057 0.035849 0.045283
126 0.174528 0.551887 0.005660 0.050943
127 0.188679 0.553774 0.015094 0.054717
128 0.205660 0.553774 0.015094 0.054717
129 0.231132 0.537736 0.024528 0.022642
130 0.275472 0.541509 0.030189 0.030189
131 0.297170 0.551887 0.005660 0.050943
132 0.312264 0.537736 0.016981 0.022642
