133 0.018868 0.028302 0.003774 0.018868
134 0.036792 0.041509 0.020755 0.045283
135 0.061321 0.032075 0.024528 0.026415
136 0.100000 0.032075 0.018868 0.026415
137 0.132075 0.032075 0.018868 0.026415
138 0.158491 0.037736 0.022642 0.037736
139 0.186792 0.036792 0.022642 0.035849
140 0.214151 0.037736 0.024528 0.037736
141 0.253774 0.037736 0.020755 0.037736
142 0.276415 0.037736 0.020755 0.037736
143 0.029245 0.101887 0.024528 0.037736
144 0.067925 0.101887 0.022642 0.037736
145 0.086792 0.093396 0.007547 0.020755
146 0.099057 0.098113 0.009434 0.030189
147 0.131132 0.094340 0.020755 0.022642
148 0.166981 0.087736 0.020755 0.009434
149 0.189623 0.094340 0.020755 0.022642
150 0.223585 0.101887 0.016981 0.037736
151 0.269811 0.107547 0.045283 0.049057
152 0.323585 0.101887 0.028302 0.037736
153 0.016981 0.169811 0.026415 0.037736
154 0.060377 0.169811 0.026415 0.037736
155 0.101887 0.169811 0.030189 0.037736
156 0.131132 0.169811 0.024528 0.037736
157 0.161321 0.169811 0.024528 0.037736
158 0.205660 0.169811 0.030189 0.037736
159 0.250943 0.169811 0.033962 0.037736
160 0.288679 0.169811 0.007547 0.037736
161 0.316981 0.169811 0.018868 0.037736
162 0.346226 0.169811 0.028302 0.037736
163 0.024528 0.226415 0.018868 0.037736
164 0.069811 0.226415 0.041509 0.037736
165 0.108491 0.226415 0.032075 0.037736
166 0.155660 0.226415 0.032075 0.037736
167 0.198113 0.226415 0.026415 0.037736
168 0.242453 0.226415 0.032075 0.037736
169 0.284906 0.226415 0.026415 0.037736
170 0.324528 0.226415 0.026415 0.037736
171 0.355660 0.226415 0.024528 0.037736
172 0.389623 0.226415 0.032075 0.037736
173 0.029245 0.283019 0.028302 0.037736
174 0.083019 0.283019 0.045283 0.037736
175 0.137736 0.283019 0.033962 0.037736
176 0.172642 0.283019 0.024528 0.037736
177 0.216038 0.283019 0.028302 0.037736
178 0.241509 0.286792 0.018868 0.045283
179 0.268868 0.286792 0.009434 0.045283
180 0.300000 0.286792 0.018868 0.045283
181 0.334906 0.286792 0.024528 0.045283
182 0.378302 0.271698 0.028302 0.015094
183 0.007547 0.342453 0.003774 0.028302
184 0.024528 0.341509 0.022642 0.026415
185 0.062264 0.348113 0.018868 0.039623
186 0.094340 0.341509 0.018868 0.026415
187 0.130189 0.348113 0.026415 0.039623
188 0.166981 0.341509 0.020755 0.026415
189 0.207547 0.354717 0.030189 0.052830
190 0.238679 0.348113 0.024528 0.039623
191 0.267925 0.348113 0.022642 0.039623
192 0.297170 0.345283 0.009434 0.033962
193 0.026415 0.423585 0.018868 0.047170
194 0.048113 0.419811 0.020755 0.039623
195 0.076415 0.419811 0.009434 0.039623
196 0.105660 0.413208 0.037736 0.026415
197 0.139623 0.413208 0.022642 0.026415
198 0.167925 0.413208 0.022642 0.026415
199 0.195283 0.419811 0.024528 0.039623
200 0.232075 0.419811 0.022642 0.039623
201 0.255660 0.413208 0.016981 0.026415
202 0.289623 0.413208 0.016981 0.026415
203 0.023585 0.483019 0.013208 0.033962
204 0.053774 0.479245 0.020755 0.026415
205 0.088679 0.479245 0.022642 0.026415
206 0.134906 0.479245 0.035849 0.026415
207 0.170755 0.479245 0.024528 0.026415
208 0.212264 0.485849 0.028302 0.039623
209 0.240566 0.479245 0.020755 0.026415
210 0.276415 0.487736 0.016981 0.043396
211 0.300943 0.492453 0.001887 0.052830
212 0.316038 0.487736 0.016981 0.043396
213 0.012264 0.554717 0.020755 0.033962
