133 0.020755 0.047170 0.007547 0.056604
134 0.054717 0.038679 0.026415 0.039623
135 0.091509 0.038679 0.035849 0.039623
136 0.123585 0.038679 0.020755 0.039623
137 0.157547 0.038679 0.035849 0.039623
138 0.198113 0.038679 0.033962 0.039623
139 0.237736 0.038679 0.037736 0.039623
140 0.289623 0.039623 0.035849 0.041509
141 0.326415 0.038679 0.033962 0.039623
142 0.372642 0.038679 0.032075 0.039623
143 0.034906 0.114151 0.035849 0.039623
144 0.081132 0.114151 0.030189 0.039623
145 0.115094 0.104717 0.011321 0.020755
146 0.132075 0.106604 0.011321 0.024528
147 0.156604 0.108491 0.030189 0.028302
148 0.200000 0.101887 0.026415 0.015094
149 0.229245 0.108491 0.028302 0.028302
150 0.276415 0.114151 0.032075 0.039623
151 0.318868 0.114151 0.045283 0.039623
152 0.382075 0.115094 0.077358 0.041509
153 0.026415 0.174528 0.049057 0.039623
154 0.084906 0.174528 0.041509 0.039623
155 0.130189 0.174528 0.045283 0.039623
156 0.189623 0.174528 0.043396 0.039623
157 0.250943 0.174528 0.052830 0.039623
158 0.316038 0.178302 0.043396 0.047170
159 0.391509 0.178302 0.077358 0.047170
160 0.452830 0.174528 0.041509 0.039623
161 0.496226 0.179245 0.041509 0.049057
162 0.547170 0.174528 0.052830 0.039623
163 0.032075 0.242453 0.060377 0.039623
164 0.107547 0.242453 0.064151 0.039623
165 0.173585 0.242453 0.064151 0.039623
166 0.244340 0.242453 0.047170 0.039623
167 0.292453 0.242453 0.045283 0.039623
168 0.350943 0.242453 0.045283 0.039623
169 0.412264 0.242453 0.047170 0.039623
170 0.483019 0.243396 0.060377 0.041509
171 0.556604 0.242453 0.052830 0.039623
172 0.620755 0.242453 0.045283 0.039623
173 0.039623 0.302830 0.045283 0.039623
174 0.097170 0.302830 0.062264 0.039623
175 0.159434 0.302830 0.054717 0.039623
176 0.216038 0.302830 0.050943 0.039623
177 0.284906 0.306604 0.052830 0.047170
178 0.337736 0.307547 0.026415 0.049057
179 0.366038 0.304717 0.022642 0.043396
180 0.405660 0.307547 0.026415 0.049057
181 0.435849 0.298113 0.022642 0.030189
182 0.483019 0.313208 0.064151 0.060377
183 0.021698 0.376415 0.009434 0.028302
184 0.050000 0.371698 0.035849 0.018868
185 0.098113 0.379245 0.049057 0.033962
186 0.156604 0.371698 0.033962 0.018868
187 0.208491 0.379245 0.035849 0.033962
188 0.260377 0.371698 0.033962 0.018868
189 0.303774 0.384906 0.045283 0.045283
190 0.357547 0.378302 0.035849 0.032075
191 0.400943 0.379245 0.039623 0.033962
192 0.434906 0.380189 0.020755 0.035849
193 0.032075 0.450000 0.030189 0.047170
194 0.082075 0.443396 0.039623 0.033962
195 0.114151 0.443396 0.020755 0.033962
196 0.153774 0.435849 0.054717 0.018868
197 0.202830 0.435849 0.039623 0.018868
198 0.249057 0.435849 0.049057 0.018868
199 0.310377 0.445283 0.039623 0.037736
200 0.352830 0.441509 0.033962 0.030189
201 0.387736 0.439623 0.032075 0.026415
202 0.436792 0.440566 0.032075 0.028302
203 0.016038 0.507547 0.024528 0.030189
204 0.051887 0.501887 0.035849 0.018868
205 0.107547 0.501887 0.041509 0.018868
206 0.163208 0.501887 0.043396 0.018868
207 0.201887 0.501887 0.030189 0.018868
208 0.251887 0.508491 0.035849 0.032075
209 0.297170 0.501887 0.028302 0.018868
210 0.326415 0.516981 0.026415 0.049057
211 0.358491 0.516981 0.003774 0.049057
212 0.377358 0.516981 0.026415 0.049057
213 0.028302 0.588679 0.026415 0.056604
