33 0.017925 0.038679 0.028302 0.039623
34 0.048113 0.038679 0.028302 0.039623
35 0.089623 0.038679 0.028302 0.039623
36 0.131132 0.038679 0.028302 0.039623
37 0.163208 0.038679 0.028302 0.039623
38 0.204717 0.038679 0.028302 0.039623
39 0.234906 0.038679 0.028302 0.039623
40 0.268868 0.038679 0.028302 0.039623
41 0.312264 0.038679 0.028302 0.039623
42 0.344340 0.038679 0.028302 0.039623
43 0.016038 0.097170 0.028302 0.039623
44 0.048113 0.097170 0.028302 0.039623
45 0.089623 0.097170 0.028302 0.039623
46 0.134906 0.097170 0.028302 0.039623
47 0.178302 0.097170 0.028302 0.039623
48 0.208491 0.097170 0.028302 0.039623
49 0.253774 0.097170 0.028302 0.039623
50 0.297170 0.097170 0.028302 0.039623
51 0.338679 0.097170 0.028302 0.039623
52 0.372642 0.097170 0.028302 0.039623
53 0.016038 0.155660 0.028302 0.039623
54 0.048113 0.155660 0.028302 0.039623
55 0.089623 0.155660 0.028302 0.039623
56 0.123585 0.155660 0.028302 0.039623
57 0.166981 0.155660 0.028302 0.039623
58 0.200943 0.155660 0.028302 0.039623
59 0.242453 0.155660 0.028302 0.039623
60 0.283962 0.155660 0.028302 0.039623
61 0.317925 0.155660 0.028302 0.039623
62 0.359434 0.155660 0.028302 0.039623
63 0.019811 0.214151 0.028302 0.039623
64 0.053774 0.214151 0.028302 0.039623
65 0.087736 0.214151 0.028302 0.039623
66 0.119811 0.214151 0.028302 0.039623
67 0.150000 0.214151 0.028302 0.039623
68 0.180189 0.214151 0.028302 0.039623
69 0.223585 0.214151 0.028302 0.039623
70 0.255660 0.214151 0.028302 0.039623
71 0.285849 0.214151 0.028302 0.039623
72 0.327358 0.214151 0.028302 0.039623
73 0.016038 0.272642 0.028302 0.039623
74 0.057547 0.272642 0.028302 0.039623
75 0.087736 0.272642 0.028302 0.039623
76 0.131132 0.272642 0.028302 0.039623
77 0.172642 0.272642 0.028302 0.039623
78 0.202830 0.272642 0.028302 0.039623
79 0.248113 0.272642 0.028302 0.039623
80 0.289623 0.272642 0.028302 0.039623
81 0.319811 0.272642 0.028302 0.039623
82 0.350000 0.272642 0.028302 0.039623
83 0.016038 0.331132 0.028302 0.039623
84 0.061321 0.331132 0.028302 0.039623
85 0.091509 0.331132 0.028302 0.039623
86 0.121698 0.331132 0.028302 0.039623
87 0.141509 0.311321 0.000000 0.000000
88 0.158491 0.311321 0.000000 0.000000
89 0.171698 0.311321 0.000000 0.000000
90 0.177358 0.311321 0.000000 0.000000
91 0.190566 0.311321 0.000000 0.000000
92 0.203774 0.311321 0.000000 0.000000
93 0.005660 0.369811 0.000000 0.000000
94 0.009434 0.369811 0.000000 0.000000
95 0.015094 0.369811 0.000000 0.000000
96 0.028302 0.369811 0.000000 0.000000
97 0.033962 0.369811 0.000000 0.000000
98 0.047170 0.369811 0.000000 0.000000
99 0.062264 0.369811 0.000000 0.000000
100 0.077358 0.369811 0.000000 0.000000
101 0.081132 0.369811 0.000000 0.000000
102 0.094340 0.369811 0.000000 0.000000
103 0.001887 0.388679 0.000000 0.000000
104 0.007547 0.388679 0.000000 0.000000
105 0.022642 0.388679 0.000000 0.000000
106 0.024528 0.388679 0.000000 0.000000
107 0.026415 0.388679 0.000000 0.000000
108 0.043396 0.388679 0.000000 0.000000
109 0.056604 0.388679 0.000000 0.000000
110 0.069811 0.388679 0.000000 0.000000
111 0.083019 0.388679 0.000000 0.000000
112 0.088679 0.388679 0.000000 0.000000
113 0.005660 0.407547 0.000000 0.000000
114 0.022642 0.407547 0.000000 0.000000
115 0.035849 0.407547 0.000000 0.000000
116 0.041509 0.407547 0.000000 0.000000
117 0.056604 0.407547 0.000000 0.000000
118 0.058491 0.407547 0.000000 0.000000
119 0.071698 0.407547 0.000000 0.000000
120 0.091509 0.426415 0.005660 0.037736
121 0.114151 0.430189 0.013208 0.045283
122 0.138679 0.425472 0.032075 0.035849
123 0.015094 0.494340 0.018868 0.045283
124 0.042453 0.489623 0.024528 0.035849
125 0.071698 0.489623 0.026415 0.035849
126 0.093396 0.494340 0.005660 0.045283
127 0.114151 0.497170 0.009434 0.050943
128 0.125472 0.497170 0.009434 0.050943
129 0.151887 0.479245 0.016981 0.015094
130 0.176415 0.483962 0.024528 0.024528
131 0.206604 0.488679 0.005660 0.033962
132 0.216981 0.494340 0.011321 0.045283
