133 0.006604 0.033019 0.005660 0.028302
134 0.037736 0.038679 0.022642 0.039623
135 0.076415 0.038679 0.024528 0.039623
136 0.100000 0.038679 0.015094 0.039623
137 0.121698 0.038679 0.024528 0.039623
138 0.159434 0.038679 0.020755 0.039623
139 0.196226 0.038679 0.026415 0.039623
140 0.236792 0.038679 0.020755 0.039623
141 0.263208 0.038679 0.024528 0.039623
142 0.288679 0.038679 0.022642 0.039623
143 0.028302 0.097170 0.022642 0.039623
144 0.053774 0.097170 0.024528 0.039623
145 0.083962 0.091509 0.005660 0.028302
146 0.094340 0.095283 0.007547 0.035849
147 0.128302 0.091509 0.030189 0.028302
148 0.160377 0.085849 0.030189 0.016981
149 0.205660 0.091509 0.030189 0.028302
150 0.244340 0.097170 0.016981 0.039623
151 0.280189 0.102830 0.047170 0.050943
152 0.327358 0.097170 0.043396 0.039623
153 0.031132 0.166981 0.032075 0.039623
154 0.069811 0.166981 0.033962 0.039623
155 0.124528 0.166981 0.041509 0.039623
156 0.179245 0.166981 0.033962 0.039623
157 0.216038 0.166981 0.032075 0.039623
158 0.268868 0.166981 0.043396 0.039623
159 0.324528 0.166981 0.041509 0.039623
160 0.366981 0.166981 0.016981 0.039623
161 0.390566 0.166981 0.022642 0.039623
162 0.435849 0.166981 0.041509 0.039623
163 0.030189 0.225472 0.033962 0.039623
164 0.088679 0.225472 0.052830 0.039623
165 0.143396 0.225472 0.045283 0.039623
166 0.190566 0.225472 0.037736 0.039623
167 0.241509 0.225472 0.030189 0.039623
168 0.281132 0.230189 0.041509 0.049057
169 0.338679 0.225472 0.039623 0.039623
170 0.374528 0.225472 0.024528 0.039623
171 0.405660 0.225472 0.033962 0.039623
172 0.448113 0.225472 0.043396 0.039623
173 0.021698 0.293396 0.039623 0.039623
174 0.072642 0.293396 0.058491 0.039623
175 0.138679 0.293396 0.039623 0.039623
176 0.192453 0.293396 0.041509 0.039623
177 0.245283 0.293396 0.033962 0.039623
178 0.273585 0.300000 0.011321 0.052830
179 0.305660 0.293396 0.022642 0.039623
180 0.326415 0.300000 0.011321 0.052830
181 0.358491 0.292453 0.022642 0.037736
182 0.400943 0.281132 0.028302 0.015094
183 0.018868 0.356604 0.007547 0.022642
184 0.050000 0.359434 0.024528 0.028302
185 0.090566 0.366038 0.026415 0.041509
186 0.120755 0.359434 0.022642 0.028302
187 0.150000 0.366038 0.028302 0.041509
188 0.179245 0.359434 0.022642 0.028302
189 0.202830 0.366038 0.020755 0.041509
190 0.231132 0.365094 0.024528 0.039623
191 0.264151 0.366038 0.030189 0.041509
192 0.289623 0.366038 0.013208 0.041509
193 0.011321 0.432075 0.015094 0.052830
194 0.046226 0.426415 0.028302 0.041509
195 0.083962 0.426415 0.013208 0.041509
196 0.115094 0.419811 0.045283 0.028302
197 0.168868 0.419811 0.028302 0.028302
198 0.198113 0.419811 0.026415 0.028302
199 0.242453 0.425472 0.028302 0.039623
200 0.276415 0.425472 0.028302 0.039623
201 0.303774 0.419811 0.018868 0.028302
202 0.334906 0.419811 0.016981 0.028302
203 0.012264 0.495283 0.016981 0.035849
204 0.041509 0.491509 0.030189 0.028302
205 0.083962 0.491509 0.028302 0.028302
206 0.133019 0.491509 0.043396 0.028302
207 0.182075 0.491509 0.028302 0.028302
208 0.212264 0.497170 0.028302 0.039623
209 0.252830 0.491509 0.022642 0.028302
210 0.275472 0.503774 0.015094 0.052830
211 0.290566 0.500943 0.003774 0.047170
212 0.315094 0.503774 0.015094 0.052830
213 0.028302 0.577358 0.030189 0.056604
