33 0.003774 0.018868 0.000000 0.000000
34 0.016981 0.018868 0.000000 0.000000
35 0.018868 0.018868 0.000000 0.000000
36 0.035849 0.018868 0.000000 0.000000
37 0.039623 0.018868 0.000000 0.000000
38 0.045283 0.018868 0.000000 0.000000
39 0.058491 0.018868 0.000000 0.000000
40 0.060377 0.018868 0.000000 0.000000
41 0.073585 0.018868 0.000000 0.000000
42 0.090566 0.018868 0.000000 0.000000
43 0.005660 0.037736 0.000000 0.000000
44 0.009434 0.037736 0.000000 0.000000
45 0.015094 0.037736 0.000000 0.000000
46 0.030189 0.037736 0.000000 0.000000
47 0.047170 0.037736 0.000000 0.000000
48 0.050943 0.037736 0.000000 0.000000
49 0.066038 0.037736 0.000000 0.000000
50 0.067925 0.037736 0.000000 0.000000
51 0.069811 0.037736 0.000000 0.000000
52 0.084906 0.037736 0.000000 0.000000
53 0.016981 0.056604 0.000000 0.000000
54 0.022642 0.056604 0.000000 0.000000
55 0.039623 0.056604 0.000000 0.000000
56 0.054717 0.056604 0.000000 0.000000
57 0.071698 0.056604 0.000000 0.000000
58 0.075472 0.056604 0.000000 0.000000
59 0.081132 0.056604 0.000000 0.000000
60 0.098113 0.056604 0.000000 0.000000
61 0.103774 0.056604 0.000000 0.000000
62 0.107547 0.056604 0.000000 0.000000
63 0.016981 0.075472 0.000000 0.000000
64 0.020755 0.075472 0.000000 0.000000
65 0.035849 0.075472 0.000000 0.000000
66 0.039623 0.075472 0.000000 0.000000
67 0.043396 0.075472 0.000000 0.000000
68 0.056604 0.075472 0.000000 0.000000
69 0.073585 0.075472 0.000000 0.000000
70 0.088679 0.075472 0.000000 0.000000
71 0.090566 0.075472 0.000000 0.000000
72 0.105660 0.075472 0.000000 0.000000
73 0.005660 0.094340 0.000000 0.000000
74 0.011321 0.094340 0.000000 0.000000
75 0.015094 0.094340 0.000000 0.000000
76 0.016981 0.094340 0.000000 0.000000
77 0.022642 0.094340 0.000000 0.000000
78 0.026415 0.094340 0.000000 0.000000
79 0.039623 0.094340 0.000000 0.000000
80 0.045283 0.094340 0.000000 0.000000
81 0.060377 0.094340 0.000000 0.000000
82 0.062264 0.094340 0.000000 0.000000
83 0.005660 0.113208 0.000000 0.000000
84 0.009434 0.113208 0.000000 0.000000
85 0.024528 0.113208 0.000000 0.000000
86 0.028302 0.113208 0.000000 0.000000
87 0.041509 0.113208 0.000000 0.000000
88 0.043396 0.113208 0.000000 0.000000
89 0.047170 0.113208 0.000000 0.000000
90 0.049057 0.113208 0.000000 0.000000
91 0.062264 0.113208 0.000000 0.000000
92 0.066038 0.113208 0.000000 0.000000
93 0.013208 0.132075 0.000000 0.000000
94 0.030189 0.132075 0.000000 0.000000
95 0.047170 0.132075 0.000000 0.000000
96 0.050943 0.132075 0.000000 0.000000
97 0.064151 0.132075 0.000000 0.000000
98 0.066038 0.132075 0.000000 0.000000
99 0.067925 0.132075 0.000000 0.000000
100 0.073585 0.132075 0.000000 0.000000
101 0.077358 0.132075 0.000000 0.000000
102 0.094340 0.132075 0.000000 0.000000
103 0.005660 0.150943 0.000000 0.000000
104 0.011321 0.150943 0.000000 0.000000
105 0.015094 0.150943 0.000000 0.000000
106 0.018868 0.150943 0.000000 0.000000
107 0.020755 0.150943 0.000000 0.000000
108 0.033962 0.150943 0.000000 0.000000
109 0.037736 0.150943 0.000000 0.000000
110 0.041509 0.150943 0.000000 0.000000
111 0.045283 0.150943 0.000000 0.000000
112 0.062264 0.150943 0.000000 0.000000
113 0.016981 0.169811 0.000000 0.000000
114 0.032075 0.169811 0.000000 0.000000
115 0.045283 0.169811 0.000000 0.000000
116 0.062264 0.169811 0.000000 0.000000
117 0.066038 0.169811 0.000000 0.000000
118 0.069811 0.169811 0.000000 0.000000
119 0.086792 0.169811 0.000000 0.000000
120 0.092453 0.191509 0.007547 0.043396
121 0.107547 0.195283 0.015094 0.050943
122 0.141509 0.190566 0.022642 0.041509
123 0.011321 0.265094 0.018868 0.050943
124 0.049057 0.261321 0.030189 0.043396
125 0.078302 0.261321 0.024528 0.043396
126 0.099057 0.265094 0.005660 0.050943
127 0.112264 0.266038 0.013208 0.052830
128 0.130189 0.264151 0.011321 0.049057
129 0.147170 0.250000 0.018868 0.020755
130 0.182075 0.250943 0.020755 0.022642
131 0.210377 0.259434 0.005660 0.039623
132 0.234906 0.256604 0.009434 0.033962
