133 0.015094 0.033019 0.003774 0.028302
134 0.035849 0.042453 0.011321 0.047170
135 0.066981 0.033962 0.024528 0.030189
136 0.085849 0.033962 0.009434 0.030189
137 0.116981 0.033962 0.018868 0.030189
138 0.150943 0.039623 0.022642 0.041509
139 0.179245 0.038679 0.022642 0.039623
140 0.206604 0.038679 0.020755 0.039623
141 0.242453 0.036792 0.024528 0.035849
142 0.271698 0.038679 0.022642 0.039623
143 0.027358 0.102830 0.024528 0.035849
144 0.053774 0.105660 0.024528 0.041509
145 0.071698 0.098113 0.003774 0.026415
146 0.078302 0.100000 0.005660 0.030189
147 0.106604 0.098113 0.020755 0.026415
148 0.144340 0.091509 0.020755 0.013208
149 0.170755 0.097170 0.020755 0.024528
150 0.192453 0.102830 0.015094 0.035849
151 0.226415 0.111321 0.049057 0.052830
152 0.281132 0.102830 0.033962 0.035849
153 0.028302 0.174528 0.022642 0.035849
154 0.068868 0.174528 0.024528 0.035849
155 0.100000 0.174528 0.026415 0.035849
156 0.125472 0.174528 0.020755 0.035849
157 0.161321 0.174528 0.020755 0.035849
158 0.186792 0.174528 0.026415 0.035849
159 0.214151 0.174528 0.024528 0.035849
160 0.245283 0.174528 0.003774 0.035849
161 0.257547 0.174528 0.016981 0.035849
162 0.284906 0.174528 0.026415 0.035849
163 0.014151 0.229245 0.020755 0.035849
164 0.044340 0.229245 0.035849 0.035849
165 0.092453 0.229245 0.026415 0.035849
166 0.125472 0.229245 0.032075 0.035849
167 0.167925 0.229245 0.022642 0.035849
168 0.208491 0.234906 0.032075 0.047170
169 0.239623 0.229245 0.026415 0.035849
170 0.276415 0.229245 0.020755 0.035849
171 0.305660 0.229245 0.026415 0.035849
172 0.334906 0.229245 0.028302 0.035849
173 0.032075 0.295283 0.030189 0.035849
174 0.074528 0.295283 0.047170 0.035849
175 0.127358 0.295283 0.028302 0.035849
176 0.157547 0.295283 0.028302 0.035849
177 0.186792 0.295283 0.022642 0.035849
178 0.217925 0.304717 0.013208 0.054717
179 0.235849 0.300943 0.011321 0.047170
180 0.264151 0.304717 0.011321 0.054717
181 0.287736 0.298113 0.024528 0.041509
182 0.329245 0.284906 0.028302 0.015094
183 0.018868 0.362264 0.007547 0.022642
184 0.035849 0.364151 0.018868 0.026415
185 0.060377 0.370755 0.022642 0.039623
186 0.084906 0.364151 0.018868 0.026415
187 0.107547 0.370755 0.022642 0.039623
188 0.134906 0.364151 0.020755 0.026415
189 0.170755 0.370755 0.016981 0.039623
190 0.208491 0.371698 0.024528 0.041509
191 0.233962 0.370755 0.022642 0.039623
192 0.252830 0.368868 0.003774 0.035849
193 0.016981 0.435849 0.007547 0.049057
194 0.036792 0.431132 0.020755 0.039623
195 0.064151 0.431132 0.003774 0.039623
196 0.100000 0.424528 0.037736 0.026415
197 0.135849 0.424528 0.022642 0.026415
198 0.165094 0.424528 0.024528 0.026415
199 0.191509 0.431132 0.024528 0.039623
200 0.232075 0.431132 0.022642 0.039623
201 0.256604 0.424528 0.015094 0.026415
202 0.289623 0.424528 0.016981 0.026415
203 0.022642 0.496226 0.015094 0.033962
204 0.053774 0.492453 0.020755 0.026415
205 0.092453 0.491509 0.022642 0.024528
206 0.137736 0.491509 0.037736 0.024528
207 0.181132 0.492453 0.022642 0.026415
208 0.219811 0.499057 0.020755 0.039623
209 0.252830 0.492453 0.018868 0.026415
210 0.283019 0.506604 0.015094 0.054717
211 0.297170 0.507547 0.001887 0.056604
212 0.311321 0.506604 0.015094 0.054717
213 0.014151 0.571698 0.024528 0.033962
