133 0.019811 0.033019 0.005660 0.028302
134 0.039623 0.042453 0.022642 0.047170
135 0.066038 0.039623 0.026415 0.041509
136 0.100943 0.039623 0.013208 0.041509
137 0.132075 0.039623 0.022642 0.041509
138 0.156604 0.039623 0.022642 0.041509
139 0.199057 0.039623 0.028302 0.041509
140 0.241509 0.039623 0.022642 0.041509
141 0.266981 0.039623 0.024528 0.041509
142 0.295283 0.039623 0.024528 0.041509
143 0.027358 0.105660 0.024528 0.041509
144 0.066981 0.105660 0.024528 0.041509
145 0.099057 0.099057 0.005660 0.028302
146 0.107547 0.103774 0.007547 0.037736
147 0.138679 0.098113 0.024528 0.026415
148 0.181132 0.092453 0.026415 0.015094
149 0.218868 0.098113 0.022642 0.026415
150 0.256604 0.105660 0.018868 0.041509
151 0.301887 0.108491 0.045283 0.047170
152 0.358491 0.105660 0.033962 0.041509
153 0.013208 0.171698 0.022642 0.041509
154 0.040566 0.171698 0.028302 0.041509
155 0.087736 0.171698 0.032075 0.041509
156 0.117925 0.171698 0.020755 0.041509
157 0.141509 0.171698 0.018868 0.041509
158 0.180189 0.171698 0.032075 0.041509
159 0.228302 0.171698 0.030189 0.041509
160 0.262264 0.171698 0.003774 0.041509
161 0.277358 0.171698 0.015094 0.041509
162 0.299057 0.171698 0.024528 0.041509
163 0.022642 0.232075 0.018868 0.041509
164 0.065094 0.232075 0.039623 0.041509
165 0.106604 0.232075 0.032075 0.041509
166 0.143396 0.232075 0.037736 0.041509
167 0.175472 0.232075 0.022642 0.041509
168 0.209434 0.234906 0.037736 0.047170
169 0.255660 0.232075 0.024528 0.041509
170 0.294340 0.232075 0.022642 0.041509
171 0.322642 0.232075 0.026415 0.041509
172 0.363208 0.232075 0.028302 0.041509
173 0.022642 0.298113 0.033962 0.041509
174 0.081132 0.298113 0.049057 0.041509
175 0.122642 0.298113 0.030189 0.041509
176 0.168868 0.298113 0.028302 0.041509
177 0.215094 0.298113 0.030189 0.041509
178 0.248113 0.301887 0.009434 0.049057
179 0.279245 0.298113 0.041509 0.041509
180 0.310377 0.301887 0.009434 0.049057
181 0.333019 0.300000 0.024528 0.045283
182 0.361321 0.284906 0.024528 0.015094
183 0.006604 0.359434 0.009434 0.028302
184 0.036792 0.359434 0.020755 0.028302
185 0.073585 0.366981 0.026415 0.043396
186 0.101887 0.359434 0.022642 0.028302
187 0.132075 0.366981 0.026415 0.043396
188 0.162264 0.359434 0.026415 0.028302
189 0.197170 0.366981 0.016981 0.043396
190 0.235849 0.366038 0.026415 0.041509
191 0.278302 0.366981 0.024528 0.043396
192 0.309434 0.366038 0.003774 0.041509
193 0.023585 0.434906 0.013208 0.054717
194 0.046226 0.429245 0.020755 0.043396
195 0.062264 0.429245 0.003774 0.043396
196 0.088679 0.421698 0.041509 0.028302
197 0.127358 0.421698 0.024528 0.028302
198 0.159434 0.421698 0.028302 0.028302
199 0.190566 0.428302 0.026415 0.041509
200 0.230189 0.428302 0.026415 0.041509
201 0.252830 0.421698 0.015094 0.028302
202 0.282075 0.421698 0.016981 0.028302
203 0.023585 0.499057 0.016981 0.035849
204 0.050000 0.495283 0.024528 0.028302
205 0.088679 0.495283 0.026415 0.028302
206 0.136792 0.495283 0.039623 0.028302
207 0.183962 0.495283 0.024528 0.028302
208 0.211321 0.501887 0.026415 0.041509
209 0.240566 0.495283 0.024528 0.028302
210 0.272642 0.505660 0.013208 0.049057
211 0.286792 0.510377 0.003774 0.058491
212 0.312264 0.505660 0.013208 0.049057
213 0.015094 0.581132 0.026415 0.045283
