133 0.003774 0.028302 0.003774 0.018868
134 0.019811 0.034906 0.016981 0.032075
135 0.045283 0.035849 0.022642 0.033962
136 0.065094 0.035849 0.013208 0.033962
137 0.086792 0.035849 0.022642 0.033962
138 0.125472 0.035849 0.020755 0.033962
139 0.150943 0.034906 0.022642 0.032075
140 0.183962 0.035849 0.016981 0.033962
141 0.204717 0.035849 0.020755 0.033962
142 0.237736 0.035849 0.018868 0.033962
143 0.027358 0.088679 0.020755 0.033962
144 0.051887 0.088679 0.020755 0.033962
145 0.079245 0.081132 0.007547 0.018868
146 0.093396 0.083962 0.009434 0.024528
147 0.128302 0.085849 0.030189 0.028302
148 0.174528 0.079245 0.028302 0.015094
149 0.218868 0.085849 0.030189 0.028302
150 0.253774 0.087736 0.013208 0.032075
151 0.297170 0.097170 0.047170 0.050943
152 0.335849 0.086792 0.026415 0.030189
153 0.016981 0.157547 0.022642 0.032075
154 0.042453 0.157547 0.024528 0.032075
155 0.083019 0.157547 0.030189 0.032075
156 0.113208 0.157547 0.022642 0.032075
157 0.140566 0.157547 0.024528 0.032075
158 0.167925 0.157547 0.026415 0.032075
159 0.216038 0.157547 0.035849 0.032075
160 0.246226 0.157547 0.016981 0.032075
161 0.272642 0.164151 0.024528 0.045283
162 0.315094 0.157547 0.030189 0.032075
163 0.025472 0.221698 0.020755 0.032075
164 0.072642 0.221698 0.039623 0.032075
165 0.123585 0.221698 0.032075 0.032075
166 0.154717 0.221698 0.026415 0.032075
167 0.191509 0.221698 0.020755 0.032075
168 0.237736 0.227358 0.041509 0.043396
169 0.275472 0.221698 0.026415 0.032075
170 0.300000 0.221698 0.018868 0.032075
171 0.323585 0.221698 0.024528 0.032075
172 0.367925 0.221698 0.030189 0.032075
173 0.013208 0.283962 0.022642 0.032075
174 0.060377 0.283019 0.037736 0.030189
175 0.111321 0.283962 0.030189 0.032075
176 0.142453 0.283962 0.024528 0.032075
177 0.183962 0.283962 0.028302 0.032075
178 0.219811 0.288679 0.016981 0.041509
179 0.250943 0.283962 0.018868 0.032075
180 0.271698 0.288679 0.018868 0.041509
181 0.309434 0.286792 0.022642 0.037736
182 0.340566 0.283019 0.028302 0.030189
183 0.008491 0.345283 0.005660 0.033962
184 0.035849 0.337736 0.018868 0.018868
185 0.070755 0.345283 0.016981 0.033962
186 0.090566 0.337736 0.015094 0.018868
187 0.110377 0.345283 0.020755 0.033962
188 0.145283 0.337736 0.015094 0.018868
189 0.187736 0.353774 0.035849 0.050943
190 0.230189 0.345283 0.022642 0.033962
191 0.266038 0.345283 0.018868 0.033962
192 0.283962 0.341509 0.009434 0.026415
193 0.021698 0.418868 0.016981 0.041509
194 0.055660 0.415094 0.016981 0.033962
195 0.083962 0.415094 0.013208 0.033962
196 0.106604 0.407547 0.028302 0.018868
197 0.147170 0.407547 0.018868 0.018868
198 0.182075 0.407547 0.016981 0.018868
199 0.202830 0.415094 0.020755 0.033962
200 0.237736 0.415094 0.018868 0.033962
201 0.256604 0.407547 0.015094 0.018868
202 0.283962 0.407547 0.013208 0.018868
203 0.018868 0.469811 0.011321 0.022642
204 0.034906 0.467925 0.016981 0.018868
205 0.054717 0.466981 0.015094 0.016981
206 0.079245 0.467925 0.026415 0.018868
207 0.105660 0.467925 0.018868 0.018868
208 0.144340 0.475472 0.028302 0.033962
209 0.168868 0.467925 0.016981 0.018868
210 0.200000 0.483962 0.015094 0.050943
211 0.221698 0.482075 0.001887 0.047170
212 0.247170 0.483962 0.015094 0.050943
213 0.017925 0.550943 0.028302 0.045283
