133 0.011321 0.047170 0.011321 0.056604
134 0.050943 0.045283 0.037736 0.052830
135 0.091509 0.039623 0.035849 0.041509
136 0.136792 0.039623 0.028302 0.041509
137 0.172642 0.039623 0.035849 0.041509
138 0.222642 0.039623 0.037736 0.041509
139 0.272642 0.039623 0.035849 0.041509
140 0.327358 0.039623 0.039623 0.041509
141 0.377358 0.039623 0.033962 0.041509
142 0.428302 0.039623 0.037736 0.041509
143 0.035849 0.115094 0.037736 0.041509
144 0.077358 0.115094 0.033962 0.041509
145 0.118868 0.109434 0.015094 0.030189
146 0.143396 0.114151 0.022642 0.039623
147 0.177358 0.113208 0.037736 0.037736
148 0.219811 0.105660 0.035849 0.022642
149 0.257547 0.113208 0.035849 0.037736
150 0.302830 0.115094 0.028302 0.041509
151 0.346226 0.117925 0.047170 0.047170
152 0.407547 0.115094 0.041509 0.041509
153 0.025472 0.181132 0.039623 0.041509
154 0.070755 0.181132 0.039623 0.041509
155 0.127358 0.181132 0.043396 0.041509
156 0.173585 0.181132 0.037736 0.041509
157 0.224528 0.181132 0.037736 0.041509
158 0.279245 0.181132 0.041509 0.041509
159 0.339623 0.181132 0.045283 0.041509
160 0.393396 0.181132 0.032075 0.041509
161 0.443396 0.181132 0.033962 0.041509
162 0.496226 0.181132 0.045283 0.041509
163 0.030189 0.241509 0.030189 0.041509
164 0.086792 0.241509 0.052830 0.041509
165 0.150000 0.241509 0.047170 0.041509
166 0.197170 0.241509 0.043396 0.041509
167 0.253774 0.241509 0.039623 0.041509
168 0.299057 0.247170 0.043396 0.052830
169 0.358491 0.241509 0.041509 0.041509
170 0.405660 0.241509 0.041509 0.041509
171 0.450943 0.241509 0.037736 0.041509
172 0.495283 0.241509 0.043396 0.041509
173 0.021698 0.313208 0.039623 0.041509
174 0.088679 0.313208 0.060377 0.041509
175 0.156604 0.313208 0.049057 0.041509
176 0.202830 0.313208 0.039623 0.041509
177 0.249057 0.313208 0.041509 0.041509
178 0.298113 0.319811 0.030189 0.054717
179 0.324528 0.318868 0.018868 0.052830
180 0.362264 0.319811 0.030189 0.054717
181 0.400943 0.315094 0.035849 0.045283
182 0.443396 0.315094 0.041509 0.045283
183 0.019811 0.383019 0.013208 0.033962
184 0.056604 0.382075 0.033962 0.032075
185 0.108491 0.387736 0.035849 0.043396
186 0.157547 0.382075 0.032075 0.032075
187 0.199057 0.387736 0.039623 0.043396
188 0.241509 0.382075 0.033962 0.032075
189 0.274528 0.387736 0.028302 0.043396
190 0.322642 0.387736 0.037736 0.043396
191 0.374528 0.387736 0.035849 0.043396
192 0.416981 0.387736 0.018868 0.043396
193 0.017925 0.455660 0.032075 0.054717
194 0.056604 0.450000 0.037736 0.043396
195 0.098113 0.450000 0.018868 0.043396
196 0.140566 0.444340 0.054717 0.032075
197 0.200943 0.444340 0.035849 0.032075
198 0.249057 0.444340 0.033962 0.032075
199 0.299057 0.450000 0.039623 0.043396
200 0.338679 0.450000 0.035849 0.043396
201 0.387736 0.444340 0.028302 0.032075
202 0.421698 0.444340 0.032075 0.032075
203 0.029245 0.522642 0.024528 0.041509
204 0.072642 0.517925 0.035849 0.032075
205 0.111321 0.517925 0.033962 0.032075
206 0.159434 0.517925 0.050943 0.032075
207 0.222642 0.517925 0.041509 0.032075
208 0.275472 0.523585 0.037736 0.043396
209 0.329245 0.517925 0.035849 0.032075
210 0.378302 0.529245 0.035849 0.054717
211 0.414151 0.529245 0.009434 0.054717
212 0.442453 0.529245 0.035849 0.054717
213 0.036792 0.632075 0.039623 0.113208
