133 0.009434 0.037736 0.007547 0.037736
134 0.033962 0.043396 0.015094 0.049057
135 0.057547 0.036792 0.020755 0.035849
136 0.090566 0.036792 0.011321 0.035849
137 0.108491 0.036792 0.020755 0.035849
138 0.145283 0.036792 0.018868 0.035849
139 0.166981 0.036792 0.020755 0.035849
140 0.201887 0.036792 0.018868 0.035849
141 0.224528 0.036792 0.018868 0.035849
142 0.249057 0.036792 0.018868 0.035849
143 0.024528 0.104717 0.018868 0.035849
144 0.047170 0.104717 0.018868 0.035849
145 0.075472 0.098113 0.007547 0.022642
146 0.087736 0.101887 0.009434 0.030189
147 0.109434 0.100943 0.030189 0.028302
148 0.152830 0.095283 0.030189 0.016981
149 0.184906 0.100943 0.030189 0.028302
150 0.214151 0.104717 0.016981 0.035849
151 0.264151 0.113208 0.052830 0.052830
152 0.306604 0.104717 0.024528 0.035849
153 0.014151 0.176415 0.020755 0.035849
154 0.047170 0.176415 0.018868 0.035849
155 0.069811 0.176415 0.022642 0.035849
156 0.102830 0.176415 0.016981 0.035849
157 0.133962 0.176415 0.015094 0.035849
158 0.166981 0.176415 0.024528 0.035849
159 0.202830 0.176415 0.020755 0.035849
160 0.222642 0.176415 0.007547 0.035849
161 0.235849 0.176415 0.015094 0.035849
162 0.260377 0.176415 0.022642 0.035849
163 0.020755 0.231132 0.015094 0.035849
164 0.062264 0.231132 0.033962 0.035849
165 0.104717 0.231132 0.024528 0.035849
166 0.130189 0.231132 0.022642 0.035849
167 0.165094 0.231132 0.020755 0.035849
168 0.190566 0.232075 0.022642 0.037736
169 0.217925 0.231132 0.020755 0.035849
170 0.252830 0.231132 0.018868 0.035849
171 0.289623 0.231132 0.020755 0.035849
172 0.323585 0.231132 0.020755 0.035849
173 0.018868 0.287736 0.026415 0.035849
174 0.066038 0.287736 0.033962 0.035849
175 0.096226 0.287736 0.022642 0.035849
176 0.135849 0.287736 0.022642 0.035849
177 0.160377 0.287736 0.022642 0.035849
178 0.192453 0.292453 0.011321 0.045283
179 0.217925 0.294340 0.013208 0.049057
180 0.234906 0.292453 0.009434 0.045283
181 0.264151 0.292453 0.022642 0.045283
182 0.302830 0.284906 0.028302 0.030189
183 0.018868 0.349057 0.011321 0.022642
184 0.037736 0.350000 0.018868 0.024528
185 0.073585 0.356604 0.018868 0.037736
186 0.091509 0.350000 0.013208 0.024528
187 0.113208 0.356604 0.018868 0.037736
188 0.147170 0.350000 0.018868 0.024528
189 0.166038 0.356604 0.015094 0.037736
190 0.196226 0.355660 0.018868 0.035849
191 0.232075 0.356604 0.018868 0.037736
192 0.250943 0.355660 0.007547 0.035849
193 0.009434 0.417925 0.007547 0.047170
194 0.034906 0.413208 0.016981 0.037736
195 0.048113 0.413208 0.005660 0.037736
196 0.067925 0.406604 0.030189 0.024528
197 0.098113 0.406604 0.018868 0.024528
198 0.121698 0.406604 0.020755 0.024528
199 0.158491 0.412264 0.018868 0.035849
200 0.194340 0.412264 0.018868 0.035849
201 0.212264 0.406604 0.013208 0.024528
202 0.228302 0.406604 0.015094 0.024528
203 0.020755 0.476415 0.015094 0.032075
204 0.054717 0.472642 0.018868 0.024528
205 0.077358 0.472642 0.018868 0.024528
206 0.105660 0.472642 0.030189 0.024528
207 0.148113 0.472642 0.020755 0.024528
208 0.173585 0.478302 0.018868 0.035849
209 0.204717 0.472642 0.016981 0.024528
210 0.235849 0.486792 0.015094 0.052830
211 0.247170 0.483962 0.003774 0.047170
212 0.262264 0.486792 0.015094 0.052830
213 0.030189 0.560377 0.030189 0.056604
