133 0.020755 0.037736 0.007547 0.037736
134 0.046226 0.039623 0.013208 0.041509
135 0.083019 0.038679 0.026415 0.039623
136 0.109434 0.038679 0.018868 0.039623
137 0.138679 0.038679 0.028302 0.039623
138 0.169811 0.038679 0.026415 0.039623
139 0.200000 0.038679 0.030189 0.039623
140 0.244340 0.038679 0.028302 0.039623
141 0.287736 0.038679 0.028302 0.039623
142 0.317925 0.038679 0.028302 0.039623
143 0.016038 0.099057 0.028302 0.039623
144 0.057547 0.099057 0.028302 0.039623
145 0.088679 0.094340 0.007547 0.030189
146 0.100943 0.099057 0.009434 0.039623
147 0.134906 0.095283 0.028302 0.032075
148 0.165094 0.089623 0.028302 0.020755
149 0.199057 0.093396 0.028302 0.028302
150 0.231132 0.100000 0.028302 0.041509
151 0.275472 0.105660 0.052830 0.052830
152 0.335849 0.100000 0.037736 0.041509
153 0.020755 0.170755 0.033962 0.039623
154 0.058491 0.171698 0.033962 0.041509
155 0.099057 0.170755 0.035849 0.039623
156 0.146226 0.170755 0.032075 0.039623
157 0.180189 0.170755 0.028302 0.039623
158 0.228302 0.171698 0.037736 0.041509
159 0.269811 0.171698 0.033962 0.041509
160 0.294340 0.171698 0.007547 0.041509
161 0.316981 0.171698 0.026415 0.041509
162 0.360377 0.171698 0.033962 0.041509
163 0.016038 0.232075 0.028302 0.041509
164 0.051887 0.231132 0.039623 0.039623
165 0.102830 0.232075 0.032075 0.041509
166 0.140566 0.232075 0.039623 0.041509
167 0.182075 0.231132 0.032075 0.039623
168 0.233962 0.233019 0.041509 0.043396
169 0.284906 0.231132 0.033962 0.039623
170 0.323585 0.232075 0.032075 0.041509
171 0.369811 0.231132 0.033962 0.039623
172 0.418868 0.232075 0.033962 0.041509
173 0.019811 0.294340 0.035849 0.041509
174 0.079245 0.294340 0.049057 0.041509
175 0.124528 0.294340 0.030189 0.041509
176 0.168868 0.294340 0.032075 0.041509
177 0.216038 0.293396 0.035849 0.039623
178 0.254717 0.300000 0.015094 0.052830
179 0.285849 0.294340 0.013208 0.041509
180 0.315094 0.300000 0.015094 0.052830
181 0.338679 0.294340 0.024528 0.041509
182 0.378302 0.288679 0.028302 0.030189
183 0.006604 0.356604 0.009434 0.022642
184 0.040566 0.360377 0.028302 0.030189
185 0.074528 0.366038 0.028302 0.041509
186 0.104717 0.360377 0.028302 0.030189
187 0.139623 0.366038 0.030189 0.041509
188 0.172642 0.360377 0.028302 0.030189
189 0.210377 0.366038 0.020755 0.041509
190 0.249057 0.366038 0.030189 0.041509
191 0.294340 0.366038 0.026415 0.041509
192 0.324528 0.365094 0.007547 0.039623
193 0.024528 0.431132 0.015094 0.050943
194 0.060377 0.426415 0.026415 0.041509
195 0.092453 0.426415 0.007547 0.041509
196 0.131132 0.420755 0.043396 0.030189
197 0.183019 0.420755 0.026415 0.030189
198 0.216981 0.420755 0.030189 0.030189
199 0.248113 0.426415 0.028302 0.041509
200 0.292453 0.426415 0.030189 0.041509
201 0.331132 0.420755 0.020755 0.030189
202 0.360377 0.420755 0.026415 0.030189
203 0.011321 0.495283 0.018868 0.039623
204 0.037736 0.490566 0.026415 0.030189
205 0.077358 0.490566 0.026415 0.030189
206 0.127358 0.490566 0.043396 0.030189
207 0.175472 0.490566 0.026415 0.030189
208 0.208491 0.496226 0.028302 0.041509
209 0.241509 0.490566 0.026415 0.030189
210 0.277358 0.501887 0.018868 0.052830
211 0.293396 0.501887 0.005660 0.052830
212 0.308491 0.501887 0.016981 0.052830
213 0.031132 0.581132 0.028302 0.067925
