133 0.003774 0.033019 0.003774 0.028302
134 0.022642 0.038679 0.026415 0.039623
135 0.064151 0.034906 0.026415 0.032075
136 0.102830 0.034906 0.016981 0.032075
137 0.131132 0.033962 0.028302 0.030189
138 0.165094 0.033962 0.028302 0.030189
139 0.205660 0.036792 0.026415 0.035849
140 0.249057 0.035849 0.030189 0.033962
141 0.281132 0.035849 0.026415 0.033962
142 0.321698 0.033962 0.024528 0.030189
143 0.016038 0.095283 0.028302 0.035849
144 0.060377 0.095283 0.026415 0.035849
145 0.089623 0.085849 0.005660 0.016981
146 0.113208 0.087736 0.007547 0.020755
147 0.140566 0.090566 0.020755 0.026415
148 0.166981 0.083019 0.024528 0.011321
149 0.205660 0.090566 0.022642 0.026415
150 0.234906 0.094340 0.028302 0.033962
151 0.282075 0.094340 0.039623 0.033962
152 0.330189 0.096226 0.030189 0.037736
153 0.030189 0.150943 0.033962 0.033962
154 0.062264 0.151887 0.026415 0.035849
155 0.099057 0.150943 0.035849 0.033962
156 0.135849 0.152830 0.030189 0.037736
157 0.170755 0.156604 0.032075 0.045283
158 0.215094 0.160377 0.026415 0.052830
159 0.250943 0.153774 0.037736 0.039623
160 0.282075 0.154717 0.020755 0.041509
161 0.308491 0.161321 0.028302 0.054717
162 0.342453 0.153774 0.035849 0.039623
163 0.022642 0.227358 0.033962 0.039623
164 0.069811 0.222642 0.052830 0.030189
165 0.117925 0.222642 0.039623 0.030189
166 0.159434 0.225472 0.032075 0.035849
167 0.209434 0.225472 0.037736 0.035849
168 0.248113 0.229245 0.028302 0.043396
169 0.293396 0.229245 0.035849 0.043396
170 0.344340 0.227358 0.035849 0.039623
171 0.394340 0.226415 0.037736 0.037736
172 0.443396 0.225472 0.030189 0.035849
173 0.031132 0.287736 0.035849 0.035849
174 0.086792 0.287736 0.045283 0.035849
175 0.143396 0.287736 0.037736 0.035849
176 0.181132 0.297170 0.030189 0.054717
177 0.229245 0.296226 0.032075 0.052830
178 0.260377 0.289623 0.026415 0.039623
179 0.283019 0.289623 0.011321 0.039623
180 0.302830 0.289623 0.024528 0.039623
181 0.334906 0.292453 0.028302 0.045283
182 0.366981 0.277358 0.024528 0.015094
183 0.005660 0.354717 0.003774 0.022642
184 0.025472 0.350943 0.024528 0.015094
185 0.052830 0.362264 0.018868 0.037736
186 0.084906 0.351887 0.018868 0.016981
187 0.125472 0.360377 0.028302 0.033962
188 0.162264 0.351887 0.018868 0.016981
189 0.189623 0.370755 0.024528 0.054717
190 0.218868 0.359434 0.022642 0.032075
191 0.256604 0.360377 0.026415 0.033962
192 0.291509 0.355660 0.016981 0.024528
193 0.030189 0.443396 0.026415 0.052830
194 0.070755 0.433019 0.024528 0.032075
195 0.096226 0.433962 0.018868 0.033962
196 0.136792 0.424528 0.035849 0.015094
197 0.170755 0.424528 0.028302 0.015094
198 0.197170 0.425472 0.016981 0.016981
199 0.224528 0.433962 0.033962 0.033962
200 0.258491 0.435849 0.026415 0.037736
201 0.297170 0.425472 0.020755 0.016981
202 0.331132 0.426415 0.020755 0.018868
203 0.028302 0.504717 0.030189 0.032075
204 0.062264 0.496226 0.026415 0.015094
205 0.101887 0.496226 0.022642 0.015094
206 0.141509 0.496226 0.026415 0.015094
207 0.167925 0.497170 0.022642 0.016981
208 0.207547 0.508491 0.026415 0.039623
209 0.235849 0.507547 0.022642 0.037736
210 0.277358 0.508491 0.026415 0.039623
211 0.304717 0.512264 0.001887 0.047170
212 0.321698 0.508491 0.024528 0.039623
213 0.022642 0.571698 0.018868 0.033962
