133 0.002830 0.028302 0.001887 0.018868
134 0.009434 0.018868 0.000000 0.000000
135 0.023585 0.038679 0.016981 0.039623
136 0.050000 0.038679 0.005660 0.039623
137 0.066981 0.038679 0.016981 0.039623
138 0.087736 0.038679 0.016981 0.039623
139 0.122642 0.033962 0.018868 0.030189
140 0.155660 0.038679 0.016981 0.039623
141 0.187736 0.038679 0.016981 0.039623
142 0.209434 0.038679 0.015094 0.039623
143 0.014151 0.097170 0.016981 0.039623
144 0.044340 0.097170 0.016981 0.039623
145 0.066981 0.090566 0.001887 0.026415
146 0.073585 0.077358 0.000000 0.000000
147 0.080189 0.078302 0.001887 0.001887
148 0.098113 0.077358 0.000000 0.000000
149 0.111321 0.077358 0.000000 0.000000
150 0.136792 0.089623 0.016981 0.024528
151 0.178302 0.096226 0.032075 0.037736
152 0.204717 0.096226 0.016981 0.037736
153 0.010377 0.155660 0.016981 0.039623
154 0.033019 0.155660 0.016981 0.039623
155 0.063208 0.155660 0.016981 0.039623
156 0.092453 0.155660 0.015094 0.039623
157 0.119811 0.155660 0.013208 0.039623
158 0.148113 0.155660 0.016981 0.039623
159 0.170755 0.155660 0.016981 0.039623
160 0.182075 0.155660 0.001887 0.039623
161 0.190566 0.138679 0.007547 0.005660
162 0.204717 0.155660 0.016981 0.039623
163 0.019811 0.214151 0.013208 0.039623
164 0.050943 0.214151 0.022642 0.039623
165 0.087736 0.214151 0.016981 0.039623
166 0.119811 0.214151 0.016981 0.039623
167 0.138679 0.214151 0.016981 0.039623
168 0.159434 0.212264 0.016981 0.035849
169 0.180189 0.214151 0.016981 0.039623
170 0.210377 0.214151 0.016981 0.039623
171 0.244340 0.214151 0.016981 0.039623
172 0.276415 0.214151 0.016981 0.039623
173 0.014151 0.272642 0.020755 0.039623
174 0.053774 0.272642 0.024528 0.039623
175 0.093396 0.271698 0.020755 0.037736
176 0.130189 0.272642 0.018868 0.039623
177 0.150943 0.272642 0.018868 0.039623
178 0.178302 0.272642 0.001887 0.039623
179 0.194340 0.252830 0.000000 0.000000
180 0.199057 0.272642 0.001887 0.039623
181 0.210377 0.262264 0.009434 0.018868
182 0.220755 0.252830 0.000000 0.000000
183 0.016038 0.314151 0.001887 0.005660
184 0.040566 0.330189 0.016981 0.037736
185 0.072642 0.331132 0.016981 0.039623
186 0.106604 0.331132 0.016981 0.039623
187 0.136792 0.331132 0.016981 0.039623
188 0.156604 0.331132 0.015094 0.039623
189 0.172642 0.331132 0.013208 0.039623
190 0.193396 0.331132 0.016981 0.039623
191 0.227358 0.331132 0.016981 0.039623
192 0.253774 0.331132 0.001887 0.039623
193 0.018868 0.372642 0.007547 0.005660
194 0.036792 0.389623 0.016981 0.039623
195 0.055660 0.389623 0.013208 0.039623
196 0.086792 0.389623 0.022642 0.039623
197 0.121698 0.389623 0.016981 0.039623
198 0.153774 0.389623 0.016981 0.039623
199 0.174528 0.389623 0.016981 0.039623
200 0.206604 0.387736 0.016981 0.035849
201 0.236792 0.389623 0.016981 0.039623
202 0.266981 0.389623 0.016981 0.039623
203 0.010377 0.448113 0.016981 0.039623
204 0.044340 0.448113 0.016981 0.039623
205 0.065094 0.448113 0.020755 0.039623
206 0.104717 0.448113 0.024528 0.039623
207 0.142453 0.447170 0.020755 0.037736
208 0.177358 0.448113 0.018868 0.039623
209 0.201887 0.448113 0.018868 0.039623
210 0.229245 0.448113 0.009434 0.039623
211 0.236792 0.448113 0.001887 0.039623
212 0.245283 0.448113 0.007547 0.039623
213 0.005660 0.486792 0.000000 0.000000
