133 0.007547 0.042453 0.007547 0.047170
134 0.031132 0.039623 0.028302 0.041509
135 0.074528 0.037736 0.024528 0.037736
136 0.112264 0.037736 0.016981 0.037736
137 0.134906 0.037736 0.024528 0.037736
138 0.172642 0.037736 0.024528 0.037736
139 0.215094 0.037736 0.026415 0.037736
140 0.255660 0.037736 0.024528 0.037736
141 0.282075 0.037736 0.024528 0.037736
142 0.313208 0.037736 0.026415 0.037736
143 0.014151 0.103774 0.024528 0.037736
144 0.055660 0.103774 0.024528 0.037736
145 0.073585 0.100000 0.007547 0.030189
146 0.098113 0.102830 0.007547 0.035849
147 0.118868 0.100000 0.030189 0.030189
148 0.152830 0.094340 0.030189 0.018868
149 0.184906 0.100000 0.030189 0.030189
150 0.220755 0.102830 0.015094 0.035849
151 0.256604 0.110377 0.049057 0.050943
152 0.305660 0.105660 0.037736 0.041509
153 0.023585 0.178302 0.043396 0.047170
154 0.080189 0.175472 0.035849 0.041509
155 0.135849 0.175472 0.041509 0.041509
156 0.187736 0.175472 0.035849 0.041509
157 0.241509 0.179245 0.045283 0.049057
158 0.288679 0.175472 0.041509 0.041509
159 0.348113 0.179245 0.043396 0.049057
160 0.390566 0.175472 0.030189 0.041509
161 0.437736 0.179245 0.033962 0.049057
162 0.480189 0.175472 0.043396 0.041509
163 0.033962 0.243396 0.037736 0.041509
164 0.083019 0.245283 0.052830 0.045283
165 0.140566 0.245283 0.054717 0.045283
166 0.202830 0.243396 0.043396 0.041509
167 0.249057 0.247170 0.041509 0.049057
168 0.297170 0.244340 0.043396 0.043396
169 0.341509 0.243396 0.041509 0.041509
170 0.399057 0.244340 0.043396 0.043396
171 0.458491 0.243396 0.041509 0.041509
172 0.504717 0.243396 0.043396 0.041509
173 0.033962 0.311321 0.037736 0.041509
174 0.096226 0.311321 0.052830 0.041509
175 0.143396 0.311321 0.033962 0.041509
176 0.197170 0.315094 0.039623 0.049057
177 0.238679 0.311321 0.032075 0.041509
178 0.262264 0.316038 0.011321 0.050943
179 0.285849 0.311321 0.028302 0.041509
180 0.307547 0.316038 0.011321 0.050943
181 0.337736 0.311321 0.022642 0.041509
182 0.380189 0.305660 0.028302 0.030189
183 0.007547 0.374528 0.007547 0.028302
184 0.027358 0.375472 0.020755 0.030189
185 0.061321 0.380189 0.020755 0.039623
186 0.083019 0.375472 0.015094 0.030189
187 0.102830 0.379245 0.020755 0.037736
188 0.139623 0.375472 0.018868 0.030189
189 0.168868 0.380189 0.013208 0.039623
190 0.193396 0.379245 0.024528 0.037736
191 0.217925 0.384906 0.020755 0.049057
192 0.234906 0.380189 0.009434 0.039623
193 0.006604 0.450943 0.009434 0.045283
194 0.037736 0.448113 0.022642 0.039623
195 0.067925 0.448113 0.011321 0.039623
196 0.094340 0.443396 0.037736 0.030189
197 0.138679 0.443396 0.024528 0.030189
198 0.178302 0.443396 0.020755 0.030189
199 0.204717 0.447170 0.020755 0.037736
200 0.241509 0.447170 0.018868 0.037736
201 0.277358 0.443396 0.018868 0.030189
202 0.311321 0.445283 0.022642 0.033962
203 0.021698 0.510377 0.013208 0.035849
204 0.056604 0.507547 0.022642 0.030189
205 0.080189 0.511321 0.020755 0.037736
206 0.120755 0.510377 0.033962 0.035849
207 0.165094 0.507547 0.024528 0.030189
208 0.189623 0.511321 0.020755 0.037736
209 0.224528 0.511321 0.015094 0.037736
210 0.242453 0.517925 0.013208 0.050943
211 0.268868 0.516038 0.005660 0.047170
212 0.292453 0.517925 0.015094 0.050943
213 0.030189 0.590566 0.030189 0.056604
