133 0.022642 0.047170 0.011321 0.056604
134 0.037736 0.039623 0.015094 0.041509
135 0.066038 0.039623 0.033962 0.041509
136 0.109434 0.039623 0.022642 0.041509
137 0.139623 0.039623 0.033962 0.041509
138 0.179245 0.039623 0.033962 0.041509
139 0.218868 0.039623 0.033962 0.041509
140 0.269811 0.039623 0.033962 0.041509
141 0.318868 0.039623 0.033962 0.041509
142 0.354717 0.039623 0.033962 0.041509
143 0.032075 0.115094 0.033962 0.041509
144 0.071698 0.115094 0.033962 0.041509
145 0.109434 0.109434 0.011321 0.030189
146 0.135849 0.115094 0.011321 0.041509
147 0.162264 0.112264 0.030189 0.035849
148 0.205660 0.105660 0.030189 0.022642
149 0.250943 0.112264 0.030189 0.035849
150 0.296226 0.115094 0.030189 0.041509
151 0.347170 0.117925 0.041509 0.047170
152 0.404717 0.115094 0.043396 0.041509
153 0.032075 0.181132 0.037736 0.041509
154 0.071698 0.181132 0.037736 0.041509
155 0.126415 0.181132 0.037736 0.041509
156 0.166038 0.181132 0.033962 0.041509
157 0.202830 0.181132 0.032075 0.041509
158 0.240566 0.181132 0.039623 0.041509
159 0.282075 0.181132 0.039623 0.041509
160 0.320755 0.181132 0.011321 0.041509
161 0.355660 0.181132 0.032075 0.041509
162 0.399057 0.181132 0.043396 0.041509
163 0.017925 0.241509 0.032075 0.041509
164 0.062264 0.241509 0.045283 0.041509
165 0.121698 0.241509 0.039623 0.041509
166 0.177358 0.241509 0.041509 0.041509
167 0.216981 0.241509 0.033962 0.041509
168 0.268868 0.243396 0.043396 0.045283
169 0.312264 0.241509 0.039623 0.041509
170 0.365094 0.241509 0.035849 0.041509
171 0.418868 0.241509 0.037736 0.041509
172 0.459434 0.241509 0.039623 0.041509
173 0.023585 0.305660 0.043396 0.041509
174 0.090566 0.305660 0.056604 0.041509
175 0.153774 0.305660 0.043396 0.041509
176 0.210377 0.305660 0.043396 0.041509
177 0.264151 0.305660 0.037736 0.041509
178 0.308491 0.311321 0.016981 0.052830
179 0.339623 0.305660 0.015094 0.041509
180 0.370755 0.311321 0.016981 0.052830
181 0.411321 0.307547 0.030189 0.045283
182 0.455660 0.300000 0.028302 0.030189
183 0.018868 0.367925 0.011321 0.022642
184 0.047170 0.371698 0.033962 0.030189
185 0.083962 0.377358 0.032075 0.041509
186 0.122642 0.371698 0.033962 0.030189
187 0.168868 0.377358 0.032075 0.041509
188 0.205660 0.371698 0.033962 0.030189
189 0.239623 0.377358 0.022642 0.041509
190 0.282075 0.377358 0.032075 0.041509
191 0.328302 0.377358 0.030189 0.041509
192 0.350943 0.377358 0.011321 0.041509
193 0.025472 0.443396 0.016981 0.052830
194 0.052830 0.437736 0.033962 0.041509
195 0.092453 0.437736 0.011321 0.041509
196 0.124528 0.432075 0.049057 0.030189
197 0.177358 0.432075 0.030189 0.030189
198 0.215094 0.432075 0.033962 0.030189
199 0.265094 0.437736 0.032075 0.041509
200 0.302830 0.437736 0.032075 0.041509
201 0.332075 0.432075 0.022642 0.030189
202 0.371698 0.432075 0.030189 0.030189
203 0.014151 0.509434 0.020755 0.041509
204 0.054717 0.503774 0.030189 0.030189
205 0.092453 0.503774 0.033962 0.030189
206 0.141509 0.503774 0.052830 0.030189
207 0.198113 0.503774 0.033962 0.030189
208 0.235849 0.509434 0.033962 0.041509
209 0.270755 0.503774 0.028302 0.030189
210 0.310377 0.515094 0.020755 0.052830
211 0.326415 0.515094 0.007547 0.052830
212 0.346226 0.515094 0.020755 0.052830
213 0.032075 0.600000 0.030189 0.079245
