133 0.009434 0.037736 0.007547 0.037736
134 0.043396 0.044340 0.030189 0.050943
135 0.075472 0.039623 0.026415 0.041509
136 0.107547 0.039623 0.026415 0.041509
137 0.149057 0.039623 0.022642 0.041509
138 0.172642 0.039623 0.020755 0.041509
139 0.209434 0.039623 0.026415 0.041509
140 0.238679 0.039623 0.020755 0.041509
141 0.277358 0.039623 0.026415 0.041509
142 0.306604 0.039623 0.024528 0.041509
143 0.015094 0.109434 0.026415 0.041509
144 0.047170 0.109434 0.026415 0.041509
145 0.066038 0.103774 0.007547 0.030189
146 0.090566 0.108491 0.007547 0.039623
147 0.125472 0.103774 0.028302 0.030189
148 0.160377 0.095283 0.030189 0.013208
149 0.206604 0.101887 0.028302 0.026415
150 0.236792 0.109434 0.024528 0.041509
151 0.282075 0.109434 0.032075 0.041509
152 0.332075 0.106604 0.033962 0.035849
153 0.017925 0.166981 0.024528 0.035849
154 0.046226 0.166981 0.028302 0.035849
155 0.091509 0.166981 0.028302 0.035849
156 0.134906 0.166981 0.024528 0.035849
157 0.176415 0.166981 0.024528 0.035849
158 0.217925 0.166981 0.028302 0.035849
159 0.258491 0.166981 0.026415 0.035849
160 0.300000 0.166981 0.022642 0.035849
161 0.338679 0.166981 0.020755 0.035849
162 0.377358 0.166981 0.026415 0.035849
163 0.027358 0.221698 0.024528 0.035849
164 0.071698 0.221698 0.030189 0.035849
165 0.116981 0.221698 0.026415 0.035849
166 0.149057 0.221698 0.030189 0.035849
167 0.183019 0.221698 0.026415 0.035849
168 0.213208 0.225472 0.030189 0.043396
169 0.256604 0.221698 0.026415 0.035849
170 0.299057 0.221698 0.024528 0.035849
171 0.333962 0.221698 0.033962 0.035849
172 0.381132 0.221698 0.026415 0.035849
173 0.022642 0.283962 0.033962 0.035849
174 0.073585 0.283962 0.033962 0.035849
175 0.120755 0.283962 0.030189 0.035849
176 0.168868 0.283962 0.032075 0.035849
177 0.212264 0.283962 0.028302 0.035849
178 0.249057 0.291509 0.015094 0.050943
179 0.286792 0.291509 0.030189 0.050943
180 0.324528 0.291509 0.015094 0.050943
181 0.349057 0.298113 0.026415 0.064151
182 0.392453 0.281132 0.033962 0.030189
183 0.009434 0.357547 0.011321 0.016981
184 0.033019 0.364151 0.028302 0.030189
185 0.065094 0.370755 0.024528 0.043396
186 0.106604 0.364151 0.024528 0.030189
187 0.137736 0.370755 0.026415 0.043396
188 0.179245 0.364151 0.026415 0.030189
189 0.210377 0.370755 0.028302 0.043396
190 0.239623 0.369811 0.026415 0.041509
191 0.277358 0.370755 0.022642 0.043396
192 0.298113 0.371698 0.015094 0.045283
193 0.016038 0.441509 0.020755 0.056604
194 0.041509 0.434906 0.026415 0.043396
195 0.075472 0.434906 0.015094 0.043396
196 0.101887 0.428302 0.030189 0.030189
197 0.133962 0.428302 0.022642 0.030189
198 0.160377 0.428302 0.026415 0.030189
199 0.202830 0.433962 0.024528 0.041509
200 0.233019 0.433962 0.024528 0.041509
201 0.259434 0.428302 0.020755 0.030189
202 0.283019 0.428302 0.022642 0.030189
203 0.016981 0.506604 0.026415 0.035849
204 0.045283 0.503774 0.022642 0.030189
205 0.077358 0.503774 0.030189 0.030189
206 0.122642 0.503774 0.033962 0.030189
207 0.154717 0.503774 0.026415 0.030189
208 0.183962 0.509434 0.028302 0.041509
209 0.213208 0.503774 0.026415 0.030189
210 0.251887 0.514151 0.020755 0.050943
211 0.267925 0.514151 0.003774 0.050943
212 0.284906 0.514151 0.022642 0.050943
213 0.028302 0.586792 0.030189 0.056604
