133 0.008491 0.042453 0.009434 0.047170
134 0.028302 0.038679 0.022642 0.039623
135 0.065094 0.036792 0.024528 0.035849
136 0.105660 0.036792 0.022642 0.035849
137 0.132075 0.036792 0.026415 0.035849
138 0.171698 0.036792 0.026415 0.035849
139 0.215094 0.036792 0.026415 0.035849
140 0.257547 0.037736 0.028302 0.037736
141 0.286792 0.036792 0.026415 0.035849
142 0.325472 0.036792 0.024528 0.035849
143 0.028302 0.102830 0.026415 0.035849
144 0.059434 0.102830 0.024528 0.035849
145 0.083019 0.096226 0.011321 0.022642
146 0.112264 0.100943 0.013208 0.032075
147 0.135849 0.099057 0.030189 0.028302
148 0.183019 0.094340 0.030189 0.018868
149 0.216981 0.099057 0.030189 0.028302
150 0.259434 0.103774 0.020755 0.037736
151 0.310377 0.109434 0.047170 0.049057
152 0.369811 0.103774 0.037736 0.037736
153 0.034906 0.171698 0.039623 0.037736
154 0.090566 0.171698 0.037736 0.037736
155 0.143396 0.171698 0.041509 0.037736
156 0.198113 0.171698 0.037736 0.037736
157 0.239623 0.171698 0.037736 0.037736
158 0.280189 0.171698 0.039623 0.037736
159 0.325472 0.171698 0.047170 0.037736
160 0.375472 0.171698 0.022642 0.037736
161 0.419811 0.174528 0.032075 0.043396
162 0.462264 0.171698 0.041509 0.037736
163 0.033962 0.233962 0.033962 0.037736
164 0.093396 0.233962 0.054717 0.037736
165 0.148113 0.233962 0.043396 0.037736
166 0.206604 0.233962 0.039623 0.037736
167 0.250000 0.233962 0.039623 0.037736
168 0.304717 0.239623 0.039623 0.049057
169 0.350000 0.233962 0.039623 0.037736
170 0.402830 0.233962 0.032075 0.037736
171 0.439623 0.233962 0.037736 0.037736
172 0.494340 0.233962 0.041509 0.037736
173 0.034906 0.301887 0.035849 0.037736
174 0.080189 0.301887 0.050943 0.037736
175 0.141509 0.301887 0.041509 0.037736
176 0.196226 0.301887 0.033962 0.037736
177 0.233019 0.301887 0.035849 0.037736
178 0.266981 0.308491 0.024528 0.050943
179 0.307547 0.302830 0.022642 0.039623
180 0.336792 0.308491 0.024528 0.050943
181 0.365094 0.303774 0.024528 0.041509
182 0.397170 0.298113 0.028302 0.030189
183 0.022642 0.366981 0.011321 0.028302
184 0.045283 0.364151 0.026415 0.022642
185 0.088679 0.371698 0.026415 0.037736
186 0.131132 0.364151 0.024528 0.022642
187 0.163208 0.371698 0.032075 0.037736
188 0.194340 0.364151 0.022642 0.022642
189 0.226415 0.378302 0.037736 0.050943
190 0.265094 0.370755 0.032075 0.035849
191 0.300943 0.371698 0.028302 0.037736
192 0.325472 0.370755 0.013208 0.035849
193 0.016981 0.447170 0.026415 0.049057
194 0.056604 0.441509 0.026415 0.037736
195 0.079245 0.441509 0.015094 0.037736
196 0.123585 0.433962 0.043396 0.022642
197 0.176415 0.433962 0.028302 0.022642
198 0.205660 0.433962 0.026415 0.022642
199 0.250943 0.440566 0.033962 0.035849
200 0.287736 0.440566 0.028302 0.035849
201 0.318868 0.433962 0.022642 0.022642
202 0.355660 0.433962 0.020755 0.022642
203 0.012264 0.504717 0.016981 0.028302
204 0.050000 0.501887 0.028302 0.022642
205 0.083019 0.501887 0.026415 0.022642
206 0.129245 0.501887 0.039623 0.022642
207 0.177358 0.501887 0.026415 0.022642
208 0.212264 0.508491 0.032075 0.035849
209 0.246226 0.501887 0.024528 0.022642
210 0.269811 0.515094 0.015094 0.049057
211 0.297170 0.516038 0.005660 0.050943
212 0.320755 0.515094 0.015094 0.049057
213 0.028302 0.594340 0.030189 0.067925
