133 0.019811 0.047170 0.013208 0.056604
134 0.038679 0.043396 0.020755 0.049057
135 0.079245 0.040566 0.033962 0.043396
136 0.118868 0.040566 0.018868 0.043396
137 0.144340 0.040566 0.028302 0.043396
138 0.174528 0.040566 0.028302 0.043396
139 0.217925 0.040566 0.032075 0.043396
140 0.250000 0.040566 0.028302 0.043396
141 0.297170 0.040566 0.032075 0.043396
142 0.341509 0.040566 0.026415 0.043396
143 0.033019 0.116038 0.032075 0.043396
144 0.066981 0.116038 0.032075 0.043396
145 0.095283 0.110377 0.013208 0.032075
146 0.123585 0.114151 0.013208 0.039623
147 0.156604 0.111321 0.026415 0.033962
148 0.198113 0.103774 0.026415 0.018868
149 0.237736 0.109434 0.026415 0.030189
150 0.269811 0.116038 0.026415 0.043396
151 0.322642 0.116981 0.045283 0.045283
152 0.381132 0.116038 0.037736 0.043396
153 0.022642 0.180189 0.037736 0.043396
154 0.074528 0.180189 0.032075 0.043396
155 0.115094 0.180189 0.037736 0.043396
156 0.151887 0.180189 0.032075 0.043396
157 0.186792 0.180189 0.030189 0.043396
158 0.223585 0.180189 0.035849 0.043396
159 0.278302 0.180189 0.039623 0.043396
160 0.324528 0.180189 0.018868 0.043396
161 0.353774 0.180189 0.032075 0.043396
162 0.406604 0.180189 0.039623 0.043396
163 0.018868 0.242453 0.030189 0.043396
164 0.070755 0.242453 0.043396 0.043396
165 0.116981 0.242453 0.037736 0.043396
166 0.158491 0.242453 0.037736 0.043396
167 0.212264 0.242453 0.035849 0.043396
168 0.264151 0.242453 0.037736 0.043396
169 0.317925 0.242453 0.039623 0.043396
170 0.368868 0.242453 0.032075 0.043396
171 0.416981 0.242453 0.033962 0.043396
172 0.466981 0.242453 0.035849 0.043396
173 0.021698 0.304717 0.035849 0.043396
174 0.079245 0.304717 0.049057 0.043396
175 0.136792 0.304717 0.035849 0.043396
176 0.186792 0.304717 0.037736 0.043396
177 0.235849 0.304717 0.030189 0.043396
178 0.260377 0.308491 0.015094 0.050943
179 0.288679 0.307547 0.015094 0.049057
180 0.308491 0.308491 0.013208 0.050943
181 0.334906 0.307547 0.028302 0.049057
182 0.366981 0.313208 0.028302 0.060377
183 0.011321 0.376415 0.011321 0.028302
184 0.049057 0.383962 0.037736 0.043396
185 0.103774 0.383962 0.037736 0.043396
186 0.153774 0.383962 0.032075 0.043396
187 0.190566 0.383962 0.037736 0.043396
188 0.240566 0.383962 0.032075 0.043396
189 0.288679 0.383962 0.030189 0.043396
190 0.334906 0.383962 0.035849 0.043396
191 0.385849 0.383962 0.039623 0.043396
192 0.416981 0.383962 0.018868 0.043396
193 0.021698 0.446226 0.032075 0.043396
194 0.074528 0.446226 0.039623 0.043396
195 0.124528 0.446226 0.030189 0.043396
196 0.174528 0.446226 0.043396 0.043396
197 0.232075 0.446226 0.037736 0.043396
198 0.283019 0.446226 0.037736 0.043396
199 0.334906 0.446226 0.035849 0.043396
200 0.375472 0.446226 0.037736 0.043396
201 0.417925 0.446226 0.039623 0.043396
202 0.459434 0.446226 0.032075 0.043396
203 0.022642 0.508491 0.033962 0.043396
204 0.072642 0.508491 0.035849 0.043396
205 0.123585 0.508491 0.035849 0.043396
206 0.169811 0.508491 0.049057 0.043396
207 0.217925 0.508491 0.035849 0.043396
208 0.271698 0.508491 0.037736 0.043396
209 0.318868 0.508491 0.030189 0.043396
210 0.354717 0.511321 0.011321 0.049057
211 0.376415 0.520755 0.005660 0.067925
212 0.391509 0.511321 0.013208 0.049057
213 0.016038 0.601887 0.028302 0.056604
