33 0.022642 0.040566 0.041509 0.043396
34 0.079245 0.040566 0.041509 0.043396
35 0.133962 0.040566 0.041509 0.043396
36 0.190566 0.040566 0.041509 0.043396
37 0.235849 0.040566 0.041509 0.043396
38 0.283019 0.040566 0.041509 0.043396
39 0.339623 0.040566 0.041509 0.043396
40 0.394340 0.040566 0.041509 0.043396
41 0.452830 0.040566 0.041509 0.043396
42 0.500000 0.040566 0.041509 0.043396
43 0.037736 0.102830 0.041509 0.043396
44 0.096226 0.102830 0.041509 0.043396
45 0.139623 0.102830 0.041509 0.043396
46 0.184906 0.102830 0.041509 0.043396
47 0.243396 0.102830 0.041509 0.043396
48 0.301887 0.102830 0.041509 0.043396
49 0.360377 0.102830 0.041509 0.043396
50 0.405660 0.102830 0.041509 0.043396
51 0.462264 0.102830 0.041509 0.043396
52 0.507547 0.102830 0.041509 0.043396
53 0.026415 0.165094 0.041509 0.043396
54 0.071698 0.165094 0.041509 0.043396
55 0.118868 0.165094 0.041509 0.043396
56 0.164151 0.165094 0.041509 0.043396
57 0.209434 0.165094 0.041509 0.043396
58 0.267925 0.165094 0.041509 0.043396
59 0.324528 0.165094 0.041509 0.043396
60 0.381132 0.165094 0.041509 0.043396
61 0.439623 0.165094 0.041509 0.043396
62 0.494340 0.165094 0.041509 0.043396
63 0.037736 0.227358 0.041509 0.043396
64 0.092453 0.227358 0.041509 0.043396
65 0.150943 0.227358 0.041509 0.043396
66 0.207547 0.227358 0.041509 0.043396
67 0.254717 0.227358 0.041509 0.043396
68 0.300000 0.227358 0.041509 0.043396
69 0.345283 0.227358 0.041509 0.043396
70 0.403774 0.227358 0.041509 0.043396
71 0.449057 0.227358 0.041509 0.043396
72 0.494340 0.227358 0.041509 0.043396
73 0.035849 0.289623 0.041509 0.043396
74 0.094340 0.289623 0.041509 0.043396
75 0.149057 0.289623 0.041509 0.043396
76 0.203774 0.289623 0.041509 0.043396
77 0.247170 0.289623 0.041509 0.043396
78 0.301887 0.289623 0.041509 0.043396
79 0.360377 0.289623 0.041509 0.043396
80 0.418868 0.289623 0.041509 0.043396
81 0.477358 0.289623 0.041509 0.043396
82 0.533962 0.289623 0.041509 0.043396
83 0.035849 0.351887 0.041509 0.043396
84 0.092453 0.351887 0.041509 0.043396
85 0.137736 0.351887 0.041509 0.043396
86 0.181132 0.351887 0.041509 0.043396
87 0.218868 0.330189 0.000000 0.000000
88 0.220755 0.330189 0.000000 0.000000
89 0.222642 0.330189 0.000000 0.000000
90 0.226415 0.330189 0.000000 0.000000
91 0.241509 0.330189 0.000000 0.000000
92 0.245283 0.330189 0.000000 0.000000
93 0.003774 0.392453 0.000000 0.000000
94 0.018868 0.392453 0.000000 0.000000
95 0.035849 0.392453 0.000000 0.000000
96 0.037736 0.392453 0.000000 0.000000
97 0.041509 0.392453 0.000000 0.000000
98 0.056604 0.392453 0.000000 0.000000
99 0.062264 0.392453 0.000000 0.000000
100 0.077358 0.392453 0.000000 0.000000
101 0.094340 0.392453 0.000000 0.000000
102 0.098113 0.392453 0.000000 0.000000
103 0.003774 0.411321 0.000000 0.000000
104 0.016981 0.411321 0.000000 0.000000
105 0.030189 0.411321 0.000000 0.000000
106 0.045283 0.411321 0.000000 0.000000
107 0.060377 0.411321 0.000000 0.000000
108 0.073585 0.411321 0.000000 0.000000
109 0.090566 0.411321 0.000000 0.000000
110 0.096226 0.411321 0.000000 0.000000
111 0.111321 0.411321 0.000000 0.000000
112 0.113208 0.411321 0.000000 0.000000
113 0.016981 0.430189 0.000000 0.000000
114 0.018868 0.430189 0.000000 0.000000
115 0.022642 0.430189 0.000000 0.000000
116 0.024528 0.430189 0.000000 0.000000
117 0.039623 0.430189 0.000000 0.000000
118 0.056604 0.430189 0.000000 0.000000
119 0.073585 0.430189 0.000000 0.000000
120 0.093396 0.449057 0.013208 0.037736
121 0.112264 0.447170 0.016981 0.033962
122 0.150943 0.449057 0.033962 0.037736
123 0.017925 0.511321 0.024528 0.049057
124 0.067925 0.505660 0.049057 0.037736
125 0.125472 0.505660 0.039623 0.037736
126 0.150943 0.503774 0.007547 0.033962
127 0.178302 0.512264 0.013208 0.050943
128 0.204717 0.512264 0.013208 0.050943
129 0.235849 0.495283 0.018868 0.016981
130 0.273585 0.503774 0.030189 0.033962
131 0.300000 0.506604 0.015094 0.039623
132 0.332075 0.509434 0.015094 0.045283
