133 0.019811 0.033019 0.005660 0.028302
134 0.036792 0.038679 0.020755 0.039623
135 0.058491 0.038679 0.018868 0.039623
136 0.079245 0.038679 0.011321 0.039623
137 0.107547 0.038679 0.018868 0.039623
138 0.130189 0.038679 0.018868 0.039623
139 0.154717 0.038679 0.018868 0.039623
140 0.175472 0.038679 0.018868 0.039623
141 0.200000 0.038679 0.018868 0.039623
142 0.224528 0.038679 0.018868 0.039623
143 0.011321 0.097170 0.018868 0.039623
144 0.035849 0.097170 0.018868 0.039623
145 0.065094 0.090566 0.005660 0.026415
146 0.074528 0.093396 0.005660 0.032075
147 0.088679 0.085849 0.018868 0.016981
148 0.124528 0.083962 0.018868 0.013208
149 0.158491 0.085849 0.018868 0.016981
150 0.191509 0.097170 0.016981 0.039623
151 0.233019 0.100000 0.035849 0.045283
152 0.278302 0.097170 0.020755 0.039623
153 0.026415 0.161321 0.018868 0.039623
154 0.058491 0.161321 0.018868 0.039623
155 0.092453 0.161321 0.018868 0.039623
156 0.114151 0.161321 0.016981 0.039623
157 0.136792 0.161321 0.016981 0.039623
158 0.171698 0.161321 0.018868 0.039623
159 0.193396 0.161321 0.020755 0.039623
160 0.210377 0.161321 0.005660 0.039623
161 0.223585 0.161321 0.013208 0.039623
162 0.242453 0.161321 0.020755 0.039623
163 0.025472 0.219811 0.016981 0.039623
164 0.060377 0.219811 0.026415 0.039623
165 0.085849 0.219811 0.020755 0.039623
166 0.109434 0.219811 0.018868 0.039623
167 0.143396 0.219811 0.018868 0.039623
168 0.179245 0.220755 0.018868 0.041509
169 0.213208 0.219811 0.018868 0.039623
170 0.236792 0.219811 0.016981 0.039623
171 0.267925 0.219811 0.018868 0.039623
172 0.300000 0.219811 0.018868 0.039623
173 0.027358 0.280189 0.020755 0.039623
174 0.053774 0.280189 0.028302 0.039623
175 0.083962 0.280189 0.020755 0.039623
176 0.122642 0.280189 0.022642 0.039623
177 0.144340 0.280189 0.016981 0.039623
178 0.159434 0.280189 0.009434 0.039623
179 0.191509 0.280189 0.020755 0.039623
180 0.212264 0.280189 0.009434 0.039623
181 0.230189 0.277358 0.018868 0.033962
182 0.268868 0.283019 0.028302 0.045283
183 0.005660 0.333019 0.007547 0.016981
184 0.034906 0.344340 0.020755 0.039623
185 0.056604 0.344340 0.018868 0.039623
186 0.090566 0.344340 0.018868 0.039623
187 0.122642 0.344340 0.018868 0.039623
188 0.146226 0.344340 0.016981 0.039623
189 0.176415 0.344340 0.016981 0.039623
190 0.209434 0.344340 0.018868 0.039623
191 0.244340 0.344340 0.020755 0.039623
192 0.259434 0.344340 0.005660 0.039623
193 0.008491 0.402830 0.013208 0.039623
194 0.029245 0.402830 0.020755 0.039623
195 0.061321 0.402830 0.016981 0.039623
196 0.088679 0.402830 0.026415 0.039623
197 0.114151 0.402830 0.020755 0.039623
198 0.139623 0.402830 0.018868 0.039623
199 0.175472 0.402830 0.018868 0.039623
200 0.196226 0.403774 0.018868 0.041509
201 0.228302 0.402830 0.018868 0.039623
202 0.259434 0.402830 0.016981 0.039623
203 0.011321 0.463208 0.018868 0.039623
204 0.032075 0.463208 0.018868 0.039623
205 0.068868 0.463208 0.020755 0.039623
206 0.106604 0.463208 0.028302 0.039623
207 0.148113 0.463208 0.020755 0.039623
208 0.175472 0.463208 0.022642 0.039623
209 0.199057 0.463208 0.016981 0.039623
210 0.216038 0.463208 0.013208 0.039623
211 0.227358 0.466981 0.005660 0.047170
212 0.241509 0.463208 0.011321 0.039623
213 0.015094 0.537736 0.018868 0.056604
