133 0.008491 0.033019 0.005660 0.028302
134 0.027358 0.043396 0.028302 0.049057
135 0.068868 0.037736 0.024528 0.037736
136 0.094340 0.037736 0.015094 0.037736
137 0.117925 0.037736 0.020755 0.037736
138 0.150943 0.037736 0.018868 0.037736
139 0.189623 0.039623 0.024528 0.041509
140 0.217925 0.038679 0.020755 0.039623
141 0.246226 0.037736 0.024528 0.037736
142 0.281132 0.039623 0.018868 0.041509
143 0.027358 0.105660 0.020755 0.037736
144 0.063208 0.105660 0.024528 0.037736
145 0.091509 0.097170 0.005660 0.020755
146 0.099057 0.101887 0.005660 0.030189
147 0.126415 0.100000 0.022642 0.026415
148 0.151887 0.090566 0.020755 0.007547
149 0.179245 0.100000 0.022642 0.026415
150 0.211321 0.105660 0.011321 0.037736
151 0.253774 0.105660 0.039623 0.037736
152 0.298113 0.105660 0.037736 0.037736
153 0.032075 0.162264 0.030189 0.037736
154 0.066981 0.162264 0.035849 0.037736
155 0.118868 0.162264 0.037736 0.037736
156 0.155660 0.162264 0.028302 0.037736
157 0.200000 0.162264 0.026415 0.037736
158 0.245283 0.162264 0.037736 0.037736
159 0.299057 0.162264 0.039623 0.037736
160 0.332075 0.162264 0.015094 0.037736
161 0.349057 0.167925 0.015094 0.049057
162 0.389623 0.162264 0.035849 0.037736
163 0.017925 0.230189 0.028302 0.037736
164 0.067925 0.230189 0.045283 0.037736
165 0.127358 0.230189 0.039623 0.037736
166 0.183962 0.230189 0.039623 0.037736
167 0.229245 0.230189 0.024528 0.037736
168 0.265094 0.234906 0.039623 0.047170
169 0.316038 0.230189 0.035849 0.037736
170 0.363208 0.230189 0.024528 0.037736
171 0.405660 0.230189 0.033962 0.037736
172 0.446226 0.230189 0.039623 0.037736
173 0.023585 0.297170 0.039623 0.039623
174 0.072642 0.297170 0.054717 0.039623
175 0.131132 0.296226 0.035849 0.037736
176 0.179245 0.296226 0.033962 0.037736
177 0.224528 0.296226 0.026415 0.037736
178 0.257547 0.301887 0.009434 0.049057
179 0.278302 0.301887 0.020755 0.049057
180 0.306604 0.301887 0.009434 0.049057
181 0.338679 0.300000 0.028302 0.045283
182 0.382075 0.284906 0.024528 0.015094
183 0.008491 0.353774 0.005660 0.016981
184 0.034906 0.356604 0.020755 0.022642
185 0.071698 0.366038 0.026415 0.041509
186 0.098113 0.356604 0.018868 0.022642
187 0.137736 0.366038 0.026415 0.041509
188 0.175472 0.356604 0.018868 0.022642
189 0.196226 0.366038 0.018868 0.041509
190 0.219811 0.362264 0.020755 0.033962
191 0.257547 0.366038 0.028302 0.041509
192 0.291509 0.362264 0.009434 0.033962
193 0.019811 0.428302 0.009434 0.045283
194 0.041509 0.426415 0.026415 0.041509
195 0.066038 0.426415 0.011321 0.041509
196 0.107547 0.416981 0.041509 0.022642
197 0.148113 0.416981 0.028302 0.022642
198 0.178302 0.416981 0.024528 0.022642
199 0.219811 0.423585 0.024528 0.035849
200 0.249057 0.422642 0.026415 0.033962
201 0.283962 0.416981 0.016981 0.022642
202 0.315094 0.416981 0.015094 0.022642
203 0.024528 0.483019 0.015094 0.026415
204 0.049057 0.481132 0.026415 0.022642
205 0.089623 0.480189 0.024528 0.020755
206 0.123585 0.481132 0.035849 0.022642
207 0.166981 0.481132 0.024528 0.022642
208 0.192453 0.486792 0.022642 0.033962
209 0.228302 0.481132 0.015094 0.022642
210 0.245283 0.494340 0.011321 0.049057
211 0.265094 0.493396 0.001887 0.047170
212 0.275472 0.494340 0.011321 0.049057
213 0.016981 0.554717 0.022642 0.033962
