33 0.020755 0.033962 0.030189 0.030189
34 0.053774 0.033962 0.024528 0.030189
35 0.096226 0.039623 0.030189 0.041509
36 0.129245 0.033962 0.028302 0.030189
37 0.164151 0.039623 0.033962 0.041509
38 0.199057 0.033962 0.024528 0.030189
39 0.244340 0.035849 0.032075 0.033962
40 0.296226 0.033962 0.037736 0.030189
41 0.344340 0.035849 0.028302 0.033962
42 0.390566 0.033962 0.033962 0.030189
43 0.026415 0.101887 0.045283 0.045283
44 0.078302 0.094340 0.028302 0.030189
45 0.119811 0.096226 0.028302 0.033962
46 0.162264 0.094340 0.026415 0.030189
47 0.190566 0.093396 0.022642 0.028302
48 0.218868 0.084906 0.022642 0.011321
49 0.246226 0.094340 0.024528 0.030189
50 0.295283 0.100943 0.039623 0.043396
51 0.330189 0.083962 0.022642 0.009434
52 0.359434 0.084906 0.024528 0.011321
53 0.014151 0.149057 0.024528 0.011321
54 0.055660 0.149057 0.024528 0.011321
55 0.088679 0.149057 0.007547 0.011321
56 0.104717 0.149057 0.016981 0.011321
57 0.120755 0.146226 0.003774 0.005660
58 0.135849 0.158491 0.015094 0.030189
59 0.175472 0.158491 0.030189 0.030189
60 0.218868 0.166038 0.026415 0.045283
61 0.246226 0.166038 0.024528 0.045283
62 0.276415 0.166038 0.028302 0.045283
63 0.017925 0.228302 0.024528 0.041509
64 0.055660 0.228302 0.024528 0.041509
65 0.091509 0.214151 0.020755 0.013208
66 0.109434 0.213208 0.003774 0.011321
67 0.122642 0.214151 0.018868 0.013208
68 0.146226 0.213208 0.024528 0.011321
69 0.167925 0.213208 0.011321 0.011321
70 0.198113 0.213208 0.018868 0.011321
71 0.217925 0.213208 0.009434 0.011321
72 0.241509 0.216038 0.011321 0.016981
73 0.030189 0.283019 0.030189 0.030189
74 0.076415 0.281132 0.032075 0.026415
75 0.125472 0.281132 0.035849 0.026415
76 0.166981 0.286792 0.035849 0.037736
77 0.204717 0.281132 0.035849 0.026415
78 0.258491 0.286792 0.041509 0.037736
79 0.305660 0.286792 0.041509 0.037736
80 0.356604 0.286792 0.033962 0.037736
81 0.400000 0.286792 0.049057 0.037736
82 0.449057 0.286792 0.041509 0.037736
83 0.037736 0.343396 0.045283 0.037736
84 0.081132 0.339623 0.037736 0.030189
85 0.131132 0.339623 0.054717 0.030189
86 0.179245 0.349057 0.033962 0.049057
87 0.209434 0.324528 0.000000 0.000000
88 0.211321 0.324528 0.000000 0.000000
89 0.216981 0.324528 0.000000 0.000000
90 0.220755 0.324528 0.000000 0.000000
91 0.235849 0.324528 0.000000 0.000000
92 0.239623 0.324528 0.000000 0.000000
93 0.005660 0.392453 0.000000 0.000000
94 0.009434 0.392453 0.000000 0.000000
95 0.022642 0.392453 0.000000 0.000000
96 0.035849 0.392453 0.000000 0.000000
97 0.041509 0.392453 0.000000 0.000000
98 0.054717 0.392453 0.000000 0.000000
99 0.060377 0.392453 0.000000 0.000000
100 0.075472 0.392453 0.000000 0.000000
101 0.092453 0.392453 0.000000 0.000000
102 0.105660 0.392453 0.000000 0.000000
103 0.016981 0.411321 0.000000 0.000000
104 0.020755 0.411321 0.000000 0.000000
105 0.024528 0.411321 0.000000 0.000000
106 0.030189 0.411321 0.000000 0.000000
107 0.033962 0.411321 0.000000 0.000000
108 0.037736 0.411321 0.000000 0.000000
109 0.043396 0.411321 0.000000 0.000000
110 0.045283 0.411321 0.000000 0.000000
111 0.047170 0.411321 0.000000 0.000000
112 0.062264 0.411321 0.000000 0.000000
113 0.013208 0.430189 0.000000 0.000000
114 0.015094 0.430189 0.000000 0.000000
115 0.016981 0.430189 0.000000 0.000000
116 0.033962 0.430189 0.000000 0.000000
117 0.049057 0.430189 0.000000 0.000000
118 0.050943 0.430189 0.000000 0.000000
119 0.067925 0.430189 0.000000 0.000000
120 0.077358 0.450943 0.011321 0.041509
121 0.097170 0.455660 0.020755 0.050943
122 0.142453 0.450943 0.039623 0.041509
123 0.020755 0.526415 0.030189 0.052830
124 0.079245 0.520755 0.060377 0.041509
125 0.144340 0.520755 0.043396 0.041509
126 0.171698 0.525472 0.007547 0.050943
127 0.188679 0.527358 0.018868 0.054717
128 0.210377 0.527358 0.020755 0.054717
129 0.239623 0.513208 0.026415 0.026415
130 0.272642 0.516981 0.035849 0.033962
131 0.311321 0.531132 0.015094 0.062264
132 0.331132 0.522642 0.016981 0.045283
