133 0.017925 0.028302 0.001887 0.018868
134 0.041509 0.037736 0.018868 0.037736
135 0.080189 0.035849 0.028302 0.033962
136 0.107547 0.035849 0.018868 0.033962
137 0.136792 0.036792 0.028302 0.035849
138 0.176415 0.036792 0.024528 0.035849
139 0.211321 0.036792 0.033962 0.035849
140 0.255660 0.035849 0.024528 0.033962
141 0.282075 0.035849 0.024528 0.033962
142 0.322642 0.038679 0.026415 0.039623
143 0.027358 0.095283 0.024528 0.035849
144 0.053774 0.094340 0.024528 0.033962
145 0.070755 0.084906 0.001887 0.015094
146 0.079245 0.086792 0.003774 0.018868
147 0.108491 0.087736 0.020755 0.020755
148 0.142453 0.083019 0.020755 0.011321
149 0.168868 0.087736 0.020755 0.020755
150 0.202830 0.095283 0.020755 0.035849
151 0.233019 0.091509 0.028302 0.028302
152 0.267925 0.095283 0.033962 0.035849
153 0.029245 0.152830 0.028302 0.041509
154 0.073585 0.152830 0.030189 0.041509
155 0.116981 0.150000 0.030189 0.035849
156 0.150000 0.151887 0.024528 0.039623
157 0.191509 0.150000 0.032075 0.035849
158 0.243396 0.151887 0.037736 0.039623
159 0.284906 0.154717 0.041509 0.045283
160 0.330189 0.150000 0.022642 0.035849
161 0.360377 0.152830 0.030189 0.041509
162 0.411321 0.153774 0.045283 0.043396
163 0.020755 0.218868 0.030189 0.045283
164 0.074528 0.216038 0.047170 0.039623
165 0.118868 0.219811 0.037736 0.047170
166 0.159434 0.215094 0.035849 0.037736
167 0.198113 0.215094 0.030189 0.037736
168 0.250000 0.216981 0.039623 0.041509
169 0.286792 0.214151 0.030189 0.035849
170 0.329245 0.218868 0.028302 0.045283
171 0.376415 0.214151 0.039623 0.035849
172 0.420755 0.217925 0.037736 0.043396
173 0.034906 0.283962 0.035849 0.043396
174 0.091509 0.280189 0.047170 0.035849
175 0.141509 0.285849 0.041509 0.047170
176 0.187736 0.287736 0.039623 0.050943
177 0.244340 0.284906 0.043396 0.045283
178 0.276415 0.285849 0.013208 0.047170
179 0.296226 0.281132 0.018868 0.037736
180 0.329245 0.285849 0.013208 0.047170
181 0.362264 0.279245 0.018868 0.033962
182 0.400943 0.269811 0.028302 0.015094
183 0.020755 0.343396 0.007547 0.022642
184 0.049057 0.341509 0.015094 0.018868
185 0.080189 0.350000 0.016981 0.035849
186 0.110377 0.341509 0.013208 0.018868
187 0.143396 0.350000 0.018868 0.035849
188 0.161321 0.341509 0.013208 0.018868
189 0.197170 0.356604 0.024528 0.049057
190 0.225472 0.350000 0.020755 0.035849
191 0.259434 0.350000 0.016981 0.035849
192 0.287736 0.345283 0.005660 0.026415
193 0.023585 0.420755 0.016981 0.041509
194 0.057547 0.416981 0.016981 0.033962
195 0.083962 0.416981 0.005660 0.033962
196 0.105660 0.409434 0.026415 0.018868
197 0.132075 0.409434 0.015094 0.018868
198 0.162264 0.409434 0.015094 0.018868
199 0.183019 0.417925 0.022642 0.035849
200 0.215094 0.417925 0.015094 0.035849
201 0.230189 0.409434 0.011321 0.018868
202 0.245283 0.409434 0.011321 0.018868
203 0.019811 0.473585 0.009434 0.026415
204 0.045283 0.469811 0.015094 0.018868
205 0.073585 0.469811 0.015094 0.018868
206 0.100000 0.469811 0.026415 0.018868
207 0.125472 0.469811 0.016981 0.018868
208 0.161321 0.478302 0.020755 0.035849
209 0.194340 0.469811 0.015094 0.018868
210 0.229245 0.483962 0.020755 0.047170
211 0.244340 0.488679 0.001887 0.056604
212 0.256604 0.483962 0.018868 0.047170
213 0.014151 0.547170 0.020755 0.022642
