133 0.016981 0.037736 0.007547 0.037736
134 0.032075 0.037736 0.015094 0.037736
135 0.065094 0.037736 0.024528 0.037736
136 0.104717 0.037736 0.020755 0.037736
137 0.141509 0.037736 0.022642 0.037736
138 0.179245 0.037736 0.022642 0.037736
139 0.204717 0.037736 0.024528 0.037736
140 0.244340 0.037736 0.024528 0.037736
141 0.283962 0.037736 0.024528 0.037736
142 0.314151 0.037736 0.024528 0.037736
143 0.017925 0.094340 0.024528 0.037736
144 0.055660 0.094340 0.024528 0.037736
145 0.075472 0.088679 0.007547 0.026415
146 0.090566 0.093396 0.011321 0.035849
147 0.127358 0.087736 0.028302 0.024528
148 0.173585 0.082075 0.030189 0.013208
149 0.208491 0.088679 0.028302 0.026415
150 0.246226 0.094340 0.020755 0.037736
151 0.286792 0.100943 0.049057 0.050943
152 0.334906 0.093396 0.039623 0.035849
153 0.018868 0.164151 0.033962 0.037736
154 0.057547 0.164151 0.035849 0.037736
155 0.109434 0.164151 0.037736 0.037736
156 0.150000 0.164151 0.032075 0.037736
157 0.198113 0.164151 0.030189 0.037736
158 0.239623 0.164151 0.041509 0.037736
159 0.286792 0.164151 0.041509 0.037736
160 0.320755 0.164151 0.018868 0.037736
161 0.350000 0.164151 0.028302 0.037736
162 0.402830 0.164151 0.043396 0.037736
163 0.032075 0.220755 0.033962 0.037736
164 0.078302 0.220755 0.050943 0.037736
165 0.128302 0.220755 0.037736 0.037736
166 0.172642 0.220755 0.039623 0.037736
167 0.211321 0.220755 0.030189 0.037736
168 0.248113 0.225472 0.039623 0.047170
169 0.291509 0.220755 0.039623 0.037736
170 0.325472 0.220755 0.024528 0.037736
171 0.356604 0.220755 0.033962 0.037736
172 0.405660 0.220755 0.037736 0.037736
173 0.033019 0.286792 0.039623 0.037736
174 0.083019 0.286792 0.056604 0.037736
175 0.144340 0.286792 0.039623 0.037736
176 0.189623 0.286792 0.039623 0.037736
177 0.243396 0.286792 0.033962 0.037736
178 0.271698 0.292453 0.011321 0.049057
179 0.300000 0.286792 0.015094 0.037736
180 0.326415 0.292453 0.011321 0.049057
181 0.349057 0.286792 0.022642 0.037736
182 0.380189 0.283019 0.028302 0.030189
183 0.008491 0.347170 0.009434 0.022642
184 0.030189 0.349057 0.022642 0.026415
185 0.071698 0.354717 0.026415 0.037736
186 0.110377 0.349057 0.020755 0.026415
187 0.140566 0.354717 0.028302 0.037736
188 0.178302 0.349057 0.020755 0.026415
189 0.216038 0.354717 0.020755 0.037736
190 0.244340 0.354717 0.024528 0.037736
191 0.272642 0.354717 0.028302 0.037736
192 0.306604 0.354717 0.013208 0.037736
193 0.011321 0.416981 0.015094 0.049057
194 0.035849 0.411321 0.030189 0.037736
195 0.059434 0.411321 0.013208 0.037736
196 0.091509 0.405660 0.043396 0.026415
197 0.142453 0.405660 0.028302 0.026415
198 0.183962 0.405660 0.024528 0.026415
199 0.211321 0.411321 0.026415 0.037736
200 0.240566 0.411321 0.028302 0.037736
201 0.267925 0.405660 0.022642 0.026415
202 0.300943 0.405660 0.016981 0.026415
203 0.025472 0.477358 0.016981 0.033962
204 0.053774 0.473585 0.028302 0.026415
205 0.087736 0.473585 0.028302 0.026415
206 0.134906 0.473585 0.039623 0.026415
207 0.183962 0.473585 0.024528 0.026415
208 0.223585 0.479245 0.028302 0.037736
209 0.250943 0.473585 0.022642 0.026415
210 0.283962 0.484906 0.013208 0.049057
211 0.309434 0.484906 0.003774 0.049057
212 0.322642 0.484906 0.015094 0.049057
213 0.030189 0.556604 0.030189 0.056604
