133 0.022642 0.042453 0.011321 0.047170
134 0.057547 0.042453 0.024528 0.047170
135 0.087736 0.038679 0.028302 0.039623
136 0.114151 0.038679 0.016981 0.039623
137 0.141509 0.038679 0.026415 0.039623
138 0.180189 0.038679 0.024528 0.039623
139 0.223585 0.038679 0.028302 0.039623
140 0.265094 0.038679 0.024528 0.039623
141 0.294340 0.038679 0.026415 0.039623
142 0.333962 0.038679 0.026415 0.039623
143 0.019811 0.104717 0.028302 0.039623
144 0.065094 0.104717 0.028302 0.039623
145 0.088679 0.099057 0.011321 0.028302
146 0.116981 0.102830 0.011321 0.035849
147 0.136792 0.096226 0.024528 0.022642
148 0.177358 0.093396 0.026415 0.016981
149 0.217925 0.098113 0.024528 0.026415
150 0.255660 0.104717 0.020755 0.039623
151 0.291509 0.107547 0.047170 0.045283
152 0.336792 0.104717 0.039623 0.039623
153 0.031132 0.168868 0.028302 0.039623
154 0.066038 0.168868 0.030189 0.039623
155 0.100000 0.168868 0.033962 0.039623
156 0.133962 0.168868 0.022642 0.039623
157 0.159434 0.168868 0.020755 0.039623
158 0.202830 0.168868 0.035849 0.039623
159 0.253774 0.168868 0.032075 0.039623
160 0.277358 0.168868 0.007547 0.039623
161 0.292453 0.168868 0.018868 0.039623
162 0.322642 0.168868 0.030189 0.039623
163 0.024528 0.227358 0.022642 0.039623
164 0.059434 0.227358 0.043396 0.039623
165 0.115094 0.227358 0.033962 0.039623
166 0.166981 0.227358 0.039623 0.039623
167 0.204717 0.227358 0.028302 0.039623
168 0.254717 0.230189 0.041509 0.045283
169 0.304717 0.227358 0.032075 0.039623
170 0.350000 0.227358 0.028302 0.039623
171 0.383019 0.227358 0.030189 0.039623
172 0.417925 0.227358 0.032075 0.039623
173 0.032075 0.291509 0.037736 0.039623
174 0.084906 0.291509 0.056604 0.039623
175 0.135849 0.291509 0.033962 0.039623
176 0.175472 0.291509 0.033962 0.039623
177 0.213208 0.291509 0.030189 0.039623
178 0.236792 0.296226 0.013208 0.049057
179 0.271698 0.295283 0.026415 0.047170
180 0.297170 0.296226 0.013208 0.049057
181 0.334906 0.294340 0.028302 0.045283
182 0.377358 0.286792 0.022642 0.030189
183 0.012264 0.353774 0.013208 0.028302
184 0.033019 0.353774 0.024528 0.028302
185 0.061321 0.361321 0.028302 0.043396
186 0.100000 0.353774 0.022642 0.028302
187 0.139623 0.361321 0.030189 0.043396
188 0.169811 0.353774 0.026415 0.028302
189 0.199057 0.361321 0.020755 0.043396
190 0.239623 0.360377 0.030189 0.041509
191 0.284906 0.361321 0.026415 0.043396
192 0.306604 0.361321 0.009434 0.043396
193 0.025472 0.430189 0.016981 0.056604
194 0.063208 0.423585 0.028302 0.043396
195 0.084906 0.423585 0.007547 0.043396
196 0.124528 0.416038 0.045283 0.028302
197 0.162264 0.416038 0.026415 0.028302
198 0.205660 0.416038 0.030189 0.028302
199 0.240566 0.422642 0.028302 0.041509
200 0.284906 0.422642 0.030189 0.041509
201 0.326415 0.416038 0.018868 0.028302
202 0.359434 0.416038 0.020755 0.028302
203 0.024528 0.496226 0.018868 0.037736
204 0.060377 0.491509 0.026415 0.028302
205 0.094340 0.491509 0.030189 0.028302
206 0.134906 0.491509 0.043396 0.028302
207 0.176415 0.491509 0.028302 0.028302
208 0.207547 0.498113 0.030189 0.041509
209 0.237736 0.491509 0.026415 0.028302
210 0.260377 0.501887 0.015094 0.049057
211 0.286792 0.505660 0.007547 0.056604
212 0.313208 0.501887 0.015094 0.049057
213 0.031132 0.581132 0.028302 0.056604
