33 0.027358 0.033019 0.020755 0.028302
34 0.063208 0.033019 0.020755 0.028302
35 0.100943 0.038679 0.024528 0.039623
36 0.141509 0.033019 0.022642 0.028302
37 0.170755 0.038679 0.028302 0.039623
38 0.210377 0.033019 0.020755 0.028302
39 0.236792 0.033962 0.024528 0.030189
40 0.279245 0.033019 0.030189 0.028302
41 0.320755 0.033962 0.022642 0.030189
42 0.358491 0.033019 0.026415 0.028302
43 0.031132 0.095283 0.035849 0.035849
44 0.077358 0.091509 0.022642 0.028302
45 0.102830 0.091509 0.024528 0.028302
46 0.128302 0.091509 0.022642 0.028302
47 0.165094 0.089623 0.016981 0.024528
48 0.187736 0.082075 0.016981 0.009434
49 0.219811 0.091509 0.020755 0.028302
50 0.262264 0.096226 0.030189 0.037736
51 0.300943 0.082075 0.020755 0.009434
52 0.338679 0.083019 0.020755 0.011321
53 0.028302 0.139623 0.022642 0.011321
54 0.051887 0.139623 0.020755 0.011321
55 0.069811 0.138679 0.007547 0.009434
56 0.083019 0.138679 0.015094 0.009434
57 0.095283 0.136792 0.005660 0.005660
58 0.119811 0.148113 0.009434 0.028302
59 0.137736 0.148113 0.022642 0.028302
60 0.160377 0.160377 0.018868 0.052830
61 0.194340 0.160377 0.018868 0.052830
62 0.219811 0.160377 0.020755 0.052830
63 0.027358 0.225472 0.020755 0.039623
64 0.062264 0.225472 0.018868 0.039623
65 0.097170 0.212264 0.020755 0.013208
66 0.121698 0.210377 0.001887 0.009434
67 0.133019 0.211321 0.016981 0.011321
68 0.153774 0.211321 0.020755 0.011321
69 0.182075 0.210377 0.009434 0.009434
70 0.200000 0.212264 0.018868 0.013208
71 0.215094 0.209434 0.007547 0.007547
72 0.229245 0.212264 0.009434 0.013208
73 0.030189 0.277358 0.026415 0.026415
74 0.062264 0.275472 0.026415 0.022642
75 0.092453 0.275472 0.030189 0.022642
76 0.127358 0.281132 0.028302 0.033962
77 0.168868 0.275472 0.028302 0.022642
78 0.209434 0.280189 0.026415 0.032075
79 0.237736 0.280189 0.026415 0.032075
80 0.266981 0.280189 0.024528 0.032075
81 0.299057 0.281132 0.035849 0.033962
82 0.344340 0.280189 0.028302 0.032075
83 0.021698 0.331132 0.032075 0.028302
84 0.067925 0.331132 0.030189 0.028302
85 0.120755 0.329245 0.045283 0.024528
86 0.161321 0.340566 0.024528 0.047170
87 0.177358 0.316981 0.000000 0.000000
88 0.179245 0.316981 0.000000 0.000000
89 0.183019 0.316981 0.000000 0.000000
90 0.188679 0.316981 0.000000 0.000000
91 0.192453 0.316981 0.000000 0.000000
92 0.207547 0.316981 0.000000 0.000000
93 0.005660 0.383019 0.000000 0.000000
94 0.020755 0.383019 0.000000 0.000000
95 0.026415 0.383019 0.000000 0.000000
96 0.043396 0.383019 0.000000 0.000000
97 0.056604 0.383019 0.000000 0.000000
98 0.073585 0.383019 0.000000 0.000000
99 0.079245 0.383019 0.000000 0.000000
100 0.096226 0.383019 0.000000 0.000000
101 0.100000 0.383019 0.000000 0.000000
102 0.103774 0.383019 0.000000 0.000000
103 0.005660 0.401887 0.000000 0.000000
104 0.009434 0.401887 0.000000 0.000000
105 0.015094 0.401887 0.000000 0.000000
106 0.016981 0.401887 0.000000 0.000000
107 0.033962 0.401887 0.000000 0.000000
108 0.050943 0.401887 0.000000 0.000000
109 0.054717 0.401887 0.000000 0.000000
110 0.058491 0.401887 0.000000 0.000000
111 0.062264 0.401887 0.000000 0.000000
112 0.067925 0.401887 0.000000 0.000000
113 0.016981 0.420755 0.000000 0.000000
114 0.022642 0.420755 0.000000 0.000000
115 0.026415 0.420755 0.000000 0.000000
116 0.030189 0.420755 0.000000 0.000000
117 0.045283 0.420755 0.000000 0.000000
118 0.047170 0.420755 0.000000 0.000000
119 0.052830 0.420755 0.000000 0.000000
120 0.072642 0.440566 0.005660 0.039623
121 0.099057 0.440566 0.013208 0.039623
122 0.122642 0.438679 0.030189 0.035849
123 0.027358 0.504717 0.020755 0.050943
124 0.071698 0.499057 0.041509 0.039623
125 0.125472 0.499057 0.039623 0.039623
126 0.152830 0.499057 0.003774 0.039623
127 0.164151 0.503774 0.011321 0.049057
128 0.190566 0.503774 0.011321 0.049057
129 0.219811 0.488679 0.016981 0.018868
130 0.255660 0.492453 0.024528 0.026415
131 0.274528 0.499057 0.005660 0.039623
132 0.301887 0.484906 0.015094 0.011321
