133 0.005660 0.037736 0.007547 0.037736
134 0.033962 0.035849 0.018868 0.033962
135 0.058491 0.035849 0.022642 0.033962
136 0.082075 0.035849 0.013208 0.033962
137 0.115094 0.035849 0.022642 0.033962
138 0.150943 0.035849 0.018868 0.033962
139 0.176415 0.035849 0.024528 0.033962
140 0.214151 0.035849 0.020755 0.033962
141 0.252830 0.035849 0.022642 0.033962
142 0.292453 0.035849 0.022642 0.033962
143 0.023585 0.092453 0.020755 0.033962
144 0.062264 0.092453 0.022642 0.033962
145 0.094340 0.086792 0.007547 0.022642
146 0.104717 0.091509 0.009434 0.032075
147 0.130189 0.089623 0.030189 0.028302
148 0.162264 0.083962 0.030189 0.016981
149 0.205660 0.089623 0.030189 0.028302
150 0.246226 0.092453 0.016981 0.033962
151 0.282075 0.100943 0.047170 0.050943
152 0.330189 0.092453 0.037736 0.033962
153 0.018868 0.162264 0.030189 0.033962
154 0.054717 0.162264 0.030189 0.033962
155 0.091509 0.162264 0.035849 0.033962
156 0.138679 0.162264 0.024528 0.033962
157 0.165094 0.162264 0.024528 0.033962
158 0.207547 0.162264 0.033962 0.033962
159 0.250000 0.162264 0.039623 0.033962
160 0.283962 0.162264 0.016981 0.033962
161 0.318868 0.168868 0.022642 0.047170
162 0.362264 0.162264 0.033962 0.033962
163 0.015094 0.228302 0.026415 0.033962
164 0.066038 0.228302 0.049057 0.033962
165 0.113208 0.228302 0.037736 0.033962
166 0.165094 0.228302 0.035849 0.033962
167 0.210377 0.228302 0.028302 0.033962
168 0.257547 0.234906 0.039623 0.047170
169 0.296226 0.228302 0.033962 0.033962
170 0.325472 0.228302 0.020755 0.033962
171 0.355660 0.228302 0.028302 0.033962
172 0.390566 0.228302 0.037736 0.033962
173 0.030189 0.294340 0.033962 0.033962
174 0.077358 0.294340 0.049057 0.033962
175 0.121698 0.294340 0.035849 0.033962
176 0.171698 0.294340 0.033962 0.033962
177 0.206604 0.294340 0.032075 0.033962
178 0.233019 0.302830 0.013208 0.050943
179 0.254717 0.294340 0.018868 0.033962
180 0.272642 0.303774 0.013208 0.052830
181 0.292453 0.298113 0.022642 0.041509
182 0.323585 0.292453 0.028302 0.030189
183 0.023585 0.363208 0.013208 0.028302
184 0.046226 0.360377 0.020755 0.022642
185 0.084906 0.366981 0.026415 0.035849
186 0.122642 0.360377 0.022642 0.022642
187 0.154717 0.366981 0.030189 0.035849
188 0.198113 0.360377 0.022642 0.022642
189 0.233019 0.366981 0.020755 0.035849
190 0.260377 0.368868 0.026415 0.039623
191 0.293396 0.366981 0.028302 0.035849
192 0.327358 0.366038 0.013208 0.033962
193 0.023585 0.432075 0.013208 0.049057
194 0.059434 0.425472 0.028302 0.035849
195 0.082075 0.425472 0.013208 0.035849
196 0.115094 0.418868 0.041509 0.022642
197 0.165094 0.418868 0.028302 0.022642
198 0.194340 0.418868 0.026415 0.022642
199 0.238679 0.427358 0.028302 0.039623
200 0.282075 0.427358 0.028302 0.039623
201 0.311321 0.418868 0.018868 0.022642
202 0.331132 0.418868 0.016981 0.022642
203 0.012264 0.490566 0.016981 0.030189
204 0.038679 0.486792 0.028302 0.022642
205 0.083019 0.486792 0.026415 0.022642
206 0.133962 0.486792 0.041509 0.022642
207 0.173585 0.486792 0.030189 0.022642
208 0.216038 0.495283 0.028302 0.039623
209 0.254717 0.486792 0.022642 0.022642
210 0.279245 0.501887 0.015094 0.052830
211 0.301887 0.499057 0.003774 0.047170
212 0.315094 0.501887 0.015094 0.052830
213 0.016981 0.575472 0.030189 0.056604
