133 0.006604 0.037736 0.009434 0.037736
134 0.033019 0.042453 0.032075 0.047170
135 0.068868 0.039623 0.032075 0.041509
136 0.110377 0.039623 0.020755 0.041509
137 0.150000 0.039623 0.032075 0.041509
138 0.198113 0.039623 0.030189 0.041509
139 0.245283 0.039623 0.033962 0.041509
140 0.292453 0.039623 0.033962 0.041509
141 0.337736 0.039623 0.030189 0.041509
142 0.374528 0.039623 0.032075 0.041509
143 0.032075 0.105660 0.030189 0.041509
144 0.078302 0.105660 0.032075 0.041509
145 0.114151 0.099057 0.009434 0.028302
146 0.128302 0.102830 0.015094 0.035849
147 0.150943 0.097170 0.018868 0.024528
148 0.176415 0.094340 0.024528 0.018868
149 0.216981 0.098113 0.022642 0.026415
150 0.247170 0.106604 0.026415 0.043396
151 0.301887 0.109434 0.049057 0.049057
152 0.358491 0.105660 0.033962 0.041509
153 0.017925 0.175472 0.032075 0.045283
154 0.068868 0.173585 0.035849 0.041509
155 0.107547 0.176415 0.037736 0.047170
156 0.161321 0.176415 0.035849 0.047170
157 0.199057 0.176415 0.035849 0.047170
158 0.252830 0.176415 0.037736 0.047170
159 0.295283 0.176415 0.043396 0.047170
160 0.347170 0.173585 0.033962 0.041509
161 0.397170 0.174528 0.039623 0.043396
162 0.447170 0.174528 0.033962 0.043396
163 0.027358 0.240566 0.028302 0.043396
164 0.078302 0.240566 0.047170 0.043396
165 0.130189 0.242453 0.045283 0.047170
166 0.191509 0.240566 0.043396 0.043396
167 0.231132 0.241509 0.032075 0.045283
168 0.285849 0.245283 0.047170 0.052830
169 0.338679 0.239623 0.032075 0.041509
170 0.377358 0.240566 0.037736 0.043396
171 0.429245 0.239623 0.039623 0.041509
172 0.485849 0.240566 0.039623 0.043396
173 0.021698 0.312264 0.035849 0.043396
174 0.069811 0.312264 0.056604 0.043396
175 0.124528 0.312264 0.045283 0.043396
176 0.166981 0.312264 0.035849 0.043396
177 0.208491 0.311321 0.043396 0.041509
178 0.254717 0.316981 0.022642 0.052830
179 0.288679 0.313208 0.018868 0.045283
180 0.325472 0.316981 0.024528 0.052830
181 0.355660 0.305660 0.024528 0.030189
182 0.393396 0.313208 0.039623 0.045283
183 0.008491 0.382075 0.013208 0.039623
184 0.042453 0.376415 0.028302 0.028302
185 0.075472 0.383962 0.030189 0.043396
186 0.120755 0.376415 0.026415 0.028302
187 0.152830 0.383962 0.033962 0.043396
188 0.200943 0.376415 0.028302 0.028302
189 0.242453 0.385849 0.028302 0.047170
190 0.290566 0.383962 0.033962 0.043396
191 0.338679 0.383962 0.028302 0.043396
192 0.362264 0.383019 0.015094 0.041509
193 0.017925 0.455660 0.024528 0.054717
194 0.058491 0.450000 0.030189 0.043396
195 0.082075 0.450000 0.013208 0.043396
196 0.123585 0.442453 0.039623 0.028302
197 0.161321 0.442453 0.028302 0.028302
198 0.203774 0.442453 0.026415 0.028302
199 0.248113 0.450000 0.028302 0.043396
200 0.293396 0.449057 0.028302 0.041509
201 0.338679 0.442453 0.028302 0.028302
202 0.369811 0.442453 0.026415 0.028302
203 0.024528 0.520755 0.022642 0.037736
204 0.065094 0.516038 0.028302 0.028302
205 0.098113 0.516038 0.026415 0.028302
206 0.134906 0.516038 0.035849 0.028302
207 0.186792 0.516038 0.033962 0.028302
208 0.222642 0.523585 0.030189 0.043396
209 0.266038 0.516038 0.030189 0.028302
210 0.295283 0.530189 0.024528 0.056604
211 0.316981 0.529245 0.015094 0.054717
212 0.340566 0.530189 0.024528 0.056604
213 0.031132 0.616981 0.032075 0.079245
