133 0.025472 0.047170 0.016981 0.056604
134 0.067925 0.041509 0.037736 0.045283
135 0.134906 0.037736 0.066038 0.037736
136 0.205660 0.037736 0.045283 0.037736
137 0.271698 0.037736 0.060377 0.037736
138 0.335849 0.037736 0.060377 0.037736
139 0.404717 0.037736 0.066038 0.037736
140 0.481132 0.037736 0.060377 0.037736
141 0.545283 0.037736 0.064151 0.037736
142 0.608491 0.037736 0.050943 0.037736
143 0.044340 0.113208 0.062264 0.037736
144 0.124528 0.113208 0.064151 0.037736
145 0.178302 0.108491 0.016981 0.028302
146 0.199057 0.114151 0.016981 0.039623
147 0.225472 0.113208 0.024528 0.037736
148 0.266981 0.101887 0.028302 0.015094
149 0.310377 0.113208 0.024528 0.037736
150 0.359434 0.113208 0.039623 0.037736
151 0.414151 0.113208 0.035849 0.037736
152 0.484906 0.113208 0.079245 0.037736
153 0.050943 0.171698 0.075472 0.037736
154 0.126415 0.172642 0.067925 0.039623
155 0.215094 0.171698 0.079245 0.037736
156 0.308491 0.171698 0.073585 0.037736
157 0.398113 0.171698 0.071698 0.037736
158 0.488679 0.172642 0.079245 0.039623
159 0.574528 0.171698 0.084906 0.037736
160 0.642453 0.171698 0.043396 0.037736
161 0.711321 0.172642 0.060377 0.039623
162 0.785849 0.171698 0.084906 0.037736
163 0.041509 0.230189 0.071698 0.037736
164 0.125472 0.230189 0.092453 0.037736
165 0.213208 0.230189 0.079245 0.037736
166 0.294340 0.231132 0.071698 0.039623
167 0.384906 0.230189 0.075472 0.037736
168 0.462264 0.234906 0.071698 0.047170
169 0.555660 0.230189 0.081132 0.037736
170 0.642453 0.232075 0.062264 0.041509
171 0.707547 0.230189 0.064151 0.037736
172 0.793396 0.231132 0.081132 0.039623
173 0.056604 0.296226 0.079245 0.037736
174 0.162264 0.296226 0.105660 0.037736
175 0.260377 0.296226 0.079245 0.037736
176 0.343396 0.296226 0.075472 0.037736
177 0.418868 0.296226 0.064151 0.037736
178 0.478302 0.300943 0.020755 0.047170
179 0.522642 0.300000 0.037736 0.045283
180 0.554717 0.300943 0.022642 0.047170
181 0.583962 0.296226 0.028302 0.037736
182 0.627358 0.307547 0.028302 0.060377
183 0.023585 0.373585 0.020755 0.033962
184 0.062264 0.369811 0.052830 0.026415
185 0.133019 0.376415 0.054717 0.039623
186 0.184906 0.370755 0.045283 0.028302
187 0.240566 0.376415 0.058491 0.039623
188 0.299057 0.370755 0.047170 0.028302
189 0.361321 0.376415 0.043396 0.039623
190 0.425472 0.376415 0.050943 0.039623
191 0.497170 0.376415 0.066038 0.039623
192 0.550000 0.376415 0.032075 0.039623
193 0.017925 0.440566 0.032075 0.050943
194 0.081132 0.434906 0.067925 0.039623
195 0.147170 0.434906 0.033962 0.039623
196 0.213208 0.428302 0.094340 0.026415
197 0.306604 0.428302 0.062264 0.026415
198 0.381132 0.429245 0.052830 0.028302
199 0.439623 0.433962 0.056604 0.037736
200 0.509434 0.433962 0.056604 0.037736
201 0.566981 0.428302 0.050943 0.026415
202 0.617925 0.428302 0.043396 0.026415
203 0.021698 0.503774 0.035849 0.037736
204 0.074528 0.498113 0.062264 0.026415
205 0.154717 0.498113 0.064151 0.026415
206 0.233962 0.498113 0.090566 0.026415
207 0.326415 0.498113 0.064151 0.026415
208 0.406604 0.503774 0.062264 0.037736
209 0.477358 0.498113 0.049057 0.026415
210 0.531132 0.509434 0.024528 0.049057
211 0.563208 0.508491 0.013208 0.047170
212 0.595283 0.509434 0.024528 0.049057
213 0.028302 0.592453 0.026415 0.079245
