133 0.017925 0.033019 0.005660 0.028302
134 0.054717 0.044340 0.033962 0.050943
135 0.097170 0.037736 0.024528 0.037736
136 0.120755 0.037736 0.018868 0.037736
137 0.157547 0.037736 0.028302 0.037736
138 0.202830 0.037736 0.028302 0.037736
139 0.243396 0.037736 0.026415 0.037736
140 0.287736 0.038679 0.028302 0.039623
141 0.331132 0.037736 0.024528 0.037736
142 0.373585 0.037736 0.026415 0.037736
143 0.016038 0.107547 0.028302 0.037736
144 0.057547 0.107547 0.024528 0.037736
145 0.091509 0.100943 0.009434 0.024528
146 0.116981 0.103774 0.011321 0.030189
147 0.140566 0.100000 0.024528 0.022642
148 0.178302 0.096226 0.024528 0.015094
149 0.219811 0.100000 0.024528 0.022642
150 0.254717 0.107547 0.018868 0.037736
151 0.290566 0.109434 0.041509 0.041509
152 0.329245 0.107547 0.032075 0.037736
153 0.031132 0.167925 0.032075 0.037736
154 0.078302 0.167925 0.028302 0.037736
155 0.110377 0.167925 0.032075 0.037736
156 0.148113 0.167925 0.032075 0.037736
157 0.194340 0.167925 0.030189 0.037736
158 0.236792 0.167925 0.028302 0.037736
159 0.284906 0.167925 0.037736 0.037736
160 0.314151 0.167925 0.016981 0.037736
161 0.340566 0.173585 0.024528 0.049057
162 0.374528 0.167925 0.035849 0.037736
163 0.017925 0.235849 0.024528 0.037736
164 0.057547 0.235849 0.043396 0.037736
165 0.101887 0.235849 0.037736 0.037736
166 0.149057 0.235849 0.030189 0.037736
167 0.183019 0.235849 0.030189 0.037736
168 0.226415 0.241509 0.030189 0.049057
169 0.273585 0.235849 0.030189 0.037736
170 0.304717 0.235849 0.028302 0.037736
171 0.347170 0.235849 0.030189 0.037736
172 0.395283 0.235849 0.032075 0.037736
173 0.019811 0.303774 0.032075 0.037736
174 0.064151 0.303774 0.049057 0.037736
175 0.112264 0.303774 0.035849 0.037736
176 0.160377 0.303774 0.030189 0.037736
177 0.206604 0.303774 0.032075 0.037736
178 0.238679 0.310377 0.020755 0.050943
179 0.271698 0.310377 0.011321 0.050943
180 0.294340 0.310377 0.022642 0.050943
181 0.321698 0.303774 0.020755 0.037736
182 0.346226 0.300000 0.020755 0.030189
183 0.018868 0.368868 0.007547 0.028302
184 0.048113 0.367925 0.024528 0.026415
185 0.085849 0.374528 0.024528 0.039623
186 0.115094 0.367925 0.022642 0.026415
187 0.144340 0.374528 0.028302 0.039623
188 0.171698 0.367925 0.022642 0.026415
189 0.214151 0.380189 0.032075 0.050943
190 0.259434 0.373585 0.028302 0.037736
191 0.300943 0.374528 0.024528 0.039623
192 0.334906 0.373585 0.013208 0.037736
193 0.013208 0.449057 0.022642 0.049057
194 0.043396 0.444340 0.026415 0.039623
195 0.078302 0.444340 0.013208 0.039623
196 0.121698 0.437736 0.039623 0.026415
197 0.170755 0.437736 0.024528 0.026415
198 0.200943 0.437736 0.024528 0.026415
199 0.243396 0.443396 0.026415 0.037736
200 0.274528 0.443396 0.024528 0.037736
201 0.300000 0.437736 0.022642 0.026415
202 0.338679 0.437736 0.020755 0.026415
203 0.010377 0.509434 0.016981 0.033962
204 0.036792 0.505660 0.024528 0.026415
205 0.074528 0.505660 0.024528 0.026415
206 0.110377 0.505660 0.039623 0.026415
207 0.149057 0.505660 0.026415 0.026415
208 0.180189 0.511321 0.032075 0.037736
209 0.225472 0.505660 0.024528 0.026415
210 0.261321 0.517925 0.020755 0.050943
211 0.296226 0.517925 0.015094 0.050943
212 0.320755 0.517925 0.022642 0.050943
213 0.027358 0.590566 0.024528 0.056604
