133 0.019811 0.033019 0.005660 0.028302
134 0.043396 0.039623 0.015094 0.041509
135 0.076415 0.038679 0.024528 0.039623
136 0.114151 0.038679 0.020755 0.039623
137 0.138679 0.038679 0.024528 0.039623
138 0.176415 0.038679 0.024528 0.039623
139 0.203774 0.038679 0.026415 0.039623
140 0.242453 0.038679 0.024528 0.039623
141 0.271698 0.038679 0.026415 0.039623
142 0.310377 0.038679 0.024528 0.039623
143 0.030189 0.099057 0.026415 0.039623
144 0.072642 0.099057 0.024528 0.039623
145 0.093396 0.093396 0.005660 0.028302
146 0.105660 0.097170 0.007547 0.035849
147 0.126415 0.091509 0.030189 0.024528
148 0.173585 0.087736 0.030189 0.016981
149 0.218868 0.090566 0.030189 0.022642
150 0.248113 0.100000 0.020755 0.041509
151 0.283962 0.099057 0.039623 0.039623
152 0.339623 0.100000 0.041509 0.041509
153 0.034906 0.160377 0.035849 0.041509
154 0.071698 0.160377 0.033962 0.041509
155 0.123585 0.160377 0.039623 0.041509
156 0.177358 0.160377 0.033962 0.041509
157 0.223585 0.160377 0.032075 0.041509
158 0.262264 0.160377 0.037736 0.041509
159 0.314151 0.160377 0.039623 0.041509
160 0.360377 0.160377 0.018868 0.041509
161 0.399057 0.160377 0.028302 0.041509
162 0.451887 0.160377 0.043396 0.041509
163 0.020755 0.220755 0.033962 0.041509
164 0.075472 0.220755 0.049057 0.041509
165 0.127358 0.220755 0.043396 0.041509
166 0.184906 0.220755 0.037736 0.041509
167 0.233962 0.220755 0.033962 0.041509
168 0.283019 0.226415 0.037736 0.052830
169 0.324528 0.220755 0.037736 0.041509
170 0.359434 0.220755 0.028302 0.041509
171 0.394340 0.220755 0.033962 0.041509
172 0.434906 0.220755 0.043396 0.041509
173 0.026415 0.292453 0.041509 0.041509
174 0.086792 0.292453 0.052830 0.041509
175 0.137736 0.292453 0.037736 0.041509
176 0.193396 0.292453 0.039623 0.041509
177 0.245283 0.292453 0.030189 0.041509
178 0.267925 0.297170 0.011321 0.050943
179 0.292453 0.292453 0.030189 0.041509
180 0.330189 0.297170 0.011321 0.050943
181 0.349057 0.292453 0.022642 0.041509
182 0.380189 0.286792 0.028302 0.030189
183 0.019811 0.355660 0.009434 0.028302
184 0.051887 0.354717 0.024528 0.026415
185 0.093396 0.362264 0.028302 0.041509
186 0.121698 0.354717 0.020755 0.026415
187 0.148113 0.362264 0.028302 0.041509
188 0.178302 0.354717 0.024528 0.026415
189 0.216038 0.362264 0.020755 0.041509
190 0.256604 0.360377 0.026415 0.037736
191 0.289623 0.362264 0.032075 0.041509
192 0.315094 0.362264 0.015094 0.041509
193 0.019811 0.428302 0.013208 0.052830
194 0.045283 0.422642 0.030189 0.041509
195 0.084906 0.422642 0.015094 0.041509
196 0.118868 0.415094 0.045283 0.026415
197 0.174528 0.415094 0.032075 0.026415
198 0.219811 0.415094 0.024528 0.026415
199 0.250000 0.420755 0.028302 0.037736
200 0.281132 0.420755 0.026415 0.037736
201 0.311321 0.415094 0.022642 0.026415
202 0.335849 0.415094 0.018868 0.026415
203 0.011321 0.490566 0.018868 0.033962
204 0.041509 0.486792 0.030189 0.026415
205 0.073585 0.486792 0.030189 0.026415
206 0.111321 0.486792 0.041509 0.026415
207 0.161321 0.486792 0.028302 0.026415
208 0.191509 0.492453 0.028302 0.037736
209 0.217925 0.486792 0.020755 0.026415
210 0.237736 0.500943 0.015094 0.054717
211 0.264151 0.497170 0.003774 0.047170
212 0.277358 0.500943 0.015094 0.054717
213 0.030189 0.575472 0.030189 0.056604
