133 0.019811 0.033019 0.005660 0.028302
134 0.047170 0.039623 0.015094 0.041509
135 0.072642 0.032075 0.024528 0.026415
136 0.108491 0.032075 0.016981 0.026415
137 0.140566 0.032075 0.020755 0.026415
138 0.177358 0.036792 0.018868 0.035849
139 0.200943 0.036792 0.024528 0.035849
140 0.227358 0.036792 0.016981 0.035849
141 0.252830 0.036792 0.022642 0.035849
142 0.288679 0.035849 0.022642 0.033962
143 0.014151 0.097170 0.020755 0.035849
144 0.039623 0.097170 0.022642 0.035849
145 0.066981 0.091509 0.005660 0.024528
146 0.079245 0.093396 0.007547 0.028302
147 0.100943 0.093396 0.024528 0.028302
148 0.128302 0.085849 0.026415 0.013208
149 0.155660 0.093396 0.024528 0.028302
150 0.188679 0.099057 0.015094 0.039623
151 0.220755 0.099057 0.037736 0.039623
152 0.260377 0.098113 0.037736 0.037736
153 0.032075 0.156604 0.030189 0.037736
154 0.080189 0.157547 0.035849 0.039623
155 0.130189 0.156604 0.037736 0.037736
156 0.177358 0.156604 0.030189 0.037736
157 0.211321 0.156604 0.026415 0.037736
158 0.245283 0.157547 0.037736 0.039623
159 0.300000 0.156604 0.041509 0.037736
160 0.332075 0.156604 0.015094 0.037736
161 0.350943 0.161321 0.015094 0.047170
162 0.379245 0.156604 0.037736 0.037736
163 0.019811 0.222642 0.028302 0.037736
164 0.059434 0.222642 0.047170 0.037736
165 0.106604 0.222642 0.039623 0.037736
166 0.159434 0.223585 0.039623 0.039623
167 0.210377 0.222642 0.028302 0.037736
168 0.246226 0.227358 0.039623 0.047170
169 0.286792 0.222642 0.033962 0.037736
170 0.330189 0.223585 0.022642 0.039623
171 0.370755 0.223585 0.032075 0.039623
172 0.408491 0.222642 0.039623 0.037736
173 0.024528 0.288679 0.037736 0.037736
174 0.075472 0.288679 0.052830 0.037736
175 0.124528 0.288679 0.037736 0.037736
176 0.173585 0.288679 0.033962 0.037736
177 0.210377 0.288679 0.032075 0.037736
178 0.236792 0.294340 0.009434 0.049057
179 0.250943 0.290566 0.015094 0.041509
180 0.266981 0.294340 0.009434 0.049057
181 0.298113 0.292453 0.022642 0.045283
182 0.340566 0.277358 0.028302 0.015094
183 0.016981 0.349057 0.007547 0.022642
184 0.049057 0.350000 0.022642 0.024528
185 0.077358 0.357547 0.026415 0.039623
186 0.117925 0.350000 0.020755 0.024528
187 0.144340 0.357547 0.028302 0.039623
188 0.174528 0.350000 0.020755 0.024528
189 0.199057 0.357547 0.020755 0.039623
190 0.234906 0.356604 0.024528 0.037736
191 0.278302 0.357547 0.028302 0.039623
192 0.302830 0.356604 0.013208 0.037736
193 0.018868 0.421698 0.011321 0.050943
194 0.055660 0.416038 0.028302 0.039623
195 0.088679 0.416038 0.011321 0.039623
196 0.117925 0.408491 0.043396 0.024528
197 0.166981 0.408491 0.028302 0.024528
198 0.207547 0.408491 0.026415 0.024528
199 0.235849 0.416038 0.026415 0.039623
200 0.265094 0.415094 0.028302 0.037736
201 0.303774 0.408491 0.018868 0.024528
202 0.325472 0.408491 0.016981 0.024528
203 0.011321 0.482075 0.015094 0.032075
204 0.050000 0.478302 0.028302 0.024528
205 0.095283 0.478302 0.028302 0.024528
206 0.133019 0.478302 0.039623 0.024528
207 0.179245 0.478302 0.026415 0.024528
208 0.221698 0.485849 0.028302 0.039623
209 0.250943 0.479245 0.022642 0.026415
210 0.283962 0.491509 0.013208 0.050943
211 0.294340 0.494340 0.003774 0.056604
212 0.316038 0.491509 0.013208 0.050943
213 0.015094 0.558491 0.026415 0.033962
