133 0.019811 0.033019 0.005660 0.028302
134 0.052830 0.044340 0.026415 0.050943
135 0.097170 0.042453 0.032075 0.047170
136 0.139623 0.041509 0.018868 0.045283
137 0.166038 0.042453 0.030189 0.047170
138 0.200000 0.042453 0.026415 0.047170
139 0.232075 0.041509 0.026415 0.045283
140 0.263208 0.042453 0.028302 0.047170
141 0.297170 0.042453 0.028302 0.047170
142 0.338679 0.042453 0.024528 0.047170
143 0.016981 0.112264 0.026415 0.047170
144 0.048113 0.112264 0.028302 0.047170
145 0.083019 0.098113 0.007547 0.018868
146 0.094340 0.100000 0.007547 0.022642
147 0.116981 0.096226 0.011321 0.015094
148 0.144340 0.092453 0.016981 0.007547
149 0.164151 0.096226 0.011321 0.015094
150 0.195283 0.109434 0.020755 0.041509
151 0.224528 0.103774 0.030189 0.030189
152 0.260377 0.111321 0.033962 0.045283
153 0.019811 0.178302 0.032075 0.047170
154 0.067925 0.178302 0.030189 0.047170
155 0.116981 0.178302 0.033962 0.047170
156 0.162264 0.178302 0.030189 0.047170
157 0.199057 0.178302 0.032075 0.047170
158 0.245283 0.178302 0.030189 0.047170
159 0.290566 0.178302 0.033962 0.047170
160 0.325472 0.178302 0.032075 0.047170
161 0.373585 0.178302 0.030189 0.047170
162 0.408491 0.178302 0.032075 0.047170
163 0.020755 0.244340 0.037736 0.047170
164 0.065094 0.244340 0.043396 0.047170
165 0.110377 0.244340 0.035849 0.047170
166 0.150943 0.244340 0.033962 0.047170
167 0.190566 0.244340 0.033962 0.047170
168 0.238679 0.245283 0.035849 0.049057
169 0.290566 0.245283 0.033962 0.049057
170 0.335849 0.244340 0.030189 0.047170
171 0.382075 0.244340 0.032075 0.047170
172 0.434906 0.244340 0.039623 0.047170
173 0.024528 0.312264 0.037736 0.047170
174 0.075472 0.312264 0.052830 0.047170
175 0.136792 0.312264 0.035849 0.047170
176 0.187736 0.315094 0.039623 0.052830
177 0.229245 0.312264 0.039623 0.047170
178 0.275472 0.312264 0.022642 0.047170
179 0.308491 0.314151 0.016981 0.050943
180 0.332075 0.312264 0.022642 0.047170
181 0.362264 0.296226 0.011321 0.015094
182 0.389623 0.303774 0.039623 0.030189
183 0.007547 0.371698 0.007547 0.022642
184 0.029245 0.372642 0.028302 0.024528
185 0.057547 0.383962 0.024528 0.047170
186 0.097170 0.372642 0.020755 0.024528
187 0.140566 0.382075 0.032075 0.043396
188 0.168868 0.372642 0.020755 0.024528
189 0.196226 0.389623 0.026415 0.058491
190 0.238679 0.379245 0.024528 0.037736
191 0.266981 0.383019 0.028302 0.045283
192 0.290566 0.376415 0.015094 0.032075
193 0.014151 0.461321 0.024528 0.047170
194 0.044340 0.460377 0.028302 0.045283
195 0.070755 0.459434 0.020755 0.043396
196 0.116981 0.448113 0.041509 0.020755
197 0.167925 0.446226 0.030189 0.016981
198 0.200000 0.449057 0.022642 0.022642
199 0.237736 0.456604 0.026415 0.037736
200 0.276415 0.456604 0.024528 0.037736
201 0.315094 0.450000 0.022642 0.024528
202 0.339623 0.450943 0.018868 0.026415
203 0.010377 0.522642 0.016981 0.037736
204 0.047170 0.513208 0.026415 0.018868
205 0.086792 0.514151 0.022642 0.020755
206 0.132075 0.514151 0.037736 0.020755
207 0.166981 0.515094 0.024528 0.022642
208 0.193396 0.520755 0.024528 0.033962
209 0.233019 0.522642 0.024528 0.037736
210 0.267925 0.527358 0.015094 0.047170
211 0.283962 0.527358 0.005660 0.047170
212 0.298113 0.527358 0.015094 0.047170
213 0.009434 0.581132 0.015094 0.022642
