133 0.004717 0.023585 0.001887 0.009434
134 0.016981 0.039623 0.011321 0.041509
135 0.041509 0.040566 0.011321 0.043396
136 0.056604 0.040566 0.011321 0.043396
137 0.068868 0.040566 0.009434 0.043396
138 0.094340 0.040566 0.011321 0.043396
139 0.109434 0.029245 0.007547 0.020755
140 0.122642 0.041509 0.011321 0.045283
141 0.138679 0.040566 0.009434 0.043396
142 0.151887 0.038679 0.005660 0.039623
143 0.008491 0.106604 0.009434 0.047170
144 0.019811 0.102830 0.009434 0.039623
145 0.042453 0.095283 0.001887 0.024528
146 0.061321 0.097170 0.001887 0.028302
147 0.069811 0.101887 0.011321 0.037736
148 0.096226 0.085849 0.011321 0.005660
149 0.109434 0.100943 0.011321 0.035849
150 0.121698 0.104717 0.005660 0.043396
151 0.150943 0.107547 0.022642 0.049057
152 0.174528 0.104717 0.013208 0.043396
153 0.022642 0.172642 0.011321 0.043396
154 0.048113 0.172642 0.013208 0.043396
155 0.065094 0.172642 0.013208 0.043396
156 0.077358 0.172642 0.007547 0.043396
157 0.090566 0.172642 0.007547 0.043396
158 0.118868 0.172642 0.015094 0.043396
159 0.136792 0.164151 0.009434 0.026415
160 0.160377 0.172642 0.007547 0.043396
161 0.181132 0.175472 0.007547 0.049057
162 0.197170 0.172642 0.013208 0.043396
163 0.007547 0.240566 0.007547 0.043396
164 0.033019 0.239623 0.016981 0.041509
165 0.061321 0.240566 0.013208 0.043396
166 0.091509 0.241509 0.013208 0.045283
167 0.108491 0.240566 0.009434 0.043396
168 0.137736 0.244340 0.015094 0.050943
169 0.156604 0.240566 0.011321 0.043396
170 0.180189 0.241509 0.009434 0.045283
171 0.194340 0.239623 0.015094 0.041509
172 0.214151 0.240566 0.013208 0.043396
173 0.008491 0.310377 0.013208 0.043396
174 0.027358 0.310377 0.020755 0.043396
175 0.058491 0.309434 0.011321 0.041509
176 0.082075 0.301887 0.009434 0.026415
177 0.094340 0.310377 0.007547 0.043396
178 0.104717 0.311321 0.009434 0.045283
179 0.132075 0.309434 0.011321 0.041509
180 0.157547 0.311321 0.009434 0.045283
181 0.183962 0.313208 0.009434 0.049057
182 0.194340 0.288679 0.000000 0.000000
183 0.016981 0.362264 0.007547 0.011321
184 0.033019 0.375472 0.013208 0.037736
185 0.057547 0.375472 0.009434 0.037736
186 0.080189 0.375472 0.009434 0.037736
187 0.106604 0.375472 0.013208 0.037736
188 0.120755 0.375472 0.007547 0.037736
189 0.142453 0.375472 0.009434 0.037736
190 0.166981 0.375472 0.013208 0.037736
191 0.194340 0.375472 0.011321 0.037736
192 0.208491 0.375472 0.009434 0.037736
193 0.016038 0.434906 0.005660 0.043396
194 0.029245 0.432075 0.013208 0.037736
195 0.056604 0.425472 0.007547 0.024528
196 0.073585 0.432075 0.022642 0.037736
197 0.111321 0.431132 0.018868 0.035849
198 0.133019 0.432075 0.013208 0.037736
199 0.150000 0.431132 0.009434 0.035849
200 0.176415 0.438679 0.013208 0.050943
201 0.200943 0.431132 0.009434 0.035849
202 0.215094 0.432075 0.007547 0.037736
203 0.021698 0.500943 0.013208 0.035849
204 0.051887 0.500943 0.013208 0.035849
205 0.069811 0.500943 0.015094 0.035849
206 0.088679 0.502830 0.018868 0.039623
207 0.117925 0.501887 0.009434 0.037736
208 0.129245 0.500000 0.009434 0.033962
209 0.155660 0.501887 0.009434 0.037736
210 0.166981 0.505660 0.005660 0.045283
211 0.173585 0.505660 0.003774 0.045283
212 0.182075 0.505660 0.005660 0.045283
213 0.011321 0.564151 0.011321 0.033962
