33 0.026415 0.033962 0.022642 0.030189
34 0.065094 0.033962 0.024528 0.030189
35 0.093396 0.039623 0.024528 0.041509
36 0.118868 0.033962 0.022642 0.030189
37 0.156604 0.039623 0.026415 0.041509
38 0.185849 0.033962 0.024528 0.030189
39 0.224528 0.035849 0.026415 0.033962
40 0.267925 0.033962 0.030189 0.030189
41 0.300943 0.034906 0.024528 0.032075
42 0.341509 0.033962 0.026415 0.030189
43 0.030189 0.096226 0.033962 0.033962
44 0.060377 0.094340 0.022642 0.030189
45 0.086792 0.094340 0.022642 0.030189
46 0.123585 0.094340 0.020755 0.030189
47 0.159434 0.092453 0.020755 0.026415
48 0.198113 0.084906 0.022642 0.011321
49 0.238679 0.094340 0.024528 0.030189
50 0.276415 0.102830 0.039623 0.047170
51 0.322642 0.083962 0.022642 0.009434
52 0.347170 0.084906 0.022642 0.011321
53 0.024528 0.151887 0.022642 0.013208
54 0.049057 0.150943 0.022642 0.011321
55 0.070755 0.152830 0.009434 0.015094
56 0.097170 0.151887 0.016981 0.013208
57 0.121698 0.148113 0.005660 0.005660
58 0.142453 0.160377 0.009434 0.030189
59 0.161321 0.160377 0.024528 0.030189
60 0.199057 0.170755 0.024528 0.050943
61 0.224528 0.170755 0.022642 0.050943
62 0.260377 0.170755 0.022642 0.050943
63 0.027358 0.234906 0.024528 0.039623
64 0.066981 0.235849 0.020755 0.041509
65 0.104717 0.223585 0.020755 0.016981
66 0.118868 0.219811 0.003774 0.009434
67 0.131132 0.220755 0.013208 0.011321
68 0.163208 0.219811 0.016981 0.009434
69 0.179245 0.219811 0.011321 0.009434
70 0.197170 0.221698 0.016981 0.013208
71 0.223585 0.219811 0.009434 0.009434
72 0.252830 0.224528 0.015094 0.018868
73 0.032075 0.290566 0.030189 0.030189
74 0.064151 0.286792 0.022642 0.022642
75 0.092453 0.288679 0.026415 0.026415
76 0.125472 0.291509 0.028302 0.032075
77 0.166038 0.286792 0.026415 0.022642
78 0.194340 0.290566 0.026415 0.030189
79 0.235849 0.290566 0.026415 0.030189
80 0.277358 0.291509 0.026415 0.032075
81 0.320755 0.291509 0.030189 0.032075
82 0.350943 0.290566 0.026415 0.030189
83 0.017925 0.342453 0.028302 0.032075
84 0.051887 0.342453 0.032075 0.032075
85 0.100943 0.340566 0.058491 0.028302
86 0.159434 0.350000 0.028302 0.047170
87 0.177358 0.326415 0.000000 0.000000
88 0.192453 0.326415 0.000000 0.000000
89 0.198113 0.326415 0.000000 0.000000
90 0.200000 0.326415 0.000000 0.000000
91 0.213208 0.326415 0.000000 0.000000
92 0.216981 0.326415 0.000000 0.000000
93 0.005660 0.392453 0.000000 0.000000
94 0.007547 0.392453 0.000000 0.000000
95 0.013208 0.392453 0.000000 0.000000
96 0.018868 0.392453 0.000000 0.000000
97 0.020755 0.392453 0.000000 0.000000
98 0.037736 0.392453 0.000000 0.000000
99 0.043396 0.392453 0.000000 0.000000
100 0.049057 0.392453 0.000000 0.000000
101 0.052830 0.392453 0.000000 0.000000
102 0.069811 0.392453 0.000000 0.000000
103 0.003774 0.411321 0.000000 0.000000
104 0.005660 0.411321 0.000000 0.000000
105 0.007547 0.411321 0.000000 0.000000
106 0.013208 0.411321 0.000000 0.000000
107 0.030189 0.411321 0.000000 0.000000
108 0.035849 0.411321 0.000000 0.000000
109 0.052830 0.411321 0.000000 0.000000
110 0.066038 0.411321 0.000000 0.000000
111 0.071698 0.411321 0.000000 0.000000
112 0.073585 0.411321 0.000000 0.000000
113 0.005660 0.430189 0.000000 0.000000
114 0.007547 0.430189 0.000000 0.000000
115 0.022642 0.430189 0.000000 0.000000
116 0.028302 0.430189 0.000000 0.000000
117 0.030189 0.430189 0.000000 0.000000
118 0.035849 0.430189 0.000000 0.000000
119 0.037736 0.430189 0.000000 0.000000
120 0.043396 0.452830 0.007547 0.045283
121 0.071698 0.455660 0.018868 0.050943
122 0.113208 0.451887 0.030189 0.043396
123 0.028302 0.525472 0.026415 0.050943
124 0.071698 0.522642 0.033962 0.045283
125 0.106604 0.522642 0.032075 0.045283
126 0.130189 0.525472 0.007547 0.050943
127 0.161321 0.527358 0.024528 0.054717
128 0.200943 0.527358 0.024528 0.054717
129 0.228302 0.512264 0.022642 0.024528
130 0.269811 0.515094 0.030189 0.030189
131 0.292453 0.528302 0.011321 0.056604
132 0.313208 0.511321 0.022642 0.022642
