133 0.007547 0.033019 0.003774 0.028302
134 0.029245 0.038679 0.013208 0.039623
135 0.054717 0.039623 0.033962 0.041509
136 0.093396 0.039623 0.013208 0.041509
137 0.116981 0.039623 0.026415 0.041509
138 0.156604 0.039623 0.022642 0.041509
139 0.185849 0.039623 0.032075 0.041509
140 0.229245 0.039623 0.024528 0.041509
141 0.270755 0.039623 0.024528 0.041509
142 0.300000 0.039623 0.026415 0.041509
143 0.016038 0.100000 0.024528 0.041509
144 0.045283 0.099057 0.026415 0.039623
145 0.075472 0.090566 0.003774 0.022642
146 0.085849 0.093396 0.005660 0.028302
147 0.106604 0.092453 0.028302 0.026415
148 0.152830 0.086792 0.030189 0.015094
149 0.183962 0.094340 0.028302 0.030189
150 0.208491 0.099057 0.013208 0.039623
151 0.240566 0.105660 0.043396 0.052830
152 0.283019 0.100000 0.037736 0.041509
153 0.015094 0.171698 0.026415 0.041509
154 0.048113 0.171698 0.035849 0.041509
155 0.088679 0.171698 0.037736 0.041509
156 0.133962 0.171698 0.022642 0.041509
157 0.170755 0.171698 0.024528 0.041509
158 0.204717 0.171698 0.035849 0.041509
159 0.244340 0.171698 0.039623 0.041509
160 0.274528 0.171698 0.013208 0.041509
161 0.293396 0.175472 0.013208 0.049057
162 0.318868 0.171698 0.030189 0.041509
163 0.016981 0.239623 0.022642 0.041509
164 0.063208 0.239623 0.039623 0.041509
165 0.117925 0.239623 0.039623 0.041509
166 0.162264 0.239623 0.041509 0.041509
167 0.212264 0.239623 0.024528 0.041509
168 0.249057 0.243396 0.041509 0.049057
169 0.286792 0.239623 0.030189 0.041509
170 0.326415 0.239623 0.022642 0.041509
171 0.367925 0.239623 0.033962 0.041509
172 0.404717 0.239623 0.035849 0.041509
173 0.033019 0.306604 0.032075 0.039623
174 0.092453 0.306604 0.052830 0.039623
175 0.151887 0.307547 0.039623 0.041509
176 0.200943 0.307547 0.032075 0.041509
177 0.250000 0.307547 0.032075 0.041509
178 0.277358 0.310377 0.011321 0.047170
179 0.303774 0.305660 0.015094 0.037736
180 0.322642 0.310377 0.011321 0.047170
181 0.343396 0.307547 0.022642 0.041509
182 0.370755 0.301887 0.028302 0.030189
183 0.016038 0.361321 0.005660 0.016981
184 0.052830 0.373585 0.037736 0.041509
185 0.101887 0.373585 0.026415 0.041509
186 0.136792 0.373585 0.035849 0.041509
187 0.177358 0.373585 0.037736 0.041509
188 0.211321 0.373585 0.022642 0.041509
189 0.250000 0.373585 0.024528 0.041509
190 0.295283 0.373585 0.035849 0.041509
191 0.334906 0.373585 0.039623 0.041509
192 0.363208 0.373585 0.013208 0.041509
193 0.012264 0.437736 0.013208 0.049057
194 0.050943 0.433962 0.030189 0.041509
195 0.094340 0.433962 0.022642 0.041509
196 0.129245 0.433962 0.039623 0.041509
197 0.170755 0.433962 0.039623 0.041509
198 0.216981 0.433962 0.041509 0.041509
199 0.263208 0.433962 0.024528 0.041509
200 0.301887 0.437736 0.041509 0.049057
201 0.343396 0.433962 0.030189 0.041509
202 0.375472 0.433962 0.022642 0.041509
203 0.033962 0.501887 0.033962 0.041509
204 0.083962 0.501887 0.035849 0.041509
205 0.119811 0.500943 0.032075 0.039623
206 0.177358 0.500943 0.052830 0.039623
207 0.227358 0.501887 0.039623 0.041509
208 0.266981 0.501887 0.032075 0.041509
209 0.300943 0.501887 0.032075 0.041509
210 0.337736 0.504717 0.011321 0.047170
211 0.360377 0.504717 0.003774 0.047170
212 0.381132 0.504717 0.011321 0.047170
213 0.018868 0.575472 0.030189 0.056604
