133 0.008491 0.037736 0.005660 0.037736
134 0.024528 0.040566 0.018868 0.043396
135 0.062264 0.037736 0.022642 0.037736
136 0.099057 0.036792 0.020755 0.035849
137 0.135849 0.037736 0.026415 0.037736
138 0.167925 0.037736 0.026415 0.037736
139 0.193396 0.037736 0.020755 0.037736
140 0.218868 0.037736 0.026415 0.037736
141 0.256604 0.037736 0.022642 0.037736
142 0.283019 0.037736 0.026415 0.037736
143 0.017925 0.100000 0.024528 0.037736
144 0.056604 0.100000 0.022642 0.037736
145 0.087736 0.093396 0.009434 0.024528
146 0.101887 0.094340 0.011321 0.026415
147 0.133962 0.100943 0.022642 0.039623
148 0.175472 0.085849 0.030189 0.009434
149 0.216981 0.100943 0.022642 0.039623
150 0.240566 0.100000 0.020755 0.037736
151 0.269811 0.100000 0.033962 0.037736
152 0.311321 0.100000 0.022642 0.037736
153 0.017925 0.158491 0.024528 0.037736
154 0.047170 0.158491 0.022642 0.037736
155 0.084906 0.158491 0.026415 0.037736
156 0.113208 0.158491 0.026415 0.037736
157 0.156604 0.158491 0.026415 0.037736
158 0.195283 0.158491 0.024528 0.037736
159 0.233962 0.158491 0.026415 0.037736
160 0.264151 0.158491 0.022642 0.037736
161 0.291509 0.158491 0.024528 0.037736
162 0.317925 0.158491 0.024528 0.037736
163 0.026415 0.215094 0.018868 0.037736
164 0.066981 0.215094 0.028302 0.037736
165 0.096226 0.215094 0.026415 0.037736
166 0.122642 0.215094 0.022642 0.037736
167 0.163208 0.215094 0.024528 0.037736
168 0.201887 0.215094 0.022642 0.037736
169 0.231132 0.215094 0.024528 0.037736
170 0.258491 0.215094 0.022642 0.037736
171 0.296226 0.215094 0.018868 0.037736
172 0.323585 0.215094 0.024528 0.037736
173 0.015094 0.270755 0.022642 0.035849
174 0.043396 0.271698 0.026415 0.037736
175 0.071698 0.271698 0.026415 0.037736
176 0.113208 0.271698 0.022642 0.037736
177 0.154717 0.271698 0.026415 0.037736
178 0.182075 0.272642 0.024528 0.039623
179 0.216981 0.274528 0.018868 0.043396
180 0.241509 0.272642 0.022642 0.039623
181 0.264151 0.271698 0.018868 0.037736
182 0.292453 0.260377 0.033962 0.015094
183 0.018868 0.326415 0.011321 0.022642
184 0.049057 0.330189 0.022642 0.030189
185 0.074528 0.330189 0.024528 0.030189
186 0.110377 0.330189 0.020755 0.030189
187 0.134906 0.330189 0.024528 0.030189
188 0.172642 0.330189 0.024528 0.030189
189 0.214151 0.330189 0.024528 0.030189
190 0.254717 0.330189 0.022642 0.030189
191 0.282075 0.330189 0.024528 0.030189
192 0.317925 0.330189 0.016981 0.030189
193 0.028302 0.379245 0.022642 0.030189
194 0.064151 0.379245 0.022642 0.030189
195 0.100000 0.379245 0.018868 0.030189
196 0.136792 0.379245 0.028302 0.030189
197 0.165094 0.379245 0.024528 0.030189
198 0.193396 0.379245 0.020755 0.030189
199 0.218868 0.379245 0.022642 0.030189
200 0.257547 0.379245 0.020755 0.030189
201 0.294340 0.379245 0.022642 0.030189
202 0.331132 0.379245 0.020755 0.030189
203 0.026415 0.428302 0.018868 0.030189
204 0.062264 0.428302 0.022642 0.030189
205 0.098113 0.427358 0.022642 0.028302
206 0.123585 0.428302 0.024528 0.030189
207 0.161321 0.428302 0.024528 0.030189
208 0.186792 0.428302 0.022642 0.030189
209 0.212264 0.428302 0.024528 0.030189
210 0.250943 0.433962 0.018868 0.041509
211 0.264151 0.443396 0.003774 0.060377
212 0.288679 0.433962 0.018868 0.041509
213 0.016981 0.515094 0.030189 0.045283
