133 0.020755 0.037736 0.007547 0.037736
134 0.046226 0.043396 0.032075 0.049057
135 0.088679 0.036792 0.026415 0.035849
136 0.118868 0.036792 0.022642 0.035849
137 0.150000 0.036792 0.028302 0.035849
138 0.179245 0.036792 0.026415 0.035849
139 0.222642 0.036792 0.026415 0.035849
140 0.262264 0.036792 0.026415 0.035849
141 0.294340 0.036792 0.026415 0.035849
142 0.322642 0.036792 0.026415 0.035849
143 0.016981 0.104717 0.026415 0.035849
144 0.049057 0.104717 0.026415 0.035849
145 0.073585 0.100000 0.011321 0.026415
146 0.100000 0.103774 0.015094 0.033962
147 0.122642 0.099057 0.026415 0.024528
148 0.165094 0.095283 0.024528 0.016981
149 0.191509 0.099057 0.024528 0.024528
150 0.229245 0.105660 0.020755 0.037736
151 0.267925 0.109434 0.045283 0.045283
152 0.308491 0.104717 0.032075 0.035849
153 0.017925 0.168868 0.028302 0.035849
154 0.059434 0.168868 0.028302 0.035849
155 0.095283 0.168868 0.032075 0.035849
156 0.126415 0.168868 0.026415 0.035849
157 0.169811 0.168868 0.026415 0.035849
158 0.215094 0.168868 0.033962 0.035849
159 0.266038 0.168868 0.033962 0.035849
160 0.302830 0.168868 0.013208 0.035849
161 0.321698 0.168868 0.020755 0.035849
162 0.361321 0.168868 0.032075 0.035849
163 0.013208 0.223585 0.018868 0.035849
164 0.048113 0.223585 0.047170 0.035849
165 0.095283 0.223585 0.035849 0.035849
166 0.135849 0.223585 0.033962 0.035849
167 0.182075 0.223585 0.028302 0.035849
168 0.228302 0.226415 0.033962 0.041509
169 0.276415 0.223585 0.028302 0.035849
170 0.305660 0.223585 0.026415 0.035849
171 0.338679 0.223585 0.028302 0.035849
172 0.375472 0.223585 0.033962 0.035849
173 0.020755 0.283962 0.030189 0.035849
174 0.073585 0.283962 0.049057 0.035849
175 0.132075 0.283962 0.033962 0.035849
176 0.167925 0.283962 0.026415 0.035849
177 0.208491 0.283962 0.028302 0.035849
178 0.236792 0.289623 0.020755 0.047170
179 0.268868 0.290566 0.013208 0.049057
180 0.302830 0.289623 0.020755 0.047170
181 0.342453 0.288679 0.024528 0.045283
182 0.385849 0.288679 0.028302 0.045283
183 0.017925 0.348113 0.009434 0.028302
184 0.050943 0.347170 0.026415 0.026415
185 0.081132 0.352830 0.026415 0.037736
186 0.117925 0.347170 0.020755 0.026415
187 0.148113 0.352830 0.028302 0.037736
188 0.176415 0.347170 0.024528 0.026415
189 0.215094 0.357547 0.026415 0.047170
190 0.254717 0.351887 0.026415 0.035849
191 0.282075 0.352830 0.024528 0.037736
192 0.314151 0.352830 0.013208 0.037736
193 0.023585 0.423585 0.020755 0.047170
194 0.064151 0.418868 0.026415 0.037736
195 0.087736 0.418868 0.013208 0.037736
196 0.116981 0.413208 0.041509 0.026415
197 0.152830 0.413208 0.026415 0.026415
198 0.192453 0.413208 0.026415 0.026415
199 0.223585 0.417925 0.028302 0.035849
200 0.256604 0.417925 0.026415 0.035849
201 0.292453 0.413208 0.018868 0.026415
202 0.325472 0.413208 0.020755 0.026415
203 0.021698 0.483019 0.016981 0.033962
204 0.045283 0.479245 0.026415 0.026415
205 0.071698 0.479245 0.022642 0.026415
206 0.116038 0.479245 0.039623 0.026415
207 0.165094 0.479245 0.028302 0.026415
208 0.206604 0.483962 0.024528 0.035849
209 0.233962 0.479245 0.022642 0.026415
210 0.270755 0.490566 0.020755 0.049057
211 0.292453 0.489623 0.015094 0.047170
212 0.322642 0.490566 0.018868 0.049057
213 0.028302 0.567925 0.026415 0.067925
