133 0.018868 0.037736 0.007547 0.037736
134 0.045283 0.038679 0.018868 0.039623
135 0.067925 0.036792 0.022642 0.035849
136 0.090566 0.036792 0.018868 0.035849
137 0.127358 0.036792 0.020755 0.035849
138 0.154717 0.036792 0.022642 0.035849
139 0.182075 0.036792 0.020755 0.035849
140 0.205660 0.036792 0.022642 0.035849
141 0.231132 0.036792 0.020755 0.035849
142 0.268868 0.036792 0.020755 0.035849
143 0.024528 0.095283 0.018868 0.035849
144 0.048113 0.095283 0.020755 0.035849
145 0.075472 0.089623 0.007547 0.024528
146 0.101887 0.092453 0.011321 0.030189
147 0.124528 0.091509 0.026415 0.028302
148 0.156604 0.082075 0.026415 0.009434
149 0.200000 0.091509 0.026415 0.028302
150 0.240566 0.094340 0.020755 0.033962
151 0.266981 0.096226 0.020755 0.037736
152 0.307547 0.094340 0.030189 0.033962
153 0.026415 0.150943 0.026415 0.033962
154 0.054717 0.150943 0.026415 0.033962
155 0.098113 0.150943 0.026415 0.033962
156 0.128302 0.150943 0.026415 0.033962
157 0.156604 0.150943 0.026415 0.033962
158 0.189623 0.150943 0.028302 0.033962
159 0.230189 0.150943 0.026415 0.033962
160 0.258491 0.150943 0.018868 0.033962
161 0.296226 0.150943 0.026415 0.033962
162 0.336792 0.150943 0.028302 0.033962
163 0.015094 0.203774 0.026415 0.033962
164 0.050000 0.203774 0.032075 0.033962
165 0.084906 0.203774 0.030189 0.033962
166 0.130189 0.203774 0.026415 0.033962
167 0.168868 0.203774 0.024528 0.033962
168 0.196226 0.207547 0.026415 0.041509
169 0.238679 0.203774 0.028302 0.033962
170 0.279245 0.203774 0.022642 0.033962
171 0.309434 0.203774 0.026415 0.033962
172 0.341509 0.203774 0.026415 0.033962
173 0.021698 0.264151 0.032075 0.033962
174 0.058491 0.264151 0.030189 0.033962
175 0.090566 0.264151 0.030189 0.033962
176 0.122642 0.264151 0.026415 0.033962
177 0.160377 0.264151 0.022642 0.033962
178 0.182075 0.268868 0.009434 0.043396
179 0.198113 0.266981 0.018868 0.039623
180 0.214151 0.268868 0.009434 0.043396
181 0.241509 0.260377 0.018868 0.026415
182 0.284906 0.254717 0.033962 0.015094
183 0.005660 0.320755 0.007547 0.022642
184 0.037736 0.321698 0.026415 0.024528
185 0.066981 0.327358 0.028302 0.035849
186 0.097170 0.321698 0.024528 0.024528
187 0.129245 0.327358 0.028302 0.035849
188 0.173585 0.321698 0.026415 0.024528
189 0.214151 0.327358 0.024528 0.035849
190 0.257547 0.327358 0.028302 0.035849
191 0.290566 0.327358 0.026415 0.035849
192 0.328302 0.327358 0.022642 0.035849
193 0.010377 0.387736 0.016981 0.047170
194 0.047170 0.382075 0.026415 0.035849
195 0.088679 0.382075 0.022642 0.035849
196 0.132075 0.376415 0.030189 0.024528
197 0.162264 0.376415 0.026415 0.024528
198 0.203774 0.376415 0.026415 0.024528
199 0.244340 0.382075 0.028302 0.035849
200 0.278302 0.382075 0.028302 0.035849
201 0.321698 0.376415 0.024528 0.024528
202 0.362264 0.376415 0.022642 0.024528
203 0.018868 0.447170 0.026415 0.033962
204 0.058491 0.442453 0.026415 0.024528
205 0.092453 0.442453 0.030189 0.024528
206 0.128302 0.442453 0.030189 0.024528
207 0.169811 0.442453 0.026415 0.024528
208 0.202830 0.448113 0.028302 0.035849
209 0.242453 0.442453 0.020755 0.024528
210 0.275472 0.451887 0.011321 0.043396
211 0.286792 0.449057 0.003774 0.037736
212 0.309434 0.451887 0.011321 0.043396
213 0.028302 0.515094 0.022642 0.045283
