133 0.006604 0.042453 0.009434 0.047170
134 0.021698 0.036792 0.013208 0.035849
135 0.062264 0.037736 0.033962 0.037736
136 0.092453 0.035849 0.015094 0.033962
137 0.124528 0.036792 0.022642 0.035849
138 0.161321 0.037736 0.020755 0.037736
139 0.190566 0.037736 0.030189 0.037736
140 0.234906 0.038679 0.024528 0.039623
141 0.264151 0.037736 0.026415 0.037736
142 0.305660 0.036792 0.026415 0.035849
143 0.026415 0.103774 0.022642 0.037736
144 0.053774 0.104717 0.024528 0.039623
145 0.088679 0.096226 0.011321 0.022642
146 0.103774 0.098113 0.011321 0.026415
147 0.130189 0.100943 0.030189 0.032075
148 0.162264 0.095283 0.030189 0.020755
149 0.194340 0.100943 0.030189 0.032075
150 0.226415 0.102830 0.022642 0.035849
151 0.281132 0.111321 0.052830 0.052830
152 0.360377 0.109434 0.071698 0.049057
153 0.031132 0.182075 0.058491 0.050943
154 0.085849 0.182075 0.047170 0.050943
155 0.145283 0.181132 0.067925 0.049057
156 0.216038 0.182075 0.039623 0.050943
157 0.270755 0.182075 0.066038 0.050943
158 0.328302 0.182075 0.041509 0.050943
159 0.384906 0.182075 0.041509 0.050943
160 0.434906 0.182075 0.047170 0.050943
161 0.505660 0.182075 0.064151 0.050943
162 0.577358 0.182075 0.075472 0.050943
163 0.044340 0.251887 0.062264 0.050943
164 0.117925 0.251887 0.081132 0.050943
165 0.200943 0.251887 0.081132 0.050943
166 0.278302 0.251887 0.062264 0.050943
167 0.350943 0.251887 0.049057 0.050943
168 0.421698 0.251887 0.058491 0.050943
169 0.479245 0.250943 0.052830 0.049057
170 0.533019 0.250943 0.047170 0.049057
171 0.596226 0.250943 0.052830 0.049057
172 0.669811 0.251887 0.064151 0.050943
173 0.035849 0.320755 0.067925 0.049057
174 0.122642 0.320755 0.079245 0.049057
175 0.215094 0.321698 0.075472 0.050943
176 0.291509 0.321698 0.066038 0.050943
177 0.365094 0.322642 0.069811 0.052830
178 0.422642 0.318868 0.011321 0.045283
179 0.448113 0.314151 0.013208 0.035849
180 0.475472 0.318868 0.011321 0.045283
181 0.495283 0.316981 0.024528 0.041509
182 0.523585 0.311321 0.028302 0.030189
183 0.020755 0.379245 0.007547 0.022642
184 0.039623 0.380189 0.022642 0.024528
185 0.079245 0.386792 0.022642 0.037736
186 0.106604 0.380189 0.020755 0.024528
187 0.142453 0.386792 0.024528 0.037736
188 0.182075 0.379245 0.020755 0.022642
189 0.217925 0.388679 0.020755 0.041509
190 0.252830 0.386792 0.022642 0.037736
191 0.281132 0.387736 0.022642 0.039623
192 0.302830 0.386792 0.013208 0.037736
193 0.025472 0.453774 0.016981 0.050943
194 0.061321 0.447170 0.024528 0.037736
195 0.094340 0.447170 0.011321 0.037736
196 0.131132 0.440566 0.035849 0.024528
197 0.162264 0.440566 0.022642 0.024528
198 0.187736 0.440566 0.024528 0.024528
199 0.218868 0.448113 0.026415 0.039623
200 0.249057 0.447170 0.022642 0.037736
201 0.283962 0.440566 0.016981 0.024528
202 0.308491 0.439623 0.024528 0.022642
203 0.020755 0.512264 0.015094 0.028302
204 0.054717 0.511321 0.022642 0.026415
205 0.095283 0.511321 0.024528 0.026415
206 0.141509 0.510377 0.041509 0.024528
207 0.175472 0.512264 0.022642 0.028302
208 0.202830 0.516981 0.024528 0.037736
209 0.243396 0.511321 0.022642 0.026415
210 0.277358 0.525472 0.015094 0.054717
211 0.303774 0.523585 0.007547 0.050943
212 0.332075 0.525472 0.015094 0.054717
213 0.032075 0.605660 0.030189 0.067925
