33 0.016038 0.033962 0.020755 0.030189
34 0.050000 0.033962 0.020755 0.030189
35 0.076415 0.033962 0.020755 0.030189
36 0.112264 0.033962 0.020755 0.030189
37 0.134906 0.033962 0.020755 0.030189
38 0.157547 0.033962 0.020755 0.030189
39 0.180189 0.033962 0.020755 0.030189
40 0.217925 0.033962 0.020755 0.030189
41 0.251887 0.033962 0.020755 0.030189
42 0.285849 0.033962 0.020755 0.030189
43 0.012264 0.083019 0.020755 0.030189
44 0.036792 0.083019 0.020755 0.030189
45 0.061321 0.083019 0.020755 0.030189
46 0.099057 0.083019 0.020755 0.030189
47 0.133019 0.083019 0.020755 0.030189
48 0.155660 0.083019 0.020755 0.030189
49 0.182075 0.083019 0.020755 0.030189
50 0.216038 0.083019 0.020755 0.030189
51 0.250000 0.083019 0.020755 0.030189
52 0.283962 0.083019 0.020755 0.030189
53 0.012264 0.132075 0.020755 0.030189
54 0.036792 0.132075 0.020755 0.030189
55 0.072642 0.132075 0.020755 0.030189
56 0.095283 0.132075 0.020755 0.030189
57 0.129245 0.132075 0.020755 0.030189
58 0.153774 0.132075 0.020755 0.030189
59 0.189623 0.132075 0.020755 0.030189
60 0.216038 0.132075 0.020755 0.030189
61 0.253774 0.132075 0.020755 0.030189
62 0.291509 0.132075 0.020755 0.030189
63 0.016038 0.181132 0.020755 0.030189
64 0.042453 0.181132 0.020755 0.030189
65 0.068868 0.181132 0.020755 0.030189
66 0.106604 0.181132 0.020755 0.030189
67 0.129245 0.181132 0.020755 0.030189
68 0.166981 0.181132 0.020755 0.030189
69 0.193396 0.181132 0.020755 0.030189
70 0.229245 0.181132 0.020755 0.030189
71 0.266981 0.181132 0.020755 0.030189
72 0.289623 0.181132 0.020755 0.030189
73 0.025472 0.230189 0.020755 0.030189
74 0.050000 0.230189 0.020755 0.030189
75 0.085849 0.230189 0.020755 0.030189
76 0.110377 0.230189 0.020755 0.030189
77 0.134906 0.230189 0.020755 0.030189
78 0.168868 0.230189 0.020755 0.030189
79 0.193396 0.230189 0.020755 0.030189
80 0.219811 0.230189 0.020755 0.030189
81 0.255660 0.230189 0.020755 0.030189
82 0.293396 0.230189 0.020755 0.030189
83 0.023585 0.279245 0.020755 0.030189
84 0.057547 0.279245 0.020755 0.030189
85 0.095283 0.279245 0.020755 0.030189
86 0.131132 0.279245 0.020755 0.030189
87 0.145283 0.264151 0.000000 0.000000
88 0.150943 0.264151 0.000000 0.000000
89 0.154717 0.264151 0.000000 0.000000
90 0.171698 0.264151 0.000000 0.000000
91 0.186792 0.264151 0.000000 0.000000
92 0.203774 0.264151 0.000000 0.000000
93 0.015094 0.313208 0.000000 0.000000
94 0.018868 0.313208 0.000000 0.000000
95 0.022642 0.313208 0.000000 0.000000
96 0.035849 0.313208 0.000000 0.000000
97 0.050943 0.313208 0.000000 0.000000
98 0.067925 0.313208 0.000000 0.000000
99 0.084906 0.313208 0.000000 0.000000
100 0.101887 0.313208 0.000000 0.000000
101 0.105660 0.313208 0.000000 0.000000
102 0.111321 0.313208 0.000000 0.000000
103 0.005660 0.332075 0.000000 0.000000
104 0.011321 0.332075 0.000000 0.000000
105 0.028302 0.332075 0.000000 0.000000
106 0.045283 0.332075 0.000000 0.000000
107 0.050943 0.332075 0.000000 0.000000
108 0.054717 0.332075 0.000000 0.000000
109 0.056604 0.332075 0.000000 0.000000
110 0.062264 0.332075 0.000000 0.000000
111 0.079245 0.332075 0.000000 0.000000
112 0.081132 0.332075 0.000000 0.000000
113 0.003774 0.350943 0.000000 0.000000
114 0.009434 0.350943 0.000000 0.000000
115 0.011321 0.350943 0.000000 0.000000
116 0.026415 0.350943 0.000000 0.000000
117 0.043396 0.350943 0.000000 0.000000
118 0.045283 0.350943 0.000000 0.000000
119 0.062264 0.350943 0.000000 0.000000
120 0.068868 0.364151 0.005660 0.026415
121 0.091509 0.365094 0.009434 0.028302
122 0.119811 0.362264 0.016981 0.022642
123 0.010377 0.412264 0.016981 0.028302
124 0.045283 0.411321 0.026415 0.026415
125 0.073585 0.411321 0.026415 0.026415
126 0.090566 0.412264 0.003774 0.028302
127 0.102830 0.416981 0.009434 0.037736
128 0.116038 0.416981 0.009434 0.037736
129 0.143396 0.403774 0.011321 0.011321
130 0.171698 0.407547 0.018868 0.018868
131 0.201887 0.417925 0.007547 0.039623
132 0.226415 0.403774 0.007547 0.011321
