33 0.016981 0.050000 0.030189 0.062264
34 0.052830 0.050000 0.030189 0.062264
35 0.084906 0.050000 0.030189 0.062264
36 0.132075 0.050000 0.030189 0.062264
37 0.166038 0.050000 0.030189 0.062264
38 0.200000 0.050000 0.030189 0.062264
39 0.233962 0.050000 0.030189 0.062264
40 0.266038 0.050000 0.030189 0.062264
41 0.298113 0.050000 0.030189 0.062264
42 0.341509 0.050000 0.030189 0.062264
43 0.032075 0.131132 0.030189 0.062264
44 0.067925 0.131132 0.030189 0.062264
45 0.115094 0.131132 0.030189 0.062264
46 0.160377 0.131132 0.030189 0.062264
47 0.192453 0.131132 0.030189 0.062264
48 0.224528 0.131132 0.030189 0.062264
49 0.258491 0.131132 0.030189 0.062264
50 0.305660 0.131132 0.030189 0.062264
51 0.352830 0.131132 0.030189 0.062264
52 0.388679 0.131132 0.030189 0.062264
53 0.020755 0.212264 0.030189 0.062264
54 0.056604 0.212264 0.030189 0.062264
55 0.088679 0.212264 0.030189 0.062264
56 0.132075 0.212264 0.030189 0.062264
57 0.166038 0.212264 0.030189 0.062264
58 0.209434 0.212264 0.030189 0.062264
59 0.254717 0.212264 0.030189 0.062264
60 0.286792 0.212264 0.030189 0.062264
61 0.320755 0.212264 0.030189 0.062264
62 0.366038 0.212264 0.030189 0.062264
63 0.032075 0.293396 0.030189 0.062264
64 0.064151 0.293396 0.030189 0.062264
65 0.100000 0.293396 0.030189 0.062264
66 0.132075 0.293396 0.030189 0.062264
67 0.166038 0.293396 0.030189 0.062264
68 0.213208 0.293396 0.030189 0.062264
69 0.256604 0.293396 0.030189 0.062264
70 0.303774 0.293396 0.030189 0.062264
71 0.339623 0.293396 0.030189 0.062264
72 0.371698 0.293396 0.030189 0.062264
73 0.020755 0.374528 0.030189 0.062264
74 0.067925 0.374528 0.030189 0.062264
75 0.115094 0.374528 0.030189 0.062264
76 0.149057 0.374528 0.030189 0.062264
77 0.196226 0.374528 0.030189 0.062264
78 0.232075 0.374528 0.030189 0.062264
79 0.279245 0.374528 0.030189 0.062264
80 0.311321 0.374528 0.030189 0.062264
81 0.358491 0.374528 0.030189 0.062264
82 0.390566 0.374528 0.030189 0.062264
83 0.016981 0.455660 0.030189 0.062264
84 0.049057 0.455660 0.030189 0.062264
85 0.083019 0.455660 0.030189 0.062264
86 0.130189 0.455660 0.030189 0.062264
87 0.160377 0.424528 0.000000 0.000000
88 0.173585 0.424528 0.000000 0.000000
89 0.188679 0.424528 0.000000 0.000000
90 0.190566 0.424528 0.000000 0.000000
91 0.207547 0.424528 0.000000 0.000000
92 0.224528 0.424528 0.000000 0.000000
93 0.016981 0.505660 0.000000 0.000000
94 0.030189 0.505660 0.000000 0.000000
95 0.043396 0.505660 0.000000 0.000000
96 0.058491 0.505660 0.000000 0.000000
97 0.060377 0.505660 0.000000 0.000000
98 0.073585 0.505660 0.000000 0.000000
99 0.077358 0.505660 0.000000 0.000000
100 0.083019 0.505660 0.000000 0.000000
101 0.096226 0.505660 0.000000 0.000000
102 0.109434 0.505660 0.000000 0.000000
103 0.003774 0.524528 0.000000 0.000000
104 0.005660 0.524528 0.000000 0.000000
105 0.018868 0.524528 0.000000 0.000000
106 0.020755 0.524528 0.000000 0.000000
107 0.024528 0.524528 0.000000 0.000000
108 0.037736 0.524528 0.000000 0.000000
109 0.039623 0.524528 0.000000 0.000000
110 0.054717 0.524528 0.000000 0.000000
111 0.069811 0.524528 0.000000 0.000000
112 0.075472 0.524528 0.000000 0.000000
113 0.003774 0.543396 0.000000 0.000000
114 0.009434 0.543396 0.000000 0.000000
115 0.026415 0.543396 0.000000 0.000000
116 0.039623 0.543396 0.000000 0.000000
117 0.052830 0.543396 0.000000 0.000000
118 0.067925 0.543396 0.000000 0.000000
119 0.073585 0.543396 0.000000 0.000000
120 0.093396 0.566038 0.009434 0.045283
121 0.120755 0.568868 0.018868 0.050943
122 0.156604 0.566038 0.026415 0.045283
123 0.028302 0.635849 0.030189 0.045283
124 0.075472 0.635849 0.030189 0.045283
125 0.109434 0.635849 0.030189 0.045283
126 0.145283 0.638679 0.007547 0.050943
127 0.162264 0.647170 0.018868 0.067925
128 0.196226 0.647170 0.018868 0.067925
129 0.218868 0.625472 0.022642 0.024528
130 0.246226 0.625472 0.024528 0.024528
131 0.280189 0.638679 0.009434 0.050943
132 0.300943 0.630189 0.028302 0.033962
