33 0.023585 0.041509 0.020755 0.045283
34 0.061321 0.041509 0.020755 0.045283
35 0.087736 0.041509 0.020755 0.045283
36 0.125472 0.041509 0.020755 0.045283
37 0.150000 0.041509 0.020755 0.045283
38 0.172642 0.041509 0.020755 0.045283
39 0.199057 0.041509 0.020755 0.045283
40 0.234906 0.041509 0.020755 0.045283
41 0.272642 0.041509 0.020755 0.045283
42 0.310377 0.041509 0.020755 0.045283
43 0.012264 0.105660 0.020755 0.045283
44 0.050000 0.105660 0.020755 0.045283
45 0.074528 0.105660 0.020755 0.045283
46 0.097170 0.105660 0.020755 0.045283
47 0.119811 0.105660 0.020755 0.045283
48 0.155660 0.105660 0.020755 0.045283
49 0.182075 0.105660 0.020755 0.045283
50 0.206604 0.105660 0.020755 0.045283
51 0.244340 0.105660 0.020755 0.045283
52 0.282075 0.105660 0.020755 0.045283
53 0.014151 0.169811 0.020755 0.045283
54 0.040566 0.169811 0.020755 0.045283
55 0.076415 0.169811 0.020755 0.045283
56 0.114151 0.169811 0.020755 0.045283
57 0.150000 0.169811 0.020755 0.045283
58 0.187736 0.169811 0.020755 0.045283
59 0.223585 0.169811 0.020755 0.045283
60 0.248113 0.169811 0.020755 0.045283
61 0.283962 0.169811 0.020755 0.045283
62 0.317925 0.169811 0.020755 0.045283
63 0.025472 0.233962 0.020755 0.045283
64 0.061321 0.233962 0.020755 0.045283
65 0.099057 0.233962 0.020755 0.045283
66 0.133019 0.233962 0.020755 0.045283
67 0.166981 0.233962 0.020755 0.045283
68 0.189623 0.233962 0.020755 0.045283
69 0.216038 0.233962 0.020755 0.045283
70 0.253774 0.233962 0.020755 0.045283
71 0.287736 0.233962 0.020755 0.045283
72 0.325472 0.233962 0.020755 0.045283
73 0.023585 0.298113 0.020755 0.045283
74 0.061321 0.298113 0.020755 0.045283
75 0.083962 0.298113 0.020755 0.045283
76 0.110377 0.298113 0.020755 0.045283
77 0.134906 0.298113 0.020755 0.045283
78 0.157547 0.298113 0.020755 0.045283
79 0.195283 0.298113 0.020755 0.045283
80 0.233019 0.298113 0.020755 0.045283
81 0.270755 0.298113 0.020755 0.045283
82 0.306604 0.298113 0.020755 0.045283
83 0.012264 0.362264 0.020755 0.045283
84 0.046226 0.362264 0.020755 0.045283
85 0.068868 0.362264 0.020755 0.045283
86 0.106604 0.362264 0.020755 0.045283
87 0.122642 0.339623 0.000000 0.000000
88 0.126415 0.339623 0.000000 0.000000
89 0.132075 0.339623 0.000000 0.000000
90 0.147170 0.339623 0.000000 0.000000
91 0.149057 0.339623 0.000000 0.000000
92 0.150943 0.339623 0.000000 0.000000
93 0.003774 0.403774 0.000000 0.000000
94 0.016981 0.403774 0.000000 0.000000
95 0.022642 0.403774 0.000000 0.000000
96 0.037736 0.403774 0.000000 0.000000
97 0.039623 0.403774 0.000000 0.000000
98 0.054717 0.403774 0.000000 0.000000
99 0.067925 0.403774 0.000000 0.000000
100 0.071698 0.403774 0.000000 0.000000
101 0.086792 0.403774 0.000000 0.000000
102 0.092453 0.403774 0.000000 0.000000
103 0.001887 0.422642 0.000000 0.000000
104 0.018868 0.422642 0.000000 0.000000
105 0.024528 0.422642 0.000000 0.000000
106 0.026415 0.422642 0.000000 0.000000
107 0.028302 0.422642 0.000000 0.000000
108 0.030189 0.422642 0.000000 0.000000
109 0.032075 0.422642 0.000000 0.000000
110 0.045283 0.422642 0.000000 0.000000
111 0.049057 0.422642 0.000000 0.000000
112 0.066038 0.422642 0.000000 0.000000
113 0.001887 0.441509 0.000000 0.000000
114 0.005660 0.441509 0.000000 0.000000
115 0.009434 0.441509 0.000000 0.000000
116 0.024528 0.441509 0.000000 0.000000
117 0.039623 0.441509 0.000000 0.000000
118 0.043396 0.441509 0.000000 0.000000
119 0.060377 0.441509 0.000000 0.000000
120 0.082075 0.464151 0.016981 0.045283
121 0.111321 0.469811 0.015094 0.056604
122 0.150000 0.458491 0.028302 0.033962
123 0.024528 0.542453 0.022642 0.050943
124 0.071698 0.540566 0.041509 0.047170
125 0.114151 0.539623 0.032075 0.045283
126 0.138679 0.545283 0.005660 0.056604
127 0.163208 0.545283 0.016981 0.056604
128 0.183962 0.545283 0.016981 0.056604
129 0.219811 0.527358 0.020755 0.020755
130 0.247170 0.527358 0.022642 0.020755
131 0.268868 0.545283 0.009434 0.056604
132 0.286792 0.539623 0.015094 0.045283
