133 0.007547 0.042453 0.007547 0.047170
134 0.032075 0.037736 0.015094 0.037736
135 0.057547 0.037736 0.024528 0.037736
136 0.083019 0.037736 0.022642 0.037736
137 0.112264 0.037736 0.024528 0.037736
138 0.142453 0.037736 0.024528 0.037736
139 0.172642 0.037736 0.024528 0.037736
140 0.210377 0.036792 0.024528 0.035849
141 0.250000 0.037736 0.024528 0.037736
142 0.276415 0.037736 0.024528 0.037736
143 0.016038 0.103774 0.024528 0.037736
144 0.053774 0.103774 0.024528 0.037736
145 0.075472 0.096226 0.007547 0.022642
146 0.098113 0.100000 0.011321 0.030189
147 0.122642 0.099057 0.030189 0.028302
148 0.156604 0.094340 0.030189 0.018868
149 0.203774 0.099057 0.030189 0.028302
150 0.242453 0.103774 0.020755 0.037736
151 0.281132 0.110377 0.049057 0.050943
152 0.340566 0.103774 0.035849 0.037736
153 0.029245 0.173585 0.032075 0.037736
154 0.062264 0.173585 0.026415 0.037736
155 0.110377 0.173585 0.035849 0.037736
156 0.146226 0.173585 0.032075 0.037736
157 0.192453 0.173585 0.030189 0.037736
158 0.226415 0.173585 0.033962 0.037736
159 0.276415 0.173585 0.039623 0.037736
160 0.311321 0.173585 0.018868 0.037736
161 0.336792 0.176415 0.024528 0.043396
162 0.382075 0.173585 0.039623 0.037736
163 0.017925 0.235849 0.032075 0.037736
164 0.068868 0.235849 0.043396 0.037736
165 0.125472 0.235849 0.035849 0.037736
166 0.174528 0.235849 0.032075 0.037736
167 0.212264 0.235849 0.032075 0.037736
168 0.257547 0.241509 0.032075 0.049057
169 0.293396 0.235849 0.035849 0.037736
170 0.335849 0.235849 0.022642 0.037736
171 0.375472 0.235849 0.030189 0.037736
172 0.413208 0.235849 0.037736 0.037736
173 0.019811 0.303774 0.035849 0.037736
174 0.066981 0.303774 0.054717 0.037736
175 0.114151 0.303774 0.035849 0.037736
176 0.162264 0.303774 0.033962 0.037736
177 0.200943 0.303774 0.032075 0.037736
178 0.239623 0.310377 0.015094 0.050943
179 0.258491 0.303774 0.015094 0.037736
180 0.286792 0.310377 0.015094 0.050943
181 0.323585 0.305660 0.024528 0.041509
182 0.353774 0.300000 0.028302 0.030189
183 0.022642 0.366038 0.011321 0.022642
184 0.053774 0.366038 0.024528 0.022642
185 0.083962 0.373585 0.024528 0.037736
186 0.110377 0.366038 0.020755 0.022642
187 0.148113 0.373585 0.024528 0.037736
188 0.174528 0.366038 0.020755 0.022642
189 0.210377 0.373585 0.020755 0.037736
190 0.234906 0.373585 0.024528 0.037736
191 0.275472 0.373585 0.030189 0.037736
192 0.300000 0.372642 0.011321 0.035849
193 0.022642 0.436792 0.015094 0.050943
194 0.059434 0.430189 0.028302 0.037736
195 0.092453 0.430189 0.011321 0.037736
196 0.135849 0.422642 0.045283 0.022642
197 0.185849 0.422642 0.028302 0.022642
198 0.227358 0.422642 0.024528 0.022642
199 0.268868 0.430189 0.024528 0.037736
200 0.310377 0.430189 0.024528 0.037736
201 0.335849 0.422642 0.018868 0.022642
202 0.357547 0.422642 0.016981 0.022642
203 0.010377 0.496226 0.016981 0.030189
204 0.037736 0.492453 0.030189 0.022642
205 0.080189 0.492453 0.024528 0.022642
206 0.127358 0.492453 0.039623 0.022642
207 0.165094 0.492453 0.024528 0.022642
208 0.204717 0.500000 0.024528 0.037736
209 0.242453 0.492453 0.020755 0.022642
210 0.263208 0.505660 0.013208 0.049057
211 0.289623 0.507547 0.005660 0.052830
212 0.301887 0.505660 0.015094 0.049057
213 0.020755 0.586792 0.030189 0.067925
