133 0.007547 0.028302 0.003774 0.018868
134 0.024528 0.018868 0.000000 0.000000
135 0.042453 0.031132 0.028302 0.024528
136 0.078302 0.028302 0.013208 0.018868
137 0.115094 0.033019 0.030189 0.028302
138 0.148113 0.033019 0.028302 0.028302
139 0.173585 0.028302 0.015094 0.018868
140 0.200943 0.033962 0.028302 0.030189
141 0.243396 0.032075 0.022642 0.026415
142 0.270755 0.033962 0.020755 0.030189
143 0.017925 0.082075 0.028302 0.028302
144 0.045283 0.082075 0.022642 0.028302
145 0.078302 0.073585 0.009434 0.011321
146 0.100943 0.074528 0.009434 0.013208
147 0.118868 0.072642 0.015094 0.009434
148 0.130189 0.067925 0.000000 0.000000
149 0.141509 0.072642 0.015094 0.009434
150 0.166981 0.085849 0.024528 0.035849
151 0.199057 0.083962 0.035849 0.032075
152 0.256604 0.085849 0.071698 0.035849
153 0.036792 0.141509 0.047170 0.037736
154 0.083962 0.142453 0.035849 0.039623
155 0.130189 0.140566 0.045283 0.035849
156 0.181132 0.142453 0.049057 0.039623
157 0.238679 0.141509 0.062264 0.037736
158 0.301887 0.145283 0.037736 0.045283
159 0.352830 0.139623 0.052830 0.033962
160 0.421698 0.142453 0.050943 0.039623
161 0.483962 0.142453 0.039623 0.039623
162 0.546226 0.139623 0.058491 0.033962
163 0.037736 0.207547 0.045283 0.041509
164 0.103774 0.205660 0.075472 0.037736
165 0.197170 0.205660 0.077358 0.037736
166 0.267925 0.204717 0.037736 0.035849
167 0.314151 0.204717 0.047170 0.035849
168 0.360377 0.206604 0.041509 0.039623
169 0.408491 0.206604 0.047170 0.039623
170 0.454717 0.203774 0.041509 0.033962
171 0.518868 0.205660 0.060377 0.037736
172 0.579245 0.208491 0.056604 0.043396
173 0.050943 0.269811 0.075472 0.041509
174 0.149057 0.271698 0.086792 0.045283
175 0.235849 0.267925 0.052830 0.037736
176 0.294340 0.272642 0.052830 0.047170
177 0.345283 0.277358 0.041509 0.056604
178 0.399057 0.270755 0.032075 0.043396
179 0.416981 0.249057 0.000000 0.000000
180 0.446226 0.270755 0.032075 0.043396
181 0.476415 0.260377 0.016981 0.022642
182 0.504717 0.256604 0.028302 0.015094
183 0.006604 0.327358 0.001887 0.005660
184 0.029245 0.332075 0.016981 0.015094
185 0.047170 0.338679 0.015094 0.028302
186 0.062264 0.331132 0.011321 0.013208
187 0.094340 0.338679 0.026415 0.028302
188 0.118868 0.331132 0.015094 0.013208
189 0.137736 0.338679 0.018868 0.028302
190 0.172642 0.340566 0.020755 0.032075
191 0.198113 0.338679 0.018868 0.028302
192 0.218868 0.334906 0.011321 0.020755
193 0.016038 0.394340 0.024528 0.037736
194 0.053774 0.389623 0.020755 0.028302
195 0.076415 0.389623 0.016981 0.028302
196 0.115094 0.383019 0.026415 0.015094
197 0.139623 0.383019 0.018868 0.015094
198 0.159434 0.381132 0.013208 0.011321
199 0.195283 0.394340 0.028302 0.037736
200 0.222642 0.390566 0.018868 0.030189
201 0.256604 0.383019 0.015094 0.015094
202 0.284906 0.384906 0.011321 0.018868
203 0.007547 0.442453 0.011321 0.020755
204 0.023585 0.439623 0.016981 0.015094
205 0.056604 0.439623 0.015094 0.015094
206 0.091509 0.439623 0.024528 0.015094
207 0.131132 0.438679 0.020755 0.013208
208 0.166981 0.448113 0.020755 0.032075
209 0.207547 0.449057 0.026415 0.033962
210 0.248113 0.453774 0.024528 0.043396
211 0.264151 0.432075 0.000000 0.000000
212 0.279245 0.452830 0.022642 0.041509
213 0.016038 0.511321 0.024528 0.033962
