133 0.016981 0.042453 0.007547 0.047170
134 0.039623 0.041509 0.030189 0.045283
135 0.083019 0.041509 0.030189 0.045283
136 0.114151 0.040566 0.024528 0.043396
137 0.145283 0.040566 0.026415 0.043396
138 0.188679 0.041509 0.026415 0.045283
139 0.220755 0.040566 0.030189 0.043396
140 0.264151 0.041509 0.026415 0.045283
141 0.295283 0.041509 0.028302 0.045283
142 0.339623 0.040566 0.026415 0.043396
143 0.016981 0.107547 0.026415 0.045283
144 0.050000 0.107547 0.028302 0.045283
145 0.083019 0.101887 0.007547 0.033962
146 0.098113 0.106604 0.011321 0.043396
147 0.121698 0.100000 0.028302 0.030189
148 0.166038 0.091509 0.030189 0.013208
149 0.208491 0.100000 0.028302 0.030189
150 0.235849 0.107547 0.022642 0.045283
151 0.277358 0.108491 0.033962 0.047170
152 0.326415 0.106604 0.030189 0.043396
153 0.014151 0.172642 0.024528 0.043396
154 0.056604 0.173585 0.026415 0.045283
155 0.089623 0.172642 0.028302 0.043396
156 0.116981 0.172642 0.022642 0.043396
157 0.144340 0.172642 0.024528 0.043396
158 0.186792 0.173585 0.026415 0.045283
159 0.215094 0.172642 0.026415 0.043396
160 0.241509 0.172642 0.022642 0.043396
161 0.277358 0.173585 0.022642 0.045283
162 0.304717 0.172642 0.028302 0.043396
163 0.013208 0.236792 0.022642 0.043396
164 0.043396 0.236792 0.030189 0.043396
165 0.086792 0.236792 0.026415 0.043396
166 0.130189 0.237736 0.030189 0.045283
167 0.172642 0.236792 0.024528 0.043396
168 0.204717 0.242453 0.032075 0.054717
169 0.251887 0.236792 0.028302 0.043396
170 0.283019 0.237736 0.026415 0.045283
171 0.313208 0.236792 0.030189 0.043396
172 0.345283 0.237736 0.026415 0.045283
173 0.016981 0.310377 0.030189 0.043396
174 0.060377 0.310377 0.030189 0.043396
175 0.092453 0.310377 0.030189 0.043396
176 0.139623 0.310377 0.030189 0.043396
177 0.184906 0.310377 0.026415 0.043396
178 0.213208 0.316038 0.022642 0.054717
179 0.243396 0.311321 0.030189 0.045283
180 0.283019 0.316038 0.022642 0.054717
181 0.322642 0.316981 0.030189 0.056604
182 0.356604 0.303774 0.030189 0.030189
183 0.019811 0.378302 0.013208 0.028302
184 0.043396 0.380189 0.026415 0.032075
185 0.071698 0.386792 0.026415 0.045283
186 0.110377 0.381132 0.024528 0.033962
187 0.152830 0.387736 0.026415 0.047170
188 0.183019 0.380189 0.026415 0.032075
189 0.211321 0.386792 0.026415 0.045283
190 0.243396 0.385849 0.026415 0.043396
191 0.284906 0.386792 0.026415 0.045283
192 0.313208 0.386792 0.022642 0.045283
193 0.025472 0.459434 0.020755 0.058491
194 0.066038 0.452830 0.026415 0.045283
195 0.094340 0.451887 0.022642 0.043396
196 0.122642 0.446226 0.030189 0.032075
197 0.154717 0.446226 0.026415 0.032075
198 0.198113 0.446226 0.030189 0.032075
199 0.241509 0.451887 0.026415 0.043396
200 0.283019 0.450943 0.026415 0.041509
201 0.324528 0.446226 0.022642 0.032075
202 0.361321 0.446226 0.024528 0.032075
203 0.018868 0.528302 0.026415 0.041509
204 0.060377 0.523585 0.026415 0.032075
205 0.103774 0.522642 0.030189 0.030189
206 0.137736 0.522642 0.033962 0.030189
207 0.175472 0.522642 0.030189 0.030189
208 0.222642 0.529245 0.030189 0.043396
209 0.252830 0.522642 0.026415 0.030189
210 0.283962 0.534906 0.024528 0.054717
211 0.300000 0.530189 0.003774 0.045283
212 0.317925 0.534906 0.024528 0.054717
