33 0.027358 0.033019 0.020755 0.028302
34 0.063208 0.033019 0.020755 0.028302
35 0.087736 0.033019 0.020755 0.028302
36 0.114151 0.033019 0.020755 0.028302
37 0.140566 0.033019 0.020755 0.028302
38 0.166981 0.033019 0.020755 0.028302
39 0.204717 0.033019 0.020755 0.028302
40 0.229245 0.033019 0.020755 0.028302
41 0.263208 0.033019 0.020755 0.028302
42 0.299057 0.033019 0.020755 0.028302
43 0.027358 0.080189 0.020755 0.028302
44 0.063208 0.080189 0.020755 0.028302
45 0.100943 0.080189 0.020755 0.028302
46 0.138679 0.080189 0.020755 0.028302
47 0.165094 0.080189 0.020755 0.028302
48 0.187736 0.080189 0.020755 0.028302
49 0.214151 0.080189 0.020755 0.028302
50 0.250000 0.080189 0.020755 0.028302
51 0.272642 0.080189 0.020755 0.028302
52 0.299057 0.080189 0.020755 0.028302
53 0.016038 0.127358 0.020755 0.028302
54 0.040566 0.127358 0.020755 0.028302
55 0.076415 0.127358 0.020755 0.028302
56 0.110377 0.127358 0.020755 0.028302
57 0.134906 0.127358 0.020755 0.028302
58 0.170755 0.127358 0.020755 0.028302
59 0.206604 0.127358 0.020755 0.028302
60 0.231132 0.127358 0.020755 0.028302
61 0.266981 0.127358 0.020755 0.028302
62 0.293396 0.127358 0.020755 0.028302
63 0.023585 0.174528 0.020755 0.028302
64 0.057547 0.174528 0.020755 0.028302
65 0.093396 0.174528 0.020755 0.028302
66 0.127358 0.174528 0.020755 0.028302
67 0.161321 0.174528 0.020755 0.028302
68 0.197170 0.174528 0.020755 0.028302
69 0.234906 0.174528 0.020755 0.028302
70 0.259434 0.174528 0.020755 0.028302
71 0.295283 0.174528 0.020755 0.028302
72 0.319811 0.174528 0.020755 0.028302
73 0.014151 0.221698 0.020755 0.028302
74 0.051887 0.221698 0.020755 0.028302
75 0.076415 0.221698 0.020755 0.028302
76 0.110377 0.221698 0.020755 0.028302
77 0.146226 0.221698 0.020755 0.028302
78 0.172642 0.221698 0.020755 0.028302
79 0.210377 0.221698 0.020755 0.028302
80 0.233019 0.221698 0.020755 0.028302
81 0.268868 0.221698 0.020755 0.028302
82 0.293396 0.221698 0.020755 0.028302
83 0.025472 0.268868 0.020755 0.028302
84 0.051887 0.268868 0.020755 0.028302
85 0.074528 0.268868 0.020755 0.028302
86 0.099057 0.268868 0.020755 0.028302
87 0.115094 0.254717 0.000000 0.000000
88 0.130189 0.254717 0.000000 0.000000
89 0.133962 0.254717 0.000000 0.000000
90 0.150943 0.254717 0.000000 0.000000
91 0.156604 0.254717 0.000000 0.000000
92 0.160377 0.254717 0.000000 0.000000
93 0.005660 0.301887 0.000000 0.000000
94 0.022642 0.301887 0.000000 0.000000
95 0.039623 0.301887 0.000000 0.000000
96 0.041509 0.301887 0.000000 0.000000
97 0.054717 0.301887 0.000000 0.000000
98 0.060377 0.301887 0.000000 0.000000
99 0.064151 0.301887 0.000000 0.000000
100 0.066038 0.301887 0.000000 0.000000
101 0.079245 0.301887 0.000000 0.000000
102 0.096226 0.301887 0.000000 0.000000
103 0.013208 0.320755 0.000000 0.000000
104 0.015094 0.320755 0.000000 0.000000
105 0.028302 0.320755 0.000000 0.000000
106 0.032075 0.320755 0.000000 0.000000
107 0.037736 0.320755 0.000000 0.000000
108 0.043396 0.320755 0.000000 0.000000
109 0.045283 0.320755 0.000000 0.000000
110 0.049057 0.320755 0.000000 0.000000
111 0.066038 0.320755 0.000000 0.000000
112 0.071698 0.320755 0.000000 0.000000
113 0.003774 0.339623 0.000000 0.000000
114 0.018868 0.339623 0.000000 0.000000
115 0.035849 0.339623 0.000000 0.000000
116 0.041509 0.339623 0.000000 0.000000
117 0.045283 0.339623 0.000000 0.000000
118 0.060377 0.339623 0.000000 0.000000
119 0.077358 0.339623 0.000000 0.000000
120 0.086792 0.352830 0.007547 0.026415
121 0.110377 0.356604 0.013208 0.033962
122 0.130189 0.350943 0.018868 0.022642
123 0.023585 0.407547 0.016981 0.030189
124 0.049057 0.405660 0.026415 0.026415
125 0.093396 0.405660 0.028302 0.026415
126 0.116038 0.406604 0.005660 0.028302
127 0.126415 0.408491 0.007547 0.032075
128 0.140566 0.410377 0.009434 0.035849
129 0.164151 0.398113 0.011321 0.011321
130 0.184906 0.401887 0.018868 0.018868
131 0.201887 0.409434 0.007547 0.033962
132 0.216038 0.398113 0.009434 0.011321
