133 0.021698 0.042453 0.009434 0.047170
134 0.061321 0.044340 0.035849 0.050943
135 0.112264 0.039623 0.032075 0.041509
136 0.145283 0.039623 0.022642 0.041509
137 0.179245 0.039623 0.033962 0.041509
138 0.229245 0.039623 0.032075 0.041509
139 0.274528 0.039623 0.032075 0.041509
140 0.319811 0.039623 0.032075 0.041509
141 0.358491 0.039623 0.033962 0.041509
142 0.407547 0.039623 0.030189 0.041509
143 0.031132 0.109434 0.032075 0.041509
144 0.076415 0.109434 0.032075 0.041509
145 0.100943 0.103774 0.013208 0.030189
146 0.116981 0.108491 0.015094 0.039623
147 0.141509 0.101887 0.030189 0.026415
148 0.185849 0.095283 0.032075 0.013208
149 0.232075 0.100943 0.030189 0.024528
150 0.265094 0.109434 0.024528 0.041509
151 0.316981 0.109434 0.045283 0.041509
152 0.374528 0.109434 0.043396 0.041509
153 0.019811 0.169811 0.035849 0.041509
154 0.061321 0.169811 0.039623 0.041509
155 0.116981 0.169811 0.045283 0.041509
156 0.175472 0.169811 0.037736 0.041509
157 0.230189 0.169811 0.037736 0.041509
158 0.272642 0.169811 0.039623 0.041509
159 0.323585 0.169811 0.050943 0.041509
160 0.363208 0.169811 0.024528 0.041509
161 0.405660 0.173585 0.033962 0.049057
162 0.457547 0.169811 0.043396 0.041509
163 0.031132 0.237736 0.032075 0.041509
164 0.090566 0.237736 0.056604 0.041509
165 0.145283 0.237736 0.049057 0.041509
166 0.195283 0.237736 0.043396 0.041509
167 0.252830 0.237736 0.037736 0.041509
168 0.299057 0.242453 0.047170 0.050943
169 0.347170 0.237736 0.037736 0.041509
170 0.399057 0.237736 0.032075 0.041509
171 0.440566 0.237736 0.039623 0.041509
172 0.483019 0.237736 0.041509 0.041509
173 0.033962 0.307547 0.041509 0.041509
174 0.094340 0.307547 0.052830 0.041509
175 0.148113 0.307547 0.043396 0.041509
176 0.203774 0.307547 0.037736 0.041509
177 0.247170 0.307547 0.037736 0.041509
178 0.279245 0.312264 0.022642 0.050943
179 0.304717 0.312264 0.016981 0.050943
180 0.340566 0.312264 0.020755 0.050943
181 0.368868 0.315094 0.028302 0.056604
182 0.396226 0.301887 0.022642 0.030189
183 0.018868 0.373585 0.011321 0.022642
184 0.055660 0.377358 0.032075 0.030189
185 0.093396 0.383962 0.032075 0.043396
186 0.138679 0.377358 0.028302 0.030189
187 0.183962 0.383962 0.035849 0.043396
188 0.231132 0.377358 0.028302 0.030189
189 0.266038 0.389623 0.030189 0.054717
190 0.300943 0.383019 0.032075 0.041509
191 0.350000 0.383962 0.032075 0.043396
192 0.375472 0.383019 0.015094 0.041509
193 0.019811 0.462264 0.028302 0.052830
194 0.064151 0.457547 0.030189 0.043396
195 0.101887 0.457547 0.015094 0.043396
196 0.135849 0.450943 0.049057 0.030189
197 0.191509 0.450943 0.032075 0.030189
198 0.225472 0.450943 0.032075 0.030189
199 0.260377 0.456604 0.033962 0.041509
200 0.297170 0.456604 0.032075 0.041509
201 0.344340 0.450943 0.028302 0.030189
202 0.374528 0.450943 0.024528 0.030189
203 0.024528 0.525472 0.018868 0.035849
204 0.066981 0.522642 0.032075 0.030189
205 0.100943 0.522642 0.032075 0.030189
206 0.156604 0.522642 0.045283 0.030189
207 0.211321 0.522642 0.030189 0.030189
208 0.250943 0.528302 0.037736 0.041509
209 0.299057 0.522642 0.032075 0.030189
210 0.340566 0.533019 0.020755 0.050943
211 0.361321 0.533019 0.013208 0.050943
212 0.391509 0.533019 0.020755 0.050943
213 0.020755 0.605660 0.030189 0.056604
