133 0.007547 0.037736 0.007547 0.037736
134 0.040566 0.042453 0.024528 0.047170
135 0.083019 0.040566 0.030189 0.043396
136 0.111321 0.040566 0.018868 0.043396
137 0.134906 0.040566 0.024528 0.043396
138 0.166038 0.040566 0.026415 0.043396
139 0.209434 0.040566 0.030189 0.043396
140 0.251887 0.040566 0.028302 0.043396
141 0.284906 0.040566 0.026415 0.043396
142 0.329245 0.040566 0.032075 0.043396
143 0.026415 0.106604 0.026415 0.043396
144 0.070755 0.107547 0.028302 0.045283
145 0.104717 0.099057 0.005660 0.028302
146 0.116038 0.101887 0.009434 0.033962
147 0.141509 0.097170 0.015094 0.024528
148 0.174528 0.095283 0.020755 0.020755
149 0.198113 0.098113 0.018868 0.026415
150 0.236792 0.106604 0.024528 0.043396
151 0.284906 0.109434 0.045283 0.049057
152 0.341509 0.106604 0.033962 0.043396
153 0.019811 0.175472 0.028302 0.045283
154 0.064151 0.174528 0.030189 0.043396
155 0.110377 0.174528 0.032075 0.043396
156 0.143396 0.174528 0.030189 0.043396
157 0.184906 0.176415 0.026415 0.047170
158 0.219811 0.174528 0.035849 0.043396
159 0.272642 0.174528 0.035849 0.043396
160 0.318868 0.174528 0.026415 0.043396
161 0.365094 0.176415 0.032075 0.047170
162 0.397170 0.176415 0.028302 0.047170
163 0.028302 0.240566 0.026415 0.043396
164 0.076415 0.241509 0.043396 0.045283
165 0.131132 0.240566 0.039623 0.043396
166 0.183962 0.240566 0.039623 0.043396
167 0.229245 0.240566 0.024528 0.043396
168 0.277358 0.246226 0.045283 0.054717
169 0.316981 0.240566 0.030189 0.043396
170 0.353774 0.240566 0.032075 0.043396
171 0.389623 0.240566 0.035849 0.043396
172 0.439623 0.240566 0.033962 0.043396
173 0.031132 0.314151 0.032075 0.043396
174 0.091509 0.315094 0.054717 0.045283
175 0.142453 0.314151 0.035849 0.043396
176 0.182075 0.315094 0.032075 0.045283
177 0.221698 0.314151 0.035849 0.043396
178 0.248113 0.318868 0.013208 0.052830
179 0.271698 0.315094 0.022642 0.045283
180 0.295283 0.318868 0.013208 0.052830
181 0.330189 0.307547 0.022642 0.030189
182 0.372642 0.307547 0.035849 0.030189
183 0.007547 0.383962 0.011321 0.039623
184 0.041509 0.378302 0.026415 0.028302
185 0.084906 0.386792 0.026415 0.045283
186 0.113208 0.378302 0.022642 0.028302
187 0.150943 0.386792 0.026415 0.045283
188 0.183962 0.378302 0.028302 0.028302
189 0.216038 0.388679 0.024528 0.049057
190 0.245283 0.385849 0.026415 0.043396
191 0.273585 0.386792 0.026415 0.045283
192 0.295283 0.384906 0.005660 0.041509
193 0.010377 0.460377 0.016981 0.056604
194 0.048113 0.454717 0.024528 0.045283
195 0.078302 0.454717 0.005660 0.045283
196 0.105660 0.447170 0.037736 0.030189
197 0.153774 0.446226 0.024528 0.028302
198 0.193396 0.446226 0.024528 0.028302
199 0.219811 0.455660 0.024528 0.047170
200 0.261321 0.453774 0.024528 0.043396
201 0.289623 0.446226 0.020755 0.028302
202 0.326415 0.447170 0.022642 0.030189
203 0.026415 0.526415 0.022642 0.037736
204 0.052830 0.521698 0.022642 0.028302
205 0.080189 0.521698 0.024528 0.028302
206 0.116038 0.521698 0.035849 0.028302
207 0.162264 0.522642 0.030189 0.030189
208 0.193396 0.529245 0.028302 0.043396
209 0.234906 0.521698 0.024528 0.028302
210 0.273585 0.535849 0.018868 0.056604
211 0.287736 0.535849 0.005660 0.056604
212 0.301887 0.535849 0.018868 0.056604
213 0.019811 0.628302 0.028302 0.090566
