133 0.008491 0.028302 0.005660 0.018868
134 0.029245 0.045283 0.024528 0.052830
135 0.069811 0.036792 0.026415 0.035849
136 0.101887 0.036792 0.011321 0.035849
137 0.123585 0.036792 0.024528 0.035849
138 0.150943 0.036792 0.022642 0.035849
139 0.187736 0.035849 0.024528 0.033962
140 0.216038 0.036792 0.024528 0.035849
141 0.244340 0.036792 0.024528 0.035849
142 0.285849 0.035849 0.028302 0.033962
143 0.029245 0.108491 0.024528 0.035849
144 0.057547 0.107547 0.024528 0.033962
145 0.075472 0.100000 0.007547 0.018868
146 0.100000 0.102830 0.011321 0.024528
147 0.133962 0.104717 0.030189 0.028302
148 0.166038 0.099057 0.030189 0.016981
149 0.198113 0.104717 0.030189 0.028302
150 0.223585 0.108491 0.016981 0.035849
151 0.261321 0.116981 0.050943 0.052830
152 0.305660 0.107547 0.030189 0.033962
153 0.016038 0.180189 0.020755 0.035849
154 0.056604 0.180189 0.030189 0.035849
155 0.088679 0.180189 0.030189 0.035849
156 0.129245 0.180189 0.020755 0.035849
157 0.153774 0.180189 0.020755 0.035849
158 0.186792 0.180189 0.033962 0.035849
159 0.234906 0.180189 0.028302 0.035849
160 0.268868 0.180189 0.009434 0.035849
161 0.295283 0.180189 0.016981 0.035849
162 0.318868 0.180189 0.026415 0.035849
163 0.024528 0.234906 0.015094 0.035849
164 0.055660 0.233962 0.039623 0.033962
165 0.108491 0.234906 0.032075 0.035849
166 0.157547 0.234906 0.039623 0.035849
167 0.195283 0.234906 0.024528 0.035849
168 0.231132 0.235849 0.039623 0.037736
169 0.267925 0.234906 0.022642 0.035849
170 0.297170 0.234906 0.024528 0.035849
171 0.326415 0.234906 0.022642 0.035849
172 0.358491 0.234906 0.030189 0.035849
173 0.032075 0.290566 0.030189 0.033962
174 0.076415 0.291509 0.050943 0.035849
175 0.122642 0.291509 0.030189 0.035849
176 0.156604 0.291509 0.026415 0.035849
177 0.189623 0.291509 0.028302 0.035849
178 0.216981 0.296226 0.015094 0.045283
179 0.252830 0.300000 0.026415 0.052830
180 0.288679 0.296226 0.015094 0.045283
181 0.313208 0.296226 0.022642 0.045283
182 0.355660 0.288679 0.028302 0.030189
183 0.007547 0.356604 0.007547 0.022642
184 0.029245 0.356604 0.024528 0.022642
185 0.059434 0.363208 0.024528 0.035849
186 0.097170 0.356604 0.016981 0.022642
187 0.120755 0.363208 0.026415 0.035849
188 0.146226 0.356604 0.020755 0.022642
189 0.168868 0.363208 0.016981 0.035849
190 0.206604 0.362264 0.024528 0.033962
191 0.242453 0.363208 0.020755 0.035849
192 0.272642 0.362264 0.009434 0.033962
193 0.018868 0.422642 0.011321 0.045283
194 0.051887 0.417925 0.020755 0.035849
195 0.070755 0.417925 0.009434 0.035849
196 0.104717 0.411321 0.032075 0.022642
197 0.133019 0.411321 0.020755 0.022642
198 0.170755 0.411321 0.024528 0.022642
199 0.200000 0.416981 0.026415 0.033962
200 0.229245 0.416981 0.024528 0.033962
201 0.263208 0.411321 0.016981 0.022642
202 0.294340 0.411321 0.015094 0.022642
203 0.009434 0.480189 0.011321 0.032075
204 0.042453 0.475472 0.020755 0.022642
205 0.068868 0.474528 0.020755 0.020755
206 0.111321 0.474528 0.030189 0.020755
207 0.151887 0.475472 0.024528 0.022642
208 0.190566 0.481132 0.022642 0.033962
209 0.216981 0.475472 0.022642 0.022642
210 0.252830 0.490566 0.015094 0.052830
211 0.267925 0.487736 0.003774 0.047170
212 0.281132 0.490566 0.015094 0.052830
213 0.028302 0.558491 0.030189 0.045283
