133 0.009434 0.037736 0.007547 0.037736
134 0.030189 0.043396 0.022642 0.049057
135 0.060377 0.039623 0.026415 0.041509
136 0.086792 0.039623 0.015094 0.041509
137 0.108491 0.039623 0.024528 0.041509
138 0.146226 0.039623 0.024528 0.041509
139 0.184906 0.039623 0.026415 0.041509
140 0.216038 0.039623 0.024528 0.041509
141 0.254717 0.039623 0.026415 0.041509
142 0.296226 0.039623 0.026415 0.041509
143 0.016981 0.107547 0.026415 0.041509
144 0.060377 0.107547 0.026415 0.041509
145 0.090566 0.100943 0.007547 0.028302
146 0.104717 0.103774 0.009434 0.033962
147 0.138679 0.105660 0.024528 0.037736
148 0.179245 0.094340 0.026415 0.015094
149 0.217925 0.105660 0.024528 0.037736
150 0.257547 0.110377 0.024528 0.047170
151 0.305660 0.107547 0.041509 0.041509
152 0.361321 0.107547 0.035849 0.041509
153 0.020755 0.173585 0.030189 0.041509
154 0.064151 0.173585 0.030189 0.041509
155 0.100943 0.173585 0.032075 0.041509
156 0.146226 0.173585 0.028302 0.041509
157 0.191509 0.173585 0.028302 0.041509
158 0.227358 0.173585 0.032075 0.041509
159 0.271698 0.173585 0.030189 0.041509
160 0.295283 0.173585 0.013208 0.041509
161 0.328302 0.173585 0.022642 0.041509
162 0.361321 0.173585 0.032075 0.041509
163 0.019811 0.233962 0.028302 0.041509
164 0.058491 0.233962 0.037736 0.041509
165 0.097170 0.233962 0.032075 0.041509
166 0.144340 0.233962 0.032075 0.041509
167 0.190566 0.233962 0.030189 0.041509
168 0.235849 0.233962 0.033962 0.041509
169 0.284906 0.233962 0.030189 0.041509
170 0.320755 0.233962 0.030189 0.041509
171 0.354717 0.233962 0.030189 0.041509
172 0.401887 0.233962 0.030189 0.041509
173 0.018868 0.294340 0.033962 0.041509
174 0.063208 0.294340 0.047170 0.041509
175 0.116981 0.294340 0.033962 0.041509
176 0.165094 0.294340 0.032075 0.041509
177 0.197170 0.294340 0.028302 0.041509
178 0.220755 0.297170 0.011321 0.047170
179 0.242453 0.298113 0.020755 0.049057
180 0.274528 0.297170 0.013208 0.047170
181 0.310377 0.292453 0.024528 0.037736
182 0.350943 0.288679 0.030189 0.030189
183 0.020755 0.352830 0.011321 0.022642
184 0.053774 0.356604 0.024528 0.030189
185 0.080189 0.362264 0.024528 0.041509
186 0.118868 0.356604 0.022642 0.030189
187 0.155660 0.362264 0.024528 0.041509
188 0.182075 0.356604 0.024528 0.030189
189 0.216981 0.362264 0.015094 0.041509
190 0.252830 0.360377 0.022642 0.037736
191 0.280189 0.362264 0.024528 0.041509
192 0.309434 0.362264 0.007547 0.041509
193 0.023585 0.426415 0.013208 0.049057
194 0.049057 0.422642 0.026415 0.041509
195 0.068868 0.422642 0.005660 0.041509
196 0.094340 0.416981 0.041509 0.030189
197 0.144340 0.416981 0.024528 0.030189
198 0.184906 0.416981 0.026415 0.030189
199 0.227358 0.421698 0.024528 0.039623
200 0.265094 0.421698 0.024528 0.039623
201 0.300000 0.416981 0.018868 0.030189
202 0.327358 0.416981 0.024528 0.030189
203 0.009434 0.488679 0.015094 0.037736
204 0.041509 0.483962 0.022642 0.028302
205 0.067925 0.483962 0.026415 0.028302
206 0.105660 0.483962 0.041509 0.028302
207 0.145283 0.483962 0.026415 0.028302
208 0.186792 0.487736 0.026415 0.035849
209 0.224528 0.483019 0.022642 0.026415
210 0.248113 0.493396 0.016981 0.047170
211 0.266038 0.494340 0.007547 0.049057
212 0.293396 0.493396 0.016981 0.047170
213 0.030189 0.560377 0.026415 0.045283
