133 0.005660 0.033019 0.003774 0.028302
134 0.018868 0.039623 0.015094 0.041509
135 0.054717 0.035849 0.026415 0.033962
136 0.077358 0.035849 0.015094 0.033962
137 0.103774 0.036792 0.026415 0.035849
138 0.150000 0.035849 0.032075 0.033962
139 0.196226 0.035849 0.026415 0.033962
140 0.241509 0.034906 0.030189 0.032075
141 0.271698 0.035849 0.026415 0.033962
142 0.302830 0.035849 0.024528 0.033962
143 0.028302 0.097170 0.026415 0.035849
144 0.059434 0.098113 0.024528 0.037736
145 0.090566 0.088679 0.011321 0.018868
146 0.118868 0.089623 0.011321 0.020755
147 0.153774 0.092453 0.028302 0.026415
148 0.183962 0.087736 0.028302 0.016981
149 0.216038 0.092453 0.028302 0.026415
150 0.240566 0.098113 0.016981 0.037736
151 0.280189 0.105660 0.050943 0.052830
152 0.333962 0.098113 0.045283 0.037736
153 0.033962 0.168868 0.033962 0.035849
154 0.070755 0.173585 0.035849 0.045283
155 0.119811 0.168868 0.035849 0.035849
156 0.160377 0.171698 0.033962 0.041509
157 0.211321 0.173585 0.033962 0.045283
158 0.249057 0.176415 0.033962 0.050943
159 0.301887 0.168868 0.041509 0.035849
160 0.349057 0.168868 0.022642 0.035849
161 0.390566 0.177358 0.026415 0.052830
162 0.437736 0.170755 0.041509 0.039623
163 0.024528 0.241509 0.037736 0.037736
164 0.075472 0.241509 0.052830 0.037736
165 0.126415 0.242453 0.037736 0.039623
166 0.165094 0.240566 0.028302 0.035849
167 0.214151 0.242453 0.035849 0.039623
168 0.266981 0.241509 0.035849 0.037736
169 0.310377 0.242453 0.039623 0.039623
170 0.354717 0.241509 0.037736 0.037736
171 0.402830 0.243396 0.032075 0.041509
172 0.455660 0.240566 0.039623 0.035849
173 0.018868 0.302830 0.033962 0.039623
174 0.073585 0.300943 0.045283 0.035849
175 0.130189 0.302830 0.033962 0.039623
176 0.167925 0.307547 0.033962 0.049057
177 0.212264 0.308491 0.028302 0.050943
178 0.260377 0.308491 0.033962 0.050943
179 0.298113 0.303774 0.015094 0.041509
180 0.329245 0.307547 0.035849 0.049057
181 0.371698 0.303774 0.022642 0.041509
182 0.400943 0.298113 0.028302 0.030189
183 0.016038 0.366981 0.005660 0.028302
184 0.031132 0.363208 0.020755 0.020755
185 0.056604 0.370755 0.022642 0.035849
186 0.089623 0.363208 0.016981 0.020755
187 0.113208 0.368868 0.026415 0.032075
188 0.148113 0.362264 0.016981 0.018868
189 0.179245 0.376415 0.018868 0.047170
190 0.203774 0.369811 0.022642 0.033962
191 0.243396 0.370755 0.022642 0.035849
192 0.277358 0.366038 0.015094 0.026415
193 0.012264 0.440566 0.020755 0.043396
194 0.048113 0.435849 0.020755 0.033962
195 0.083019 0.435849 0.015094 0.033962
196 0.119811 0.428302 0.032075 0.018868
197 0.148113 0.428302 0.020755 0.018868
198 0.170755 0.428302 0.016981 0.018868
199 0.205660 0.437736 0.026415 0.037736
200 0.234906 0.436792 0.020755 0.035849
201 0.270755 0.428302 0.016981 0.018868
202 0.290566 0.430189 0.015094 0.022642
203 0.022642 0.494340 0.015094 0.026415
204 0.056604 0.491509 0.022642 0.020755
205 0.080189 0.490566 0.016981 0.018868
206 0.107547 0.490566 0.026415 0.018868
207 0.134906 0.491509 0.016981 0.020755
208 0.168868 0.496226 0.020755 0.030189
209 0.206604 0.497170 0.020755 0.032075
210 0.231132 0.507547 0.016981 0.052830
211 0.254717 0.506604 0.003774 0.050943
212 0.279245 0.507547 0.015094 0.052830
213 0.016038 0.581132 0.028302 0.056604
