133 0.017925 0.037736 0.005660 0.037736
134 0.042453 0.036792 0.016981 0.035849
135 0.074528 0.033019 0.020755 0.028302
136 0.094340 0.033019 0.015094 0.028302
137 0.126415 0.033019 0.022642 0.028302
138 0.164151 0.034906 0.022642 0.032075
139 0.192453 0.034906 0.022642 0.032075
140 0.217925 0.034906 0.024528 0.032075
141 0.244340 0.035849 0.024528 0.033962
142 0.269811 0.034906 0.022642 0.032075
143 0.024528 0.092453 0.022642 0.033962
144 0.052830 0.092453 0.022642 0.033962
145 0.070755 0.086792 0.009434 0.022642
146 0.083019 0.089623 0.011321 0.028302
147 0.104717 0.087736 0.024528 0.024528
148 0.143396 0.082075 0.026415 0.013208
149 0.185849 0.088679 0.024528 0.026415
150 0.211321 0.092453 0.015094 0.033962
151 0.239623 0.093396 0.033962 0.035849
152 0.289623 0.092453 0.032075 0.033962
153 0.032075 0.147170 0.030189 0.033962
154 0.067925 0.147170 0.030189 0.033962
155 0.114151 0.147170 0.035849 0.033962
156 0.162264 0.147170 0.030189 0.033962
157 0.205660 0.147170 0.030189 0.033962
158 0.249057 0.147170 0.030189 0.033962
159 0.286792 0.147170 0.041509 0.033962
160 0.331132 0.147170 0.020755 0.033962
161 0.367925 0.150943 0.022642 0.041509
162 0.399057 0.147170 0.035849 0.033962
163 0.026415 0.207547 0.026415 0.033962
164 0.078302 0.207547 0.047170 0.033962
165 0.138679 0.207547 0.039623 0.033962
166 0.191509 0.207547 0.032075 0.033962
167 0.239623 0.207547 0.030189 0.033962
168 0.287736 0.212264 0.032075 0.043396
169 0.324528 0.207547 0.030189 0.033962
170 0.366038 0.207547 0.022642 0.033962
171 0.393396 0.207547 0.028302 0.033962
172 0.430189 0.207547 0.033962 0.033962
173 0.021698 0.269811 0.032075 0.033962
174 0.073585 0.269811 0.045283 0.033962
175 0.116038 0.269811 0.035849 0.033962
176 0.162264 0.269811 0.030189 0.033962
177 0.206604 0.269811 0.032075 0.033962
178 0.233019 0.275472 0.016981 0.045283
179 0.249057 0.271698 0.011321 0.037736
180 0.278302 0.275472 0.016981 0.045283
181 0.314151 0.275472 0.020755 0.045283
182 0.341509 0.260377 0.026415 0.015094
183 0.017925 0.331132 0.005660 0.028302
184 0.045283 0.328302 0.022642 0.022642
185 0.082075 0.335849 0.020755 0.037736
186 0.115094 0.328302 0.018868 0.022642
187 0.139623 0.335849 0.026415 0.037736
188 0.164151 0.328302 0.018868 0.022642
189 0.194340 0.342453 0.030189 0.050943
190 0.236792 0.334906 0.028302 0.035849
191 0.277358 0.335849 0.022642 0.037736
192 0.311321 0.333962 0.011321 0.033962
193 0.013208 0.410377 0.018868 0.047170
194 0.049057 0.405660 0.022642 0.037736
195 0.070755 0.405660 0.009434 0.037736
196 0.097170 0.398113 0.035849 0.022642
197 0.141509 0.398113 0.022642 0.022642
198 0.167925 0.398113 0.022642 0.022642
199 0.208491 0.406604 0.028302 0.039623
200 0.249057 0.404717 0.022642 0.035849
201 0.282075 0.398113 0.016981 0.022642
202 0.300943 0.398113 0.016981 0.022642
203 0.012264 0.467925 0.013208 0.030189
204 0.033962 0.464151 0.022642 0.022642
205 0.057547 0.464151 0.020755 0.022642
206 0.097170 0.464151 0.032075 0.022642
207 0.129245 0.464151 0.024528 0.022642
208 0.160377 0.470755 0.026415 0.035849
209 0.189623 0.464151 0.020755 0.022642
210 0.222642 0.476415 0.015094 0.047170
211 0.237736 0.479245 0.003774 0.052830
212 0.262264 0.475472 0.015094 0.045283
213 0.017925 0.547170 0.024528 0.045283
