133 0.017925 0.023585 0.001887 0.009434
134 0.031132 0.041509 0.016981 0.045283
135 0.067925 0.039623 0.022642 0.041509
136 0.091509 0.038679 0.013208 0.039623
137 0.112264 0.039623 0.024528 0.041509
138 0.153774 0.039623 0.024528 0.041509
139 0.193396 0.033962 0.028302 0.030189
140 0.233962 0.039623 0.022642 0.041509
141 0.263208 0.039623 0.024528 0.041509
142 0.303774 0.038679 0.026415 0.039623
143 0.029245 0.103774 0.024528 0.041509
144 0.058491 0.103774 0.022642 0.041509
145 0.074528 0.097170 0.001887 0.028302
146 0.078302 0.100000 0.001887 0.033962
147 0.105660 0.093396 0.022642 0.020755
148 0.132075 0.089623 0.022642 0.013208
149 0.158491 0.093396 0.022642 0.020755
150 0.192453 0.103774 0.018868 0.041509
151 0.237736 0.109434 0.045283 0.052830
152 0.277358 0.103774 0.030189 0.041509
153 0.017925 0.175472 0.024528 0.041509
154 0.057547 0.175472 0.028302 0.041509
155 0.099057 0.175472 0.028302 0.041509
156 0.140566 0.175472 0.024528 0.041509
157 0.166981 0.175472 0.024528 0.041509
158 0.199057 0.175472 0.028302 0.041509
159 0.229245 0.175472 0.028302 0.041509
160 0.249057 0.154717 0.000000 0.000000
161 0.276415 0.175472 0.024528 0.041509
162 0.318868 0.175472 0.026415 0.041509
163 0.013208 0.235849 0.022642 0.041509
164 0.056604 0.235849 0.037736 0.041509
165 0.091509 0.235849 0.028302 0.041509
166 0.122642 0.235849 0.030189 0.041509
167 0.151887 0.235849 0.024528 0.041509
168 0.184906 0.238679 0.030189 0.047170
169 0.216981 0.235849 0.026415 0.041509
170 0.260377 0.235849 0.026415 0.041509
171 0.303774 0.216038 0.030189 0.001887
172 0.347170 0.220755 0.026415 0.011321
173 0.032075 0.301887 0.030189 0.041509
174 0.087736 0.301887 0.047170 0.041509
175 0.130189 0.300943 0.030189 0.039623
176 0.164151 0.293396 0.030189 0.024528
177 0.195283 0.301887 0.028302 0.041509
178 0.228302 0.308491 0.007547 0.054717
179 0.257547 0.302830 0.016981 0.043396
180 0.275472 0.308491 0.007547 0.054717
181 0.289623 0.301887 0.016981 0.041509
182 0.311321 0.288679 0.022642 0.015094
183 0.018868 0.360377 0.003774 0.011321
184 0.047170 0.369811 0.022642 0.030189
185 0.071698 0.369811 0.022642 0.030189
186 0.098113 0.369811 0.022642 0.030189
187 0.137736 0.376415 0.022642 0.043396
188 0.166981 0.369811 0.024528 0.030189
189 0.190566 0.362264 0.015094 0.015094
190 0.224528 0.375472 0.022642 0.041509
191 0.248113 0.369811 0.020755 0.030189
192 0.274528 0.355660 0.001887 0.001887
193 0.009434 0.442453 0.011321 0.050943
194 0.026415 0.431132 0.018868 0.028302
195 0.049057 0.416981 0.000000 0.000000
196 0.083962 0.432075 0.043396 0.030189
197 0.117925 0.432075 0.020755 0.030189
198 0.143396 0.432075 0.026415 0.030189
199 0.171698 0.432075 0.022642 0.030189
200 0.207547 0.437736 0.022642 0.041509
201 0.237736 0.421698 0.011321 0.009434
202 0.268868 0.432075 0.020755 0.030189
203 0.021698 0.501887 0.013208 0.030189
204 0.051887 0.501887 0.020755 0.030189
205 0.075472 0.501887 0.022642 0.030189
206 0.111321 0.501887 0.037736 0.030189
207 0.154717 0.501887 0.022642 0.030189
208 0.193396 0.507547 0.024528 0.041509
209 0.233019 0.501887 0.024528 0.030189
210 0.256604 0.514151 0.015094 0.054717
211 0.267925 0.486792 0.000000 0.000000
212 0.293396 0.513208 0.016981 0.052830
213 0.016038 0.588679 0.028302 0.056604
