133 0.006604 0.028302 0.005660 0.018868
134 0.033019 0.038679 0.016981 0.039623
135 0.055660 0.039623 0.020755 0.041509
136 0.083962 0.038679 0.009434 0.039623
137 0.115094 0.038679 0.018868 0.039623
138 0.139623 0.039623 0.018868 0.041509
139 0.160377 0.038679 0.018868 0.039623
140 0.193396 0.039623 0.016981 0.041509
141 0.226415 0.039623 0.018868 0.041509
142 0.256604 0.038679 0.015094 0.039623
143 0.023585 0.100000 0.016981 0.041509
144 0.056604 0.100000 0.018868 0.041509
145 0.072642 0.088679 0.005660 0.018868
146 0.082075 0.090566 0.005660 0.022642
147 0.094340 0.087736 0.015094 0.016981
148 0.124528 0.084906 0.015094 0.011321
149 0.152830 0.088679 0.015094 0.018868
150 0.183019 0.100000 0.018868 0.041509
151 0.219811 0.093396 0.024528 0.028302
152 0.259434 0.100000 0.024528 0.041509
153 0.018868 0.161321 0.030189 0.043396
154 0.051887 0.160377 0.024528 0.041509
155 0.096226 0.160377 0.030189 0.041509
156 0.128302 0.160377 0.022642 0.041509
157 0.158491 0.161321 0.033962 0.043396
158 0.204717 0.168868 0.028302 0.058491
159 0.237736 0.161321 0.033962 0.043396
160 0.278302 0.160377 0.016981 0.041509
161 0.299057 0.168868 0.020755 0.058491
162 0.328302 0.165094 0.033962 0.050943
163 0.030189 0.237736 0.026415 0.041509
164 0.074528 0.237736 0.028302 0.041509
165 0.110377 0.239623 0.032075 0.045283
166 0.143396 0.237736 0.026415 0.041509
167 0.184906 0.237736 0.030189 0.041509
168 0.228302 0.242453 0.026415 0.050943
169 0.258491 0.241509 0.030189 0.049057
170 0.288679 0.237736 0.022642 0.041509
171 0.332075 0.238679 0.030189 0.043396
172 0.367925 0.237736 0.030189 0.041509
173 0.016981 0.307547 0.030189 0.041509
174 0.058491 0.307547 0.026415 0.041509
175 0.083962 0.307547 0.020755 0.041509
176 0.115094 0.316038 0.033962 0.058491
177 0.147170 0.316981 0.026415 0.060377
178 0.180189 0.311321 0.009434 0.049057
179 0.208491 0.306604 0.016981 0.039623
180 0.228302 0.311321 0.011321 0.049057
181 0.247170 0.298113 0.015094 0.022642
182 0.269811 0.309434 0.022642 0.045283
183 0.005660 0.380189 0.007547 0.028302
184 0.022642 0.378302 0.022642 0.024528
185 0.059434 0.385849 0.024528 0.039623
186 0.083962 0.378302 0.020755 0.024528
187 0.109434 0.385849 0.022642 0.039623
188 0.134906 0.378302 0.020755 0.024528
189 0.154717 0.396226 0.015094 0.060377
190 0.177358 0.388679 0.022642 0.045283
191 0.215094 0.385849 0.022642 0.039623
192 0.246226 0.383962 0.013208 0.035849
193 0.014151 0.473585 0.020755 0.056604
194 0.037736 0.465094 0.022642 0.039623
195 0.062264 0.465094 0.015094 0.039623
196 0.092453 0.457547 0.033962 0.024528
197 0.126415 0.457547 0.022642 0.024528
198 0.155660 0.457547 0.024528 0.024528
199 0.192453 0.467925 0.022642 0.045283
200 0.228302 0.467925 0.022642 0.045283
201 0.256604 0.458491 0.022642 0.026415
202 0.281132 0.458491 0.022642 0.026415
203 0.016981 0.540566 0.022642 0.039623
204 0.043396 0.532075 0.022642 0.022642
205 0.075472 0.533019 0.015094 0.024528
206 0.112264 0.532075 0.024528 0.022642
207 0.139623 0.533019 0.026415 0.024528
208 0.179245 0.542453 0.022642 0.043396
209 0.207547 0.543396 0.022642 0.045283
210 0.238679 0.546226 0.013208 0.050943
211 0.249057 0.548113 0.003774 0.054717
212 0.259434 0.546226 0.013208 0.050943
213 0.014151 0.611321 0.016981 0.033962
