133 0.023585 0.051887 0.013208 0.066038
134 0.057547 0.041509 0.024528 0.045283
135 0.086792 0.034906 0.030189 0.032075
136 0.116038 0.034906 0.024528 0.032075
137 0.158491 0.035849 0.030189 0.033962
138 0.193396 0.037736 0.028302 0.037736
139 0.228302 0.038679 0.030189 0.039623
140 0.274528 0.037736 0.028302 0.037736
141 0.319811 0.037736 0.028302 0.037736
142 0.355660 0.039623 0.032075 0.041509
143 0.027358 0.122642 0.028302 0.037736
144 0.060377 0.123585 0.030189 0.039623
145 0.086792 0.118868 0.015094 0.030189
146 0.117925 0.123585 0.013208 0.039623
147 0.142453 0.116981 0.028302 0.026415
148 0.185849 0.112264 0.028302 0.016981
149 0.217925 0.116981 0.028302 0.026415
150 0.262264 0.124528 0.026415 0.041509
151 0.299057 0.123585 0.039623 0.039623
152 0.342453 0.123585 0.043396 0.039623
153 0.032075 0.183962 0.037736 0.039623
154 0.072642 0.183962 0.039623 0.039623
155 0.119811 0.183962 0.043396 0.039623
156 0.175472 0.183962 0.037736 0.039623
157 0.218868 0.183962 0.037736 0.039623
158 0.262264 0.183962 0.041509 0.039623
159 0.322642 0.183962 0.045283 0.039623
160 0.362264 0.183962 0.026415 0.039623
161 0.407547 0.183962 0.037736 0.039623
162 0.461321 0.183962 0.043396 0.039623
163 0.021698 0.242453 0.035849 0.039623
164 0.070755 0.242453 0.054717 0.039623
165 0.135849 0.242453 0.049057 0.039623
166 0.184906 0.242453 0.041509 0.039623
167 0.228302 0.242453 0.037736 0.039623
168 0.283962 0.247170 0.039623 0.049057
169 0.330189 0.242453 0.041509 0.039623
170 0.371698 0.242453 0.033962 0.039623
171 0.413208 0.242453 0.037736 0.039623
172 0.460377 0.242453 0.045283 0.039623
173 0.035849 0.310377 0.041509 0.039623
174 0.100943 0.310377 0.062264 0.039623
175 0.154717 0.310377 0.041509 0.039623
176 0.212264 0.310377 0.039623 0.039623
177 0.255660 0.310377 0.035849 0.039623
178 0.300000 0.316038 0.026415 0.050943
179 0.341509 0.313208 0.026415 0.045283
180 0.371698 0.316038 0.026415 0.050943
181 0.412264 0.316981 0.024528 0.052830
182 0.453774 0.298113 0.028302 0.015094
183 0.012264 0.379245 0.013208 0.033962
184 0.051887 0.376415 0.032075 0.028302
185 0.100943 0.382075 0.032075 0.039623
186 0.148113 0.376415 0.028302 0.028302
187 0.196226 0.382075 0.033962 0.039623
188 0.232075 0.376415 0.030189 0.028302
189 0.270755 0.386792 0.020755 0.049057
190 0.314151 0.383019 0.032075 0.041509
191 0.364151 0.382075 0.033962 0.039623
192 0.391509 0.382075 0.016981 0.039623
193 0.015094 0.454717 0.018868 0.049057
194 0.055660 0.450000 0.032075 0.039623
195 0.097170 0.450000 0.016981 0.039623
196 0.145283 0.444340 0.052830 0.028302
197 0.190566 0.444340 0.033962 0.028302
198 0.227358 0.444340 0.032075 0.028302
199 0.264151 0.449057 0.033962 0.037736
200 0.301887 0.449057 0.033962 0.037736
201 0.333962 0.444340 0.026415 0.028302
202 0.374528 0.444340 0.024528 0.028302
203 0.016981 0.516038 0.022642 0.035849
204 0.058491 0.512264 0.033962 0.028302
205 0.094340 0.512264 0.030189 0.028302
206 0.150943 0.512264 0.049057 0.028302
207 0.192453 0.512264 0.030189 0.028302
208 0.237736 0.516981 0.033962 0.037736
209 0.283962 0.512264 0.024528 0.028302
210 0.324528 0.523585 0.022642 0.050943
211 0.355660 0.526415 0.005660 0.056604
212 0.384906 0.523585 0.022642 0.050943
213 0.016038 0.601887 0.028302 0.056604
