133 0.018868 0.033019 0.003774 0.028302
134 0.036792 0.042453 0.020755 0.047170
135 0.076415 0.036792 0.024528 0.035849
136 0.100000 0.036792 0.018868 0.035849
137 0.125472 0.036792 0.020755 0.035849
138 0.159434 0.036792 0.020755 0.035849
139 0.185849 0.036792 0.024528 0.035849
140 0.214151 0.036792 0.020755 0.035849
141 0.252830 0.036792 0.022642 0.035849
142 0.292453 0.036792 0.022642 0.035849
143 0.027358 0.102830 0.024528 0.035849
144 0.052830 0.102830 0.022642 0.035849
145 0.067925 0.097170 0.003774 0.024528
146 0.090566 0.100943 0.007547 0.032075
147 0.111321 0.098113 0.022642 0.026415
148 0.138679 0.092453 0.020755 0.015094
149 0.162264 0.098113 0.022642 0.026415
150 0.198113 0.103774 0.018868 0.037736
151 0.233019 0.105660 0.039623 0.041509
152 0.280189 0.102830 0.028302 0.035849
153 0.016038 0.163208 0.020755 0.035849
154 0.042453 0.163208 0.024528 0.035849
155 0.084906 0.163208 0.026415 0.035849
156 0.122642 0.163208 0.018868 0.035849
157 0.142453 0.163208 0.016981 0.035849
158 0.169811 0.163208 0.026415 0.035849
159 0.208491 0.163208 0.024528 0.035849
160 0.225472 0.163208 0.001887 0.035849
161 0.248113 0.163208 0.013208 0.035849
162 0.270755 0.163208 0.020755 0.035849
163 0.025472 0.217925 0.016981 0.035849
164 0.066981 0.217925 0.035849 0.035849
165 0.102830 0.217925 0.024528 0.035849
166 0.133962 0.217925 0.030189 0.035849
167 0.163208 0.217925 0.020755 0.035849
168 0.196226 0.219811 0.033962 0.039623
169 0.225472 0.217925 0.020755 0.035849
170 0.263208 0.217925 0.020755 0.035849
171 0.303774 0.217925 0.026415 0.035849
172 0.331132 0.217925 0.024528 0.035849
173 0.017925 0.276415 0.028302 0.035849
174 0.071698 0.276415 0.045283 0.035849
175 0.108491 0.276415 0.024528 0.035849
176 0.149057 0.276415 0.022642 0.035849
177 0.177358 0.276415 0.022642 0.035849
178 0.207547 0.282075 0.007547 0.047170
179 0.236792 0.282075 0.020755 0.047170
180 0.266038 0.282075 0.007547 0.047170
181 0.296226 0.277358 0.018868 0.037736
182 0.321698 0.273585 0.028302 0.030189
183 0.007547 0.335849 0.007547 0.022642
184 0.024528 0.337736 0.018868 0.026415
185 0.059434 0.343396 0.020755 0.037736
186 0.094340 0.337736 0.018868 0.026415
187 0.116038 0.343396 0.020755 0.037736
188 0.153774 0.337736 0.020755 0.026415
189 0.186792 0.343396 0.015094 0.037736
190 0.222642 0.342453 0.022642 0.035849
191 0.249057 0.343396 0.018868 0.037736
192 0.262264 0.342453 0.003774 0.035849
193 0.017925 0.403774 0.009434 0.045283
194 0.036792 0.400000 0.016981 0.037736
195 0.063208 0.400000 0.001887 0.037736
196 0.086792 0.394340 0.033962 0.026415
197 0.116981 0.394340 0.018868 0.026415
198 0.141509 0.394340 0.022642 0.026415
199 0.165094 0.399057 0.020755 0.035849
200 0.187736 0.399057 0.020755 0.035849
201 0.210377 0.394340 0.013208 0.026415
202 0.231132 0.394340 0.016981 0.026415
203 0.013208 0.462264 0.015094 0.033962
204 0.048113 0.458491 0.020755 0.026415
205 0.070755 0.458491 0.020755 0.026415
206 0.100943 0.458491 0.035849 0.026415
207 0.134906 0.458491 0.020755 0.026415
208 0.157547 0.463208 0.020755 0.035849
209 0.179245 0.458491 0.015094 0.026415
210 0.194340 0.468868 0.011321 0.047170
211 0.207547 0.469811 0.003774 0.049057
212 0.218868 0.468868 0.011321 0.047170
213 0.014151 0.547170 0.024528 0.067925
