133 0.006604 0.033019 0.005660 0.028302
134 0.019811 0.034906 0.016981 0.032075
135 0.049057 0.034906 0.015094 0.032075
136 0.062264 0.034906 0.007547 0.032075
137 0.090566 0.034906 0.015094 0.032075
138 0.118868 0.034906 0.015094 0.032075
139 0.139623 0.034906 0.015094 0.032075
140 0.158491 0.034906 0.015094 0.032075
141 0.186792 0.034906 0.015094 0.032075
142 0.203774 0.034906 0.015094 0.032075
143 0.022642 0.085849 0.015094 0.032075
144 0.041509 0.085849 0.015094 0.032075
145 0.057547 0.080189 0.005660 0.020755
146 0.080189 0.082075 0.005660 0.024528
147 0.109434 0.083962 0.018868 0.028302
148 0.142453 0.076415 0.016981 0.013208
149 0.177358 0.083019 0.018868 0.026415
150 0.198113 0.086792 0.011321 0.033962
151 0.216038 0.086792 0.020755 0.033962
152 0.235849 0.084906 0.015094 0.030189
153 0.024528 0.138679 0.015094 0.032075
154 0.052830 0.137736 0.015094 0.030189
155 0.081132 0.138679 0.015094 0.032075
156 0.098113 0.138679 0.015094 0.032075
157 0.126415 0.137736 0.015094 0.030189
158 0.145283 0.137736 0.015094 0.030189
159 0.162264 0.137736 0.015094 0.030189
160 0.188679 0.139623 0.003774 0.033962
161 0.196226 0.138679 0.007547 0.032075
162 0.213208 0.137736 0.015094 0.030189
163 0.011321 0.190566 0.015094 0.030189
164 0.047170 0.191509 0.026415 0.032075
165 0.071698 0.191509 0.015094 0.032075
166 0.103774 0.191509 0.015094 0.032075
167 0.132075 0.190566 0.015094 0.030189
168 0.149057 0.193396 0.015094 0.035849
169 0.166038 0.190566 0.015094 0.030189
170 0.183019 0.191509 0.015094 0.032075
171 0.211321 0.191509 0.015094 0.032075
172 0.241509 0.190566 0.015094 0.030189
173 0.009434 0.246226 0.015094 0.032075
174 0.033962 0.245283 0.026415 0.030189
175 0.058491 0.246226 0.015094 0.032075
176 0.090566 0.245283 0.015094 0.030189
177 0.111321 0.245283 0.015094 0.030189
178 0.128302 0.246226 0.011321 0.032075
179 0.148113 0.246226 0.016981 0.032075
180 0.177358 0.246226 0.011321 0.032075
181 0.204717 0.241509 0.016981 0.022642
182 0.244340 0.245283 0.028302 0.030189
183 0.015094 0.281132 0.000000 0.000000
184 0.028302 0.291509 0.015094 0.020755
185 0.045283 0.297170 0.015094 0.032075
186 0.075472 0.291509 0.015094 0.020755
187 0.096226 0.297170 0.015094 0.032075
188 0.124528 0.292453 0.015094 0.022642
189 0.154717 0.297170 0.011321 0.032075
190 0.184906 0.297170 0.015094 0.032075
191 0.216981 0.297170 0.015094 0.032075
192 0.243396 0.297170 0.003774 0.032075
193 0.018868 0.350943 0.007547 0.037736
194 0.043396 0.347170 0.015094 0.030189
195 0.069811 0.348113 0.003774 0.032075
196 0.100000 0.343396 0.026415 0.022642
197 0.124528 0.343396 0.015094 0.022642
198 0.141509 0.343396 0.015094 0.022642
199 0.173585 0.348113 0.015094 0.032075
200 0.194340 0.348113 0.015094 0.032075
201 0.215094 0.343396 0.015094 0.022642
202 0.243396 0.342453 0.015094 0.020755
203 0.022642 0.404717 0.011321 0.032075
204 0.052830 0.399057 0.015094 0.020755
205 0.073585 0.400000 0.015094 0.022642
206 0.109434 0.399057 0.026415 0.020755
207 0.147170 0.400000 0.015094 0.022642
208 0.166038 0.403774 0.015094 0.030189
209 0.186792 0.399057 0.015094 0.020755
210 0.207547 0.403774 0.015094 0.030189
211 0.218868 0.404717 0.003774 0.032075
212 0.241509 0.403774 0.015094 0.030189
213 0.024528 0.456604 0.022642 0.033962
