133 0.023585 0.042453 0.013208 0.047170
134 0.052830 0.038679 0.015094 0.039623
135 0.080189 0.038679 0.032075 0.039623
136 0.113208 0.037736 0.022642 0.037736
137 0.141509 0.038679 0.030189 0.039623
138 0.176415 0.038679 0.032075 0.039623
139 0.224528 0.038679 0.033962 0.039623
140 0.259434 0.037736 0.032075 0.037736
141 0.308491 0.038679 0.032075 0.039623
142 0.356604 0.037736 0.030189 0.037736
143 0.019811 0.104717 0.032075 0.039623
144 0.065094 0.104717 0.032075 0.039623
145 0.089623 0.098113 0.013208 0.026415
146 0.104717 0.103774 0.013208 0.037736
147 0.143396 0.100943 0.030189 0.032075
148 0.188679 0.095283 0.030189 0.020755
149 0.220755 0.100943 0.030189 0.032075
150 0.266981 0.104717 0.032075 0.039623
151 0.305660 0.108491 0.041509 0.047170
152 0.364151 0.103774 0.041509 0.037736
153 0.025472 0.169811 0.043396 0.037736
154 0.071698 0.170755 0.037736 0.039623
155 0.129245 0.169811 0.043396 0.037736
156 0.183019 0.169811 0.037736 0.037736
157 0.237736 0.169811 0.037736 0.037736
158 0.290566 0.170755 0.041509 0.039623
159 0.347170 0.169811 0.045283 0.037736
160 0.396226 0.169811 0.022642 0.037736
161 0.431132 0.175472 0.020755 0.049057
162 0.477358 0.169811 0.045283 0.037736
163 0.033019 0.237736 0.035849 0.037736
164 0.085849 0.237736 0.058491 0.037736
165 0.143396 0.237736 0.045283 0.037736
166 0.200000 0.238679 0.041509 0.039623
167 0.244340 0.237736 0.043396 0.037736
168 0.288679 0.244340 0.041509 0.050943
169 0.345283 0.237736 0.045283 0.037736
170 0.386792 0.237736 0.030189 0.037736
171 0.426415 0.237736 0.037736 0.037736
172 0.477358 0.237736 0.037736 0.037736
173 0.035849 0.307547 0.041509 0.037736
174 0.093396 0.307547 0.062264 0.037736
175 0.152830 0.307547 0.052830 0.037736
176 0.203774 0.307547 0.037736 0.037736
177 0.247170 0.307547 0.037736 0.037736
178 0.294340 0.313208 0.022642 0.049057
179 0.316981 0.308491 0.015094 0.039623
180 0.341509 0.313208 0.022642 0.049057
181 0.371698 0.311321 0.026415 0.045283
182 0.416038 0.303774 0.028302 0.030189
183 0.010377 0.370755 0.016981 0.028302
184 0.040566 0.369811 0.039623 0.026415
185 0.085849 0.375472 0.039623 0.037736
186 0.128302 0.369811 0.033962 0.026415
187 0.166981 0.375472 0.039623 0.037736
188 0.207547 0.369811 0.033962 0.026415
189 0.251887 0.376415 0.024528 0.039623
190 0.298113 0.375472 0.041509 0.037736
191 0.356604 0.375472 0.041509 0.037736
192 0.392453 0.376415 0.018868 0.039623
193 0.024528 0.440566 0.018868 0.050943
194 0.067925 0.433962 0.037736 0.037736
195 0.101887 0.433962 0.018868 0.037736
196 0.160377 0.428302 0.064151 0.026415
197 0.226415 0.428302 0.041509 0.026415
198 0.281132 0.428302 0.037736 0.026415
199 0.337736 0.433962 0.041509 0.037736
200 0.394340 0.433962 0.041509 0.037736
201 0.433019 0.428302 0.028302 0.026415
202 0.464151 0.428302 0.030189 0.026415
203 0.028302 0.502830 0.022642 0.035849
204 0.064151 0.498113 0.041509 0.026415
205 0.108491 0.498113 0.035849 0.026415
206 0.168868 0.498113 0.054717 0.026415
207 0.218868 0.498113 0.033962 0.026415
208 0.270755 0.503774 0.035849 0.037736
209 0.317925 0.498113 0.032075 0.026415
210 0.356604 0.511321 0.018868 0.052830
211 0.385849 0.510377 0.005660 0.050943
212 0.411321 0.511321 0.018868 0.052830
213 0.028302 0.590566 0.030189 0.067925
