133 0.016981 0.037736 0.007547 0.037736
134 0.033962 0.042453 0.015094 0.047170
135 0.068868 0.033962 0.024528 0.030189
136 0.100943 0.033962 0.009434 0.030189
137 0.132075 0.033962 0.018868 0.030189
138 0.154717 0.039623 0.022642 0.041509
139 0.193396 0.038679 0.024528 0.039623
140 0.231132 0.038679 0.020755 0.039623
141 0.255660 0.037736 0.024528 0.037736
142 0.283019 0.038679 0.022642 0.039623
143 0.025472 0.103774 0.024528 0.037736
144 0.065094 0.105660 0.024528 0.041509
145 0.086792 0.098113 0.007547 0.026415
146 0.112264 0.102830 0.009434 0.035849
147 0.131132 0.099057 0.020755 0.028302
148 0.153774 0.092453 0.020755 0.015094
149 0.189623 0.097170 0.020755 0.024528
150 0.224528 0.102830 0.015094 0.035849
151 0.260377 0.112264 0.049057 0.054717
152 0.307547 0.102830 0.033962 0.035849
153 0.029245 0.176415 0.024528 0.035849
154 0.055660 0.176415 0.024528 0.035849
155 0.085849 0.176415 0.028302 0.035849
156 0.116981 0.176415 0.022642 0.035849
157 0.151887 0.176415 0.020755 0.035849
158 0.182075 0.176415 0.028302 0.035849
159 0.224528 0.176415 0.026415 0.035849
160 0.252830 0.176415 0.003774 0.035849
161 0.266981 0.176415 0.016981 0.035849
162 0.301887 0.176415 0.026415 0.035849
163 0.012264 0.231132 0.020755 0.035849
164 0.059434 0.231132 0.039623 0.035849
165 0.105660 0.231132 0.026415 0.035849
166 0.151887 0.231132 0.032075 0.035849
167 0.183019 0.231132 0.022642 0.035849
168 0.228302 0.236792 0.033962 0.047170
169 0.264151 0.231132 0.026415 0.035849
170 0.303774 0.231132 0.022642 0.035849
171 0.334906 0.231132 0.028302 0.035849
172 0.365094 0.231132 0.028302 0.035849
173 0.032075 0.297170 0.030189 0.035849
174 0.088679 0.297170 0.049057 0.035849
175 0.141509 0.297170 0.030189 0.035849
176 0.176415 0.297170 0.028302 0.035849
177 0.205660 0.297170 0.022642 0.035849
178 0.238679 0.306604 0.013208 0.054717
179 0.266038 0.302830 0.015094 0.047170
180 0.285849 0.306604 0.013208 0.054717
181 0.321698 0.300000 0.024528 0.041509
182 0.353774 0.294340 0.028302 0.030189
183 0.006604 0.366981 0.009434 0.028302
184 0.026415 0.366038 0.022642 0.026415
185 0.053774 0.372642 0.024528 0.039623
186 0.090566 0.366038 0.018868 0.026415
187 0.124528 0.372642 0.022642 0.039623
188 0.160377 0.366038 0.022642 0.026415
189 0.198113 0.372642 0.018868 0.039623
190 0.237736 0.374528 0.026415 0.043396
191 0.277358 0.372642 0.022642 0.039623
192 0.293396 0.370755 0.005660 0.035849
193 0.007547 0.439623 0.007547 0.049057
194 0.037736 0.434906 0.022642 0.039623
195 0.055660 0.434906 0.005660 0.039623
196 0.091509 0.428302 0.039623 0.026415
197 0.137736 0.428302 0.022642 0.026415
198 0.165094 0.428302 0.024528 0.026415
199 0.206604 0.434906 0.024528 0.039623
200 0.234906 0.434906 0.024528 0.039623
201 0.260377 0.428302 0.015094 0.026415
202 0.289623 0.428302 0.016981 0.026415
203 0.012264 0.500000 0.016981 0.033962
204 0.045283 0.496226 0.022642 0.026415
205 0.085849 0.496226 0.024528 0.026415
206 0.119811 0.496226 0.039623 0.026415
207 0.168868 0.496226 0.024528 0.026415
208 0.198113 0.502830 0.022642 0.039623
209 0.235849 0.496226 0.018868 0.026415
210 0.259434 0.510377 0.016981 0.054717
211 0.284906 0.511321 0.003774 0.056604
212 0.297170 0.510377 0.016981 0.054717
213 0.017925 0.586792 0.024528 0.056604
