133 0.008491 0.037736 0.005660 0.037736
134 0.024528 0.036792 0.022642 0.035849
135 0.050943 0.033962 0.026415 0.030189
136 0.074528 0.033962 0.016981 0.030189
137 0.098113 0.033962 0.022642 0.030189
138 0.133962 0.033962 0.022642 0.030189
139 0.175472 0.033962 0.026415 0.030189
140 0.205660 0.034906 0.022642 0.032075
141 0.246226 0.033962 0.024528 0.030189
142 0.275472 0.034906 0.022642 0.032075
143 0.016981 0.090566 0.022642 0.030189
144 0.046226 0.090566 0.024528 0.030189
145 0.063208 0.085849 0.005660 0.020755
146 0.084906 0.090566 0.007547 0.030189
147 0.105660 0.089623 0.030189 0.028302
148 0.152830 0.083962 0.030189 0.016981
149 0.184906 0.089623 0.030189 0.028302
150 0.215094 0.093396 0.018868 0.035849
151 0.266038 0.099057 0.049057 0.047170
152 0.316038 0.093396 0.039623 0.035849
153 0.033019 0.159434 0.032075 0.035849
154 0.083019 0.159434 0.033962 0.035849
155 0.137736 0.159434 0.041509 0.035849
156 0.181132 0.159434 0.033962 0.035849
157 0.229245 0.159434 0.032075 0.035849
158 0.267925 0.159434 0.041509 0.035849
159 0.315094 0.159434 0.041509 0.035849
160 0.361321 0.159434 0.016981 0.035849
161 0.385849 0.159434 0.024528 0.035849
162 0.433019 0.159434 0.035849 0.035849
163 0.019811 0.214151 0.032075 0.035849
164 0.077358 0.214151 0.049057 0.035849
165 0.123585 0.214151 0.039623 0.035849
166 0.176415 0.214151 0.039623 0.035849
167 0.227358 0.214151 0.032075 0.035849
168 0.266981 0.221698 0.039623 0.050943
169 0.317925 0.214151 0.035849 0.035849
170 0.350943 0.214151 0.026415 0.035849
171 0.389623 0.214151 0.039623 0.035849
172 0.433019 0.214151 0.039623 0.035849
173 0.021698 0.283962 0.039623 0.035849
174 0.084906 0.283962 0.060377 0.035849
175 0.136792 0.283962 0.039623 0.035849
176 0.191509 0.283962 0.039623 0.035849
177 0.245283 0.283962 0.033962 0.035849
178 0.289623 0.291509 0.020755 0.050943
179 0.316981 0.285849 0.022642 0.039623
180 0.355660 0.291509 0.020755 0.050943
181 0.390566 0.283019 0.022642 0.033962
182 0.421698 0.281132 0.028302 0.030189
183 0.020755 0.352830 0.011321 0.033962
184 0.040566 0.348113 0.024528 0.024528
185 0.067925 0.353774 0.026415 0.035849
186 0.109434 0.348113 0.022642 0.024528
187 0.150000 0.353774 0.028302 0.035849
188 0.181132 0.348113 0.022642 0.024528
189 0.220755 0.353774 0.022642 0.035849
190 0.251887 0.355660 0.028302 0.039623
191 0.282075 0.353774 0.028302 0.035849
192 0.308491 0.353774 0.013208 0.035849
193 0.020755 0.419811 0.015094 0.050943
194 0.044340 0.412264 0.028302 0.035849
195 0.070755 0.412264 0.013208 0.035849
196 0.116038 0.406604 0.043396 0.024528
197 0.165094 0.406604 0.028302 0.024528
198 0.198113 0.406604 0.026415 0.024528
199 0.227358 0.414151 0.028302 0.039623
200 0.272642 0.414151 0.028302 0.039623
201 0.310377 0.406604 0.020755 0.024528
202 0.347170 0.406604 0.018868 0.024528
203 0.026415 0.479245 0.018868 0.030189
204 0.062264 0.476415 0.026415 0.024528
205 0.106604 0.476415 0.028302 0.024528
206 0.142453 0.476415 0.039623 0.024528
207 0.182075 0.476415 0.028302 0.024528
208 0.212264 0.483962 0.028302 0.039623
209 0.243396 0.476415 0.022642 0.024528
210 0.274528 0.489623 0.013208 0.050943
211 0.300000 0.489623 0.003774 0.050943
212 0.315094 0.489623 0.015094 0.050943
213 0.018868 0.556604 0.030189 0.045283
