133 0.008491 0.042453 0.009434 0.047170
134 0.035849 0.044340 0.033962 0.050943
135 0.083962 0.033962 0.032075 0.030189
136 0.115094 0.033962 0.022642 0.030189
137 0.148113 0.033962 0.032075 0.030189
138 0.197170 0.037736 0.032075 0.037736
139 0.235849 0.038679 0.033962 0.039623
140 0.286792 0.037736 0.033962 0.037736
141 0.325472 0.038679 0.032075 0.039623
142 0.375472 0.038679 0.033962 0.039623
143 0.032075 0.108491 0.033962 0.039623
144 0.082075 0.107547 0.032075 0.037736
145 0.117925 0.102830 0.013208 0.028302
146 0.138679 0.108491 0.016981 0.039623
147 0.176415 0.103774 0.028302 0.030189
148 0.207547 0.097170 0.030189 0.016981
149 0.253774 0.104717 0.028302 0.032075
150 0.283962 0.107547 0.024528 0.037736
151 0.336792 0.113208 0.047170 0.049057
152 0.393396 0.107547 0.039623 0.037736
153 0.020755 0.175472 0.037736 0.037736
154 0.058491 0.175472 0.033962 0.037736
155 0.114151 0.175472 0.043396 0.037736
156 0.159434 0.175472 0.039623 0.037736
157 0.216038 0.175472 0.039623 0.037736
158 0.267925 0.175472 0.037736 0.037736
159 0.317925 0.175472 0.050943 0.037736
160 0.371698 0.175472 0.026415 0.037736
161 0.405660 0.181132 0.033962 0.049057
162 0.450000 0.175472 0.047170 0.037736
163 0.034906 0.243396 0.035849 0.037736
164 0.085849 0.243396 0.058491 0.037736
165 0.143396 0.243396 0.049057 0.037736
166 0.201887 0.243396 0.037736 0.037736
167 0.246226 0.243396 0.039623 0.037736
168 0.301887 0.250000 0.037736 0.050943
169 0.358491 0.243396 0.041509 0.037736
170 0.409434 0.243396 0.033962 0.037736
171 0.448113 0.243396 0.035849 0.037736
172 0.501887 0.243396 0.041509 0.037736
173 0.021698 0.313208 0.039623 0.037736
174 0.083962 0.313208 0.058491 0.037736
175 0.151887 0.313208 0.047170 0.037736
176 0.200000 0.313208 0.037736 0.037736
177 0.243396 0.313208 0.041509 0.037736
178 0.292453 0.318868 0.026415 0.049057
179 0.329245 0.319811 0.013208 0.050943
180 0.354717 0.318868 0.026415 0.049057
181 0.395283 0.316981 0.028302 0.045283
182 0.441509 0.309434 0.033962 0.030189
183 0.018868 0.381132 0.011321 0.033962
184 0.044340 0.378302 0.032075 0.028302
185 0.091509 0.383962 0.032075 0.039623
186 0.122642 0.378302 0.026415 0.028302
187 0.158491 0.383962 0.033962 0.039623
188 0.202830 0.378302 0.028302 0.028302
189 0.238679 0.390566 0.039623 0.052830
190 0.291509 0.384906 0.032075 0.041509
191 0.326415 0.383962 0.033962 0.039623
192 0.367925 0.384906 0.015094 0.041509
193 0.027358 0.463208 0.028302 0.054717
194 0.059434 0.455660 0.032075 0.039623
195 0.096226 0.455660 0.015094 0.039623
196 0.144340 0.450000 0.050943 0.028302
197 0.203774 0.450000 0.033962 0.028302
198 0.250943 0.450000 0.030189 0.028302
199 0.301887 0.456604 0.037736 0.041509
200 0.350000 0.456604 0.032075 0.041509
201 0.384906 0.450000 0.026415 0.028302
202 0.426415 0.450000 0.026415 0.028302
203 0.026415 0.528302 0.022642 0.037736
204 0.070755 0.523585 0.032075 0.028302
205 0.105660 0.523585 0.033962 0.028302
206 0.164151 0.523585 0.049057 0.028302
207 0.207547 0.523585 0.033962 0.028302
208 0.252830 0.530189 0.030189 0.041509
209 0.297170 0.523585 0.032075 0.028302
210 0.344340 0.533962 0.028302 0.049057
211 0.365094 0.534906 0.005660 0.050943
212 0.395283 0.533962 0.028302 0.049057
213 0.031132 0.607547 0.032075 0.056604
