133 0.019811 0.037736 0.005660 0.037736
134 0.050000 0.045283 0.020755 0.052830
135 0.091509 0.037736 0.028302 0.037736
136 0.132075 0.037736 0.018868 0.037736
137 0.160377 0.038679 0.026415 0.039623
138 0.203774 0.037736 0.026415 0.037736
139 0.245283 0.037736 0.030189 0.037736
140 0.278302 0.038679 0.028302 0.039623
141 0.319811 0.037736 0.028302 0.037736
142 0.361321 0.038679 0.028302 0.039623
143 0.031132 0.109434 0.028302 0.037736
144 0.077358 0.109434 0.030189 0.037736
145 0.100943 0.103774 0.005660 0.026415
146 0.111321 0.108491 0.007547 0.035849
147 0.133019 0.100943 0.024528 0.020755
148 0.175472 0.097170 0.026415 0.013208
149 0.216038 0.100943 0.024528 0.020755
150 0.257547 0.109434 0.024528 0.037736
151 0.308491 0.116038 0.047170 0.050943
152 0.366038 0.109434 0.037736 0.037736
153 0.033962 0.179245 0.037736 0.037736
154 0.087736 0.179245 0.035849 0.037736
155 0.137736 0.179245 0.037736 0.037736
156 0.189623 0.179245 0.035849 0.037736
157 0.227358 0.179245 0.032075 0.037736
158 0.266981 0.179245 0.039623 0.037736
159 0.320755 0.179245 0.037736 0.037736
160 0.360377 0.179245 0.015094 0.037736
161 0.385849 0.179245 0.032075 0.037736
162 0.424528 0.179245 0.037736 0.037736
163 0.033019 0.235849 0.032075 0.037736
164 0.088679 0.235849 0.045283 0.037736
165 0.147170 0.235849 0.037736 0.037736
166 0.190566 0.235849 0.037736 0.037736
167 0.227358 0.235849 0.032075 0.037736
168 0.264151 0.240566 0.037736 0.047170
169 0.302830 0.235849 0.035849 0.037736
170 0.350943 0.235849 0.030189 0.037736
171 0.385849 0.236792 0.035849 0.039623
172 0.438679 0.235849 0.039623 0.037736
173 0.023585 0.301887 0.039623 0.037736
174 0.084906 0.301887 0.052830 0.037736
175 0.148113 0.301887 0.039623 0.037736
176 0.187736 0.301887 0.035849 0.037736
177 0.237736 0.301887 0.033962 0.037736
178 0.271698 0.309434 0.007547 0.052830
179 0.287736 0.309434 0.020755 0.052830
180 0.307547 0.309434 0.007547 0.052830
181 0.326415 0.305660 0.026415 0.045283
182 0.370755 0.290566 0.028302 0.015094
183 0.007547 0.363208 0.011321 0.016981
184 0.041509 0.367925 0.030189 0.026415
185 0.077358 0.374528 0.030189 0.039623
186 0.118868 0.367925 0.026415 0.026415
187 0.163208 0.374528 0.032075 0.039623
188 0.195283 0.367925 0.024528 0.026415
189 0.234906 0.374528 0.020755 0.039623
190 0.265094 0.374528 0.028302 0.039623
191 0.313208 0.374528 0.033962 0.039623
192 0.351887 0.374528 0.013208 0.039623
193 0.011321 0.439623 0.015094 0.052830
194 0.041509 0.433019 0.033962 0.039623
195 0.078302 0.433019 0.013208 0.039623
196 0.124528 0.426415 0.049057 0.026415
197 0.171698 0.426415 0.033962 0.026415
198 0.207547 0.426415 0.026415 0.026415
199 0.249057 0.433019 0.030189 0.039623
200 0.297170 0.433019 0.032075 0.039623
201 0.326415 0.426415 0.022642 0.026415
202 0.352830 0.426415 0.022642 0.026415
203 0.024528 0.502830 0.018868 0.035849
204 0.053774 0.498113 0.035849 0.026415
205 0.100000 0.498113 0.030189 0.026415
206 0.140566 0.498113 0.043396 0.026415
207 0.195283 0.498113 0.032075 0.026415
208 0.230189 0.504717 0.030189 0.039623
209 0.263208 0.498113 0.024528 0.026415
210 0.296226 0.510377 0.015094 0.050943
211 0.307547 0.511321 0.003774 0.052830
212 0.322642 0.510377 0.015094 0.050943
213 0.015094 0.573585 0.022642 0.033962
