133 0.020755 0.037736 0.007547 0.037736
134 0.037736 0.039623 0.015094 0.041509
135 0.063208 0.031132 0.024528 0.024528
136 0.101887 0.031132 0.018868 0.024528
137 0.137736 0.031132 0.022642 0.024528
138 0.161321 0.035849 0.020755 0.033962
139 0.188679 0.034906 0.026415 0.032075
140 0.224528 0.035849 0.018868 0.033962
141 0.263208 0.036792 0.024528 0.035849
142 0.290566 0.035849 0.022642 0.033962
143 0.024528 0.097170 0.022642 0.035849
144 0.051887 0.096226 0.024528 0.033962
145 0.083019 0.091509 0.007547 0.024528
146 0.106604 0.094340 0.009434 0.030189
147 0.129245 0.093396 0.024528 0.028302
148 0.169811 0.086792 0.026415 0.015094
149 0.210377 0.092453 0.024528 0.026415
150 0.233019 0.098113 0.016981 0.037736
151 0.266038 0.098113 0.037736 0.037736
152 0.318868 0.098113 0.037736 0.037736
153 0.019811 0.154717 0.032075 0.037736
154 0.059434 0.155660 0.035849 0.039623
155 0.102830 0.154717 0.039623 0.037736
156 0.150943 0.154717 0.030189 0.037736
157 0.197170 0.154717 0.028302 0.037736
158 0.233019 0.155660 0.039623 0.039623
159 0.290566 0.154717 0.041509 0.037736
160 0.333019 0.154717 0.016981 0.037736
161 0.351887 0.159434 0.016981 0.047170
162 0.392453 0.154717 0.037736 0.037736
163 0.027358 0.220755 0.028302 0.037736
164 0.070755 0.220755 0.047170 0.037736
165 0.127358 0.220755 0.039623 0.037736
166 0.170755 0.221698 0.039623 0.039623
167 0.207547 0.220755 0.030189 0.037736
168 0.257547 0.225472 0.039623 0.047170
169 0.297170 0.220755 0.035849 0.037736
170 0.333019 0.221698 0.024528 0.039623
171 0.375472 0.220755 0.033962 0.037736
172 0.427358 0.220755 0.039623 0.037736
173 0.032075 0.286792 0.037736 0.037736
174 0.091509 0.286792 0.054717 0.037736
175 0.144340 0.286792 0.039623 0.037736
176 0.199057 0.286792 0.035849 0.037736
177 0.248113 0.286792 0.032075 0.037736
178 0.274528 0.292453 0.009434 0.049057
179 0.292453 0.288679 0.015094 0.041509
180 0.321698 0.292453 0.009434 0.049057
181 0.342453 0.290566 0.024528 0.045283
182 0.372642 0.275472 0.028302 0.015094
183 0.009434 0.352830 0.007547 0.033962
184 0.039623 0.348113 0.022642 0.024528
185 0.082075 0.355660 0.028302 0.039623
186 0.119811 0.348113 0.020755 0.024528
187 0.148113 0.355660 0.028302 0.039623
188 0.185849 0.348113 0.020755 0.024528
189 0.219811 0.355660 0.020755 0.039623
190 0.249057 0.354717 0.026415 0.037736
191 0.278302 0.355660 0.028302 0.039623
192 0.312264 0.354717 0.013208 0.037736
193 0.007547 0.419811 0.011321 0.050943
194 0.030189 0.414151 0.030189 0.039623
195 0.067925 0.414151 0.015094 0.039623
196 0.100000 0.406604 0.045283 0.024528
197 0.142453 0.406604 0.028302 0.024528
198 0.173585 0.406604 0.026415 0.024528
199 0.205660 0.414151 0.026415 0.039623
200 0.246226 0.413208 0.028302 0.037736
201 0.274528 0.406604 0.020755 0.024528
202 0.309434 0.406604 0.018868 0.024528
203 0.022642 0.480189 0.015094 0.032075
204 0.057547 0.476415 0.028302 0.024528
205 0.100943 0.476415 0.028302 0.024528
206 0.148113 0.476415 0.039623 0.024528
207 0.197170 0.476415 0.028302 0.024528
208 0.240566 0.483019 0.028302 0.037736
209 0.279245 0.477358 0.022642 0.026415
210 0.299057 0.489623 0.013208 0.050943
211 0.322642 0.492453 0.003774 0.056604
212 0.346226 0.489623 0.013208 0.050943
213 0.028302 0.567925 0.026415 0.056604
