133 0.019811 0.042453 0.013208 0.047170
134 0.055660 0.041509 0.032075 0.045283
135 0.090566 0.037736 0.033962 0.037736
136 0.132075 0.036792 0.022642 0.035849
137 0.176415 0.037736 0.032075 0.037736
138 0.209434 0.037736 0.030189 0.037736
139 0.257547 0.037736 0.032075 0.037736
140 0.301887 0.037736 0.030189 0.037736
141 0.337736 0.037736 0.033962 0.037736
142 0.384906 0.037736 0.030189 0.037736
143 0.018868 0.103774 0.033962 0.037736
144 0.067925 0.103774 0.033962 0.037736
145 0.106604 0.097170 0.013208 0.024528
146 0.121698 0.100000 0.013208 0.030189
147 0.145283 0.100943 0.030189 0.032075
148 0.192453 0.095283 0.030189 0.020755
149 0.237736 0.100943 0.030189 0.032075
150 0.267925 0.103774 0.022642 0.037736
151 0.305660 0.110377 0.049057 0.050943
152 0.355660 0.103774 0.043396 0.037736
153 0.025472 0.173585 0.043396 0.037736
154 0.081132 0.173585 0.033962 0.037736
155 0.124528 0.173585 0.045283 0.037736
156 0.168868 0.173585 0.035849 0.037736
157 0.221698 0.173585 0.035849 0.037736
158 0.261321 0.173585 0.039623 0.037736
159 0.321698 0.173585 0.047170 0.037736
160 0.372642 0.173585 0.024528 0.037736
161 0.415094 0.173585 0.033962 0.037736
162 0.471698 0.173585 0.049057 0.037736
163 0.023585 0.230189 0.035849 0.037736
164 0.085849 0.230189 0.054717 0.037736
165 0.138679 0.230189 0.043396 0.037736
166 0.184906 0.230189 0.041509 0.037736
167 0.230189 0.230189 0.041509 0.037736
168 0.286792 0.236792 0.041509 0.050943
169 0.347170 0.230189 0.045283 0.037736
170 0.388679 0.230189 0.030189 0.037736
171 0.424528 0.230189 0.037736 0.037736
172 0.479245 0.230189 0.041509 0.037736
173 0.038679 0.300000 0.043396 0.037736
174 0.110377 0.300000 0.066038 0.037736
175 0.183019 0.300000 0.045283 0.037736
176 0.239623 0.300000 0.041509 0.037736
177 0.281132 0.300000 0.033962 0.037736
178 0.324528 0.305660 0.018868 0.049057
179 0.363208 0.303774 0.032075 0.045283
180 0.391509 0.305660 0.016981 0.049057
181 0.415094 0.300000 0.022642 0.037736
182 0.444340 0.288679 0.028302 0.015094
183 0.010377 0.360377 0.009434 0.022642
184 0.033962 0.361321 0.030189 0.024528
185 0.081132 0.367925 0.033962 0.037736
186 0.123585 0.361321 0.024528 0.024528
187 0.158491 0.367925 0.033962 0.037736
188 0.203774 0.361321 0.026415 0.024528
189 0.231132 0.367925 0.020755 0.037736
190 0.260377 0.370755 0.026415 0.043396
191 0.296226 0.367925 0.037736 0.037736
192 0.342453 0.367925 0.020755 0.037736
193 0.023585 0.436792 0.016981 0.050943
194 0.053774 0.430189 0.039623 0.037736
195 0.086792 0.430189 0.018868 0.037736
196 0.127358 0.423585 0.054717 0.024528
197 0.177358 0.423585 0.037736 0.024528
198 0.213208 0.423585 0.030189 0.024528
199 0.258491 0.430189 0.033962 0.037736
200 0.296226 0.430189 0.033962 0.037736
201 0.340566 0.423585 0.028302 0.024528
202 0.380189 0.423585 0.024528 0.024528
203 0.015094 0.497170 0.018868 0.032075
204 0.055660 0.493396 0.035849 0.024528
205 0.091509 0.493396 0.028302 0.024528
206 0.146226 0.493396 0.047170 0.024528
207 0.186792 0.493396 0.030189 0.024528
208 0.221698 0.500000 0.028302 0.037736
209 0.263208 0.493396 0.024528 0.024528
210 0.300000 0.505660 0.015094 0.049057
211 0.313208 0.504717 0.007547 0.047170
212 0.328302 0.505660 0.015094 0.049057
213 0.032075 0.583019 0.030189 0.067925
