133 0.017925 0.028302 0.005660 0.018868
134 0.032075 0.046226 0.015094 0.054717
135 0.050000 0.039623 0.016981 0.041509
136 0.076415 0.038679 0.005660 0.039623
137 0.100943 0.039623 0.016981 0.041509
138 0.133019 0.039623 0.016981 0.041509
139 0.150943 0.039623 0.015094 0.041509
140 0.167925 0.039623 0.015094 0.041509
141 0.189623 0.039623 0.016981 0.041509
142 0.220755 0.039623 0.015094 0.041509
143 0.011321 0.113208 0.015094 0.041509
144 0.044340 0.113208 0.016981 0.041509
145 0.061321 0.098113 0.005660 0.011321
146 0.072642 0.098113 0.005660 0.011321
147 0.100943 0.108491 0.024528 0.032075
148 0.134906 0.098113 0.032075 0.011321
149 0.165094 0.106604 0.020755 0.028302
150 0.187736 0.113208 0.016981 0.041509
151 0.231132 0.113208 0.043396 0.041509
152 0.264151 0.110377 0.018868 0.035849
153 0.020755 0.173585 0.015094 0.041509
154 0.041509 0.173585 0.015094 0.041509
155 0.062264 0.173585 0.015094 0.041509
156 0.094340 0.173585 0.015094 0.041509
157 0.124528 0.173585 0.015094 0.041509
158 0.145283 0.173585 0.015094 0.041509
159 0.165094 0.173585 0.016981 0.041509
160 0.194340 0.174528 0.007547 0.043396
161 0.220755 0.173585 0.015094 0.041509
162 0.242453 0.173585 0.016981 0.041509
163 0.021698 0.235849 0.013208 0.041509
164 0.042453 0.235849 0.020755 0.041509
165 0.066981 0.235849 0.016981 0.041509
166 0.089623 0.235849 0.016981 0.041509
167 0.122642 0.235849 0.015094 0.041509
168 0.155660 0.239623 0.016981 0.049057
169 0.186792 0.235849 0.015094 0.041509
170 0.203774 0.235849 0.015094 0.041509
171 0.236792 0.235849 0.016981 0.041509
172 0.259434 0.235849 0.016981 0.041509
173 0.023585 0.303774 0.016981 0.041509
174 0.044340 0.303774 0.020755 0.041509
175 0.065094 0.303774 0.016981 0.041509
176 0.087736 0.303774 0.016981 0.041509
177 0.118868 0.303774 0.015094 0.041509
178 0.144340 0.310377 0.005660 0.054717
179 0.166981 0.310377 0.013208 0.054717
180 0.193396 0.310377 0.005660 0.054717
181 0.220755 0.301887 0.022642 0.037736
182 0.251887 0.290566 0.028302 0.015094
183 0.017925 0.362264 0.005660 0.011321
184 0.042453 0.371698 0.016981 0.030189
185 0.076415 0.377358 0.016981 0.041509
186 0.093396 0.371698 0.013208 0.030189
187 0.124528 0.377358 0.015094 0.041509
188 0.140566 0.371698 0.013208 0.030189
189 0.172642 0.377358 0.016981 0.041509
190 0.201887 0.377358 0.015094 0.041509
191 0.233019 0.377358 0.016981 0.041509
192 0.249057 0.375472 0.007547 0.037736
193 0.021698 0.441509 0.013208 0.049057
194 0.049057 0.437736 0.015094 0.041509
195 0.065094 0.437736 0.005660 0.041509
196 0.095283 0.432075 0.024528 0.030189
197 0.119811 0.432075 0.016981 0.030189
198 0.136792 0.432075 0.013208 0.030189
199 0.155660 0.437736 0.016981 0.041509
200 0.177358 0.437736 0.015094 0.041509
201 0.208491 0.432075 0.013208 0.030189
202 0.227358 0.432075 0.013208 0.030189
203 0.022642 0.505660 0.015094 0.041509
204 0.044340 0.500000 0.016981 0.030189
205 0.077358 0.500000 0.015094 0.030189
206 0.112264 0.500000 0.024528 0.030189
207 0.133019 0.500000 0.013208 0.030189
208 0.163208 0.505660 0.016981 0.041509
209 0.191509 0.500000 0.013208 0.030189
210 0.215094 0.512264 0.007547 0.054717
211 0.221698 0.511321 0.001887 0.052830
212 0.241509 0.512264 0.007547 0.054717
213 0.023585 0.575472 0.016981 0.033962
