133 0.016038 0.037736 0.005660 0.037736
134 0.043396 0.038679 0.015094 0.039623
135 0.076415 0.038679 0.024528 0.039623
136 0.106604 0.038679 0.005660 0.039623
137 0.123585 0.038679 0.024528 0.039623
138 0.159434 0.038679 0.020755 0.039623
139 0.186792 0.038679 0.026415 0.039623
140 0.212264 0.038679 0.020755 0.039623
141 0.240566 0.038679 0.024528 0.039623
142 0.277358 0.037736 0.022642 0.037736
143 0.017925 0.097170 0.024528 0.039623
144 0.046226 0.097170 0.024528 0.039623
145 0.076415 0.090566 0.005660 0.026415
146 0.099057 0.094340 0.005660 0.033962
147 0.128302 0.091509 0.026415 0.028302
148 0.160377 0.084906 0.026415 0.015094
149 0.200000 0.091509 0.026415 0.028302
150 0.232075 0.097170 0.011321 0.039623
151 0.268868 0.103774 0.050943 0.052830
152 0.330189 0.097170 0.037736 0.039623
153 0.015094 0.168868 0.026415 0.039623
154 0.058491 0.168868 0.033962 0.039623
155 0.110377 0.168868 0.035849 0.039623
156 0.145283 0.168868 0.022642 0.039623
157 0.172642 0.168868 0.020755 0.039623
158 0.205660 0.168868 0.033962 0.039623
159 0.241509 0.168868 0.033962 0.039623
160 0.266981 0.168868 0.005660 0.039623
161 0.280189 0.175472 0.013208 0.052830
162 0.316038 0.168868 0.032075 0.039623
163 0.015094 0.240566 0.022642 0.039623
164 0.048113 0.240566 0.035849 0.039623
165 0.087736 0.240566 0.035849 0.039623
166 0.132075 0.240566 0.041509 0.039623
167 0.180189 0.240566 0.024528 0.039623
168 0.215094 0.244340 0.041509 0.047170
169 0.254717 0.240566 0.030189 0.039623
170 0.286792 0.240566 0.022642 0.039623
171 0.327358 0.240566 0.032075 0.039623
172 0.372642 0.240566 0.032075 0.039623
173 0.018868 0.306604 0.033962 0.039623
174 0.082075 0.306604 0.058491 0.039623
175 0.147170 0.306604 0.037736 0.039623
176 0.188679 0.306604 0.033962 0.039623
177 0.237736 0.306604 0.033962 0.039623
178 0.264151 0.313208 0.011321 0.052830
179 0.293396 0.306604 0.013208 0.039623
180 0.322642 0.313208 0.011321 0.052830
181 0.345283 0.309434 0.022642 0.045283
182 0.378302 0.301887 0.032075 0.030189
183 0.018868 0.369811 0.007547 0.022642
184 0.038679 0.371698 0.020755 0.026415
185 0.066038 0.378302 0.022642 0.039623
186 0.102830 0.371698 0.020755 0.026415
187 0.126415 0.378302 0.022642 0.039623
188 0.164151 0.371698 0.022642 0.026415
189 0.200943 0.378302 0.016981 0.039623
190 0.234906 0.378302 0.024528 0.039623
191 0.270755 0.378302 0.020755 0.039623
192 0.289623 0.376415 0.005660 0.035849
193 0.010377 0.441509 0.009434 0.049057
194 0.041509 0.436792 0.022642 0.039623
195 0.057547 0.436792 0.005660 0.039623
196 0.082075 0.430189 0.035849 0.026415
197 0.114151 0.430189 0.020755 0.026415
198 0.141509 0.430189 0.026415 0.026415
199 0.179245 0.436792 0.022642 0.039623
200 0.218868 0.436792 0.022642 0.039623
201 0.254717 0.430189 0.018868 0.026415
202 0.285849 0.430189 0.016981 0.026415
203 0.026415 0.500000 0.018868 0.030189
204 0.048113 0.498113 0.020755 0.026415
205 0.085849 0.498113 0.024528 0.026415
206 0.123585 0.498113 0.039623 0.026415
207 0.157547 0.498113 0.024528 0.026415
208 0.197170 0.504717 0.024528 0.039623
209 0.221698 0.498113 0.020755 0.026415
210 0.252830 0.511321 0.015094 0.052830
211 0.277358 0.511321 0.003774 0.052830
212 0.301887 0.511321 0.015094 0.052830
213 0.017925 0.579245 0.028302 0.045283
