133 0.003774 0.037736 0.003774 0.037736
134 0.033962 0.039623 0.026415 0.041509
135 0.072642 0.033962 0.020755 0.030189
136 0.105660 0.033962 0.015094 0.030189
137 0.130189 0.033962 0.022642 0.030189
138 0.169811 0.038679 0.026415 0.039623
139 0.200000 0.036792 0.022642 0.035849
140 0.241509 0.040566 0.026415 0.043396
141 0.279245 0.039623 0.022642 0.041509
142 0.317925 0.041509 0.024528 0.045283
143 0.018868 0.103774 0.030189 0.041509
144 0.060377 0.104717 0.026415 0.043396
145 0.083019 0.091509 0.007547 0.016981
146 0.107547 0.095283 0.007547 0.024528
147 0.118868 0.089623 0.011321 0.013208
148 0.137736 0.086792 0.018868 0.007547
149 0.153774 0.089623 0.009434 0.013208
150 0.183019 0.101887 0.022642 0.037736
151 0.222642 0.100000 0.030189 0.033962
152 0.261321 0.101887 0.035849 0.037736
153 0.018868 0.164151 0.030189 0.037736
154 0.050000 0.164151 0.024528 0.037736
155 0.083019 0.164151 0.033962 0.037736
156 0.119811 0.164151 0.032075 0.037736
157 0.159434 0.164151 0.035849 0.037736
158 0.205660 0.167925 0.030189 0.045283
159 0.259434 0.164151 0.043396 0.037736
160 0.297170 0.164151 0.020755 0.037736
161 0.320755 0.166038 0.022642 0.041509
162 0.365094 0.165094 0.035849 0.039623
163 0.028302 0.229245 0.030189 0.039623
164 0.086792 0.229245 0.052830 0.039623
165 0.146226 0.228302 0.039623 0.037736
166 0.183962 0.229245 0.032075 0.039623
167 0.229245 0.228302 0.032075 0.037736
168 0.263208 0.229245 0.032075 0.039623
169 0.313208 0.232075 0.041509 0.045283
170 0.364151 0.229245 0.033962 0.039623
171 0.415094 0.228302 0.033962 0.037736
172 0.459434 0.229245 0.043396 0.039623
173 0.036792 0.292453 0.039623 0.037736
174 0.085849 0.293396 0.054717 0.039623
175 0.148113 0.294340 0.035849 0.041509
176 0.200000 0.296226 0.037736 0.045283
177 0.241509 0.293396 0.033962 0.039623
178 0.275472 0.297170 0.022642 0.047170
179 0.306604 0.294340 0.005660 0.041509
180 0.324528 0.296226 0.022642 0.045283
181 0.360377 0.284906 0.018868 0.022642
182 0.387736 0.281132 0.028302 0.015094
183 0.019811 0.348113 0.005660 0.016981
184 0.034906 0.350943 0.020755 0.022642
185 0.070755 0.362264 0.020755 0.045283
186 0.104717 0.350943 0.013208 0.022642
187 0.143396 0.362264 0.033962 0.045283
188 0.170755 0.350943 0.013208 0.022642
189 0.205660 0.368868 0.026415 0.058491
190 0.240566 0.363208 0.032075 0.047170
191 0.280189 0.363208 0.020755 0.047170
192 0.312264 0.355660 0.013208 0.032075
193 0.035849 0.445283 0.037736 0.056604
194 0.083019 0.443396 0.022642 0.052830
195 0.108491 0.439623 0.020755 0.045283
196 0.148113 0.429245 0.032075 0.024528
197 0.188679 0.428302 0.018868 0.022642
198 0.219811 0.428302 0.016981 0.022642
199 0.245283 0.443396 0.026415 0.052830
200 0.274528 0.439623 0.020755 0.045283
201 0.297170 0.428302 0.016981 0.022642
202 0.316981 0.428302 0.015094 0.022642
203 0.009434 0.511321 0.015094 0.037736
204 0.029245 0.503774 0.020755 0.022642
205 0.054717 0.504717 0.018868 0.024528
206 0.092453 0.503774 0.026415 0.022642
207 0.132075 0.509434 0.026415 0.033962
208 0.166981 0.516038 0.032075 0.047170
209 0.195283 0.503774 0.020755 0.022642
210 0.231132 0.515094 0.020755 0.045283
211 0.259434 0.516038 0.005660 0.047170
212 0.276415 0.515094 0.020755 0.045283
213 0.022642 0.586792 0.018868 0.056604
