33 0.028302 0.047170 0.045283 0.056604
34 0.086792 0.047170 0.045283 0.056604
35 0.147170 0.047170 0.045283 0.056604
36 0.198113 0.047170 0.045283 0.056604
37 0.249057 0.047170 0.045283 0.056604
38 0.300000 0.047170 0.045283 0.056604
39 0.349057 0.047170 0.045283 0.056604
40 0.400000 0.047170 0.045283 0.056604
41 0.458491 0.047170 0.045283 0.056604
42 0.520755 0.047170 0.045283 0.056604
43 0.035849 0.122642 0.045283 0.056604
44 0.096226 0.122642 0.045283 0.056604
45 0.145283 0.122642 0.045283 0.056604
46 0.205660 0.122642 0.045283 0.056604
47 0.267925 0.122642 0.045283 0.056604
48 0.330189 0.122642 0.045283 0.056604
49 0.390566 0.122642 0.045283 0.056604
50 0.449057 0.122642 0.045283 0.056604
51 0.507547 0.122642 0.045283 0.056604
52 0.566038 0.122642 0.045283 0.056604
53 0.037736 0.198113 0.045283 0.056604
54 0.084906 0.198113 0.045283 0.056604
55 0.135849 0.198113 0.045283 0.056604
56 0.198113 0.198113 0.045283 0.056604
57 0.260377 0.198113 0.045283 0.056604
58 0.318868 0.198113 0.045283 0.056604
59 0.381132 0.198113 0.045283 0.056604
60 0.430189 0.198113 0.045283 0.056604
61 0.492453 0.198113 0.045283 0.056604
62 0.543396 0.198113 0.045283 0.056604
63 0.035849 0.273585 0.045283 0.056604
64 0.096226 0.273585 0.045283 0.056604
65 0.158491 0.273585 0.045283 0.056604
66 0.205660 0.273585 0.045283 0.056604
67 0.254717 0.273585 0.045283 0.056604
68 0.303774 0.273585 0.045283 0.056604
69 0.362264 0.273585 0.045283 0.056604
70 0.422642 0.273585 0.045283 0.056604
71 0.484906 0.273585 0.045283 0.056604
72 0.545283 0.273585 0.045283 0.056604
73 0.039623 0.349057 0.045283 0.056604
74 0.086792 0.349057 0.045283 0.056604
75 0.145283 0.349057 0.045283 0.056604
76 0.205660 0.349057 0.045283 0.056604
77 0.256604 0.349057 0.045283 0.056604
78 0.318868 0.349057 0.045283 0.056604
79 0.367925 0.349057 0.045283 0.056604
80 0.416981 0.349057 0.045283 0.056604
81 0.475472 0.349057 0.045283 0.056604
82 0.522642 0.349057 0.045283 0.056604
83 0.037736 0.424528 0.045283 0.056604
84 0.088679 0.424528 0.045283 0.056604
85 0.147170 0.424528 0.045283 0.056604
86 0.209434 0.424528 0.045283 0.056604
87 0.249057 0.396226 0.000000 0.000000
88 0.266038 0.396226 0.000000 0.000000
89 0.267925 0.396226 0.000000 0.000000
90 0.284906 0.396226 0.000000 0.000000
91 0.286792 0.396226 0.000000 0.000000
92 0.300000 0.396226 0.000000 0.000000
93 0.013208 0.471698 0.000000 0.000000
94 0.030189 0.471698 0.000000 0.000000
95 0.047170 0.471698 0.000000 0.000000
96 0.064151 0.471698 0.000000 0.000000
97 0.081132 0.471698 0.000000 0.000000
98 0.096226 0.471698 0.000000 0.000000
99 0.100000 0.471698 0.000000 0.000000
100 0.101887 0.471698 0.000000 0.000000
101 0.107547 0.471698 0.000000 0.000000
102 0.122642 0.471698 0.000000 0.000000
103 0.015094 0.490566 0.000000 0.000000
104 0.016981 0.490566 0.000000 0.000000
105 0.022642 0.490566 0.000000 0.000000
106 0.037736 0.490566 0.000000 0.000000
107 0.041509 0.490566 0.000000 0.000000
108 0.045283 0.490566 0.000000 0.000000
109 0.050943 0.490566 0.000000 0.000000
110 0.066038 0.490566 0.000000 0.000000
111 0.071698 0.490566 0.000000 0.000000
112 0.084906 0.490566 0.000000 0.000000
113 0.003774 0.509434 0.000000 0.000000
114 0.016981 0.509434 0.000000 0.000000
115 0.022642 0.509434 0.000000 0.000000
116 0.024528 0.509434 0.000000 0.000000
117 0.037736 0.509434 0.000000 0.000000
118 0.043396 0.509434 0.000000 0.000000
119 0.047170 0.509434 0.000000 0.000000
120 0.066038 0.527358 0.003774 0.035849
121 0.090566 0.523585 0.011321 0.028302
122 0.115094 0.526415 0.026415 0.033962
123 0.011321 0.583019 0.018868 0.037736
124 0.045283 0.581132 0.037736 0.033962
125 0.097170 0.582075 0.032075 0.035849
126 0.133019 0.581132 0.005660 0.033962
127 0.146226 0.585849 0.009434 0.043396
128 0.160377 0.586792 0.011321 0.045283
129 0.180189 0.572642 0.016981 0.016981
130 0.205660 0.578302 0.026415 0.028302
131 0.236792 0.581132 0.005660 0.033962
132 0.259434 0.569811 0.013208 0.011321
