133 0.006604 0.028302 0.001887 0.018868
134 0.017925 0.030189 0.009434 0.022642
135 0.035849 0.031132 0.015094 0.024528
136 0.061321 0.031132 0.009434 0.024528
137 0.090566 0.031132 0.015094 0.024528
138 0.108491 0.031132 0.013208 0.024528
139 0.138679 0.031132 0.016981 0.024528
140 0.159434 0.031132 0.013208 0.024528
141 0.175472 0.031132 0.015094 0.024528
142 0.205660 0.031132 0.015094 0.024528
143 0.009434 0.074528 0.015094 0.024528
144 0.037736 0.074528 0.015094 0.024528
145 0.052830 0.070755 0.003774 0.016981
146 0.069811 0.072642 0.003774 0.020755
147 0.099057 0.072642 0.020755 0.020755
148 0.121698 0.066038 0.020755 0.007547
149 0.153774 0.070755 0.016981 0.016981
150 0.182075 0.074528 0.013208 0.024528
151 0.217925 0.078302 0.032075 0.032075
152 0.252830 0.073585 0.026415 0.022642
153 0.028302 0.125472 0.022642 0.024528
154 0.053774 0.125472 0.020755 0.024528
155 0.081132 0.125472 0.026415 0.024528
156 0.109434 0.125472 0.018868 0.024528
157 0.132075 0.125472 0.018868 0.024528
158 0.159434 0.125472 0.024528 0.024528
159 0.200000 0.125472 0.026415 0.024528
160 0.219811 0.125472 0.009434 0.024528
161 0.234906 0.125472 0.013208 0.024528
162 0.261321 0.125472 0.028302 0.024528
163 0.012264 0.168868 0.020755 0.024528
164 0.051887 0.168868 0.032075 0.024528
165 0.083019 0.168868 0.026415 0.024528
166 0.114151 0.168868 0.024528 0.024528
167 0.139623 0.168868 0.018868 0.024528
168 0.174528 0.172642 0.024528 0.032075
169 0.214151 0.168868 0.024528 0.024528
170 0.251887 0.168868 0.016981 0.024528
171 0.274528 0.168868 0.020755 0.024528
172 0.303774 0.168868 0.026415 0.024528
173 0.028302 0.219811 0.026415 0.024528
174 0.061321 0.219811 0.035849 0.024528
175 0.098113 0.219811 0.026415 0.024528
176 0.130189 0.219811 0.026415 0.024528
177 0.157547 0.219811 0.020755 0.024528
178 0.184906 0.223585 0.007547 0.032075
179 0.208491 0.219811 0.009434 0.024528
180 0.222642 0.223585 0.007547 0.032075
181 0.239623 0.220755 0.015094 0.026415
182 0.269811 0.215094 0.018868 0.015094
183 0.018868 0.264151 0.003774 0.011321
184 0.031132 0.266981 0.013208 0.016981
185 0.059434 0.271698 0.016981 0.026415
186 0.091509 0.266981 0.013208 0.016981
187 0.121698 0.271698 0.016981 0.026415
188 0.140566 0.266981 0.013208 0.016981
189 0.159434 0.271698 0.013208 0.026415
190 0.191509 0.270755 0.016981 0.024528
191 0.213208 0.271698 0.018868 0.026415
192 0.241509 0.271698 0.007547 0.026415
193 0.008491 0.320755 0.009434 0.033962
194 0.039623 0.316981 0.018868 0.026415
195 0.069811 0.316981 0.007547 0.026415
196 0.089623 0.312264 0.028302 0.016981
197 0.116981 0.312264 0.018868 0.016981
198 0.149057 0.312264 0.015094 0.016981
199 0.166981 0.316038 0.016981 0.024528
200 0.187736 0.316038 0.016981 0.024528
201 0.204717 0.312264 0.013208 0.016981
202 0.233962 0.312264 0.011321 0.016981
203 0.018868 0.366981 0.007547 0.020755
204 0.045283 0.365094 0.018868 0.016981
205 0.069811 0.364151 0.018868 0.015094
206 0.094340 0.365094 0.026415 0.016981
207 0.130189 0.365094 0.018868 0.016981
208 0.152830 0.368868 0.018868 0.024528
209 0.173585 0.365094 0.015094 0.016981
210 0.187736 0.373585 0.009434 0.033962
211 0.205660 0.356604 0.000000 0.000000
212 0.214151 0.373585 0.009434 0.033962
213 0.022642 0.426415 0.015094 0.033962
