133 0.010377 0.037736 0.009434 0.037736
134 0.041509 0.036792 0.022642 0.035849
135 0.067925 0.036792 0.022642 0.035849
136 0.092453 0.036792 0.022642 0.035849
137 0.116981 0.036792 0.022642 0.035849
138 0.143396 0.036792 0.022642 0.035849
139 0.166038 0.036792 0.018868 0.035849
140 0.201887 0.036792 0.022642 0.035849
141 0.230189 0.036792 0.022642 0.035849
142 0.266038 0.036792 0.022642 0.035849
143 0.015094 0.093396 0.022642 0.035849
144 0.054717 0.093396 0.022642 0.035849
145 0.087736 0.086792 0.009434 0.022642
146 0.102830 0.091509 0.013208 0.032075
147 0.122642 0.089623 0.022642 0.028302
148 0.158491 0.082075 0.022642 0.013208
149 0.183019 0.089623 0.022642 0.028302
150 0.211321 0.093396 0.022642 0.035849
151 0.239623 0.093396 0.022642 0.035849
152 0.264151 0.093396 0.022642 0.035849
153 0.024528 0.148113 0.022642 0.035849
154 0.052830 0.148113 0.022642 0.035849
155 0.090566 0.148113 0.022642 0.035849
156 0.115094 0.148113 0.022642 0.035849
157 0.141509 0.148113 0.022642 0.035849
158 0.167925 0.148113 0.022642 0.035849
159 0.207547 0.148113 0.022642 0.035849
160 0.243396 0.148113 0.022642 0.035849
161 0.269811 0.148113 0.018868 0.035849
162 0.294340 0.148113 0.022642 0.035849
163 0.024528 0.202830 0.022642 0.035849
164 0.050943 0.202830 0.022642 0.035849
165 0.090566 0.202830 0.022642 0.035849
166 0.115094 0.202830 0.022642 0.035849
167 0.150943 0.202830 0.022642 0.035849
168 0.179245 0.202830 0.022642 0.035849
169 0.207547 0.202830 0.022642 0.035849
170 0.235849 0.202830 0.022642 0.035849
171 0.275472 0.202830 0.022642 0.035849
172 0.300000 0.202830 0.022642 0.035849
173 0.026415 0.257547 0.022642 0.035849
174 0.064151 0.257547 0.022642 0.035849
175 0.092453 0.257547 0.022642 0.035849
176 0.120755 0.257547 0.022642 0.035849
177 0.156604 0.257547 0.022642 0.035849
178 0.184906 0.257547 0.022642 0.035849
179 0.222642 0.257547 0.022642 0.035849
180 0.262264 0.257547 0.022642 0.035849
181 0.301887 0.262264 0.022642 0.045283
182 0.333962 0.254717 0.033962 0.030189
183 0.011321 0.317925 0.011321 0.028302
184 0.043396 0.316981 0.022642 0.026415
185 0.067925 0.321698 0.022642 0.035849
186 0.107547 0.316981 0.022642 0.026415
187 0.147170 0.321698 0.022642 0.035849
188 0.173585 0.316981 0.022642 0.026415
189 0.196226 0.321698 0.018868 0.035849
190 0.232075 0.321698 0.022642 0.035849
191 0.258491 0.321698 0.022642 0.035849
192 0.283962 0.323585 0.016981 0.039623
193 0.024528 0.386792 0.018868 0.049057
194 0.060377 0.380189 0.022642 0.035849
195 0.093396 0.380189 0.016981 0.035849
196 0.117925 0.375472 0.024528 0.026415
197 0.158491 0.375472 0.022642 0.026415
198 0.196226 0.375472 0.022642 0.026415
199 0.235849 0.381132 0.022642 0.037736
200 0.264151 0.380189 0.022642 0.035849
201 0.300000 0.375472 0.022642 0.026415
202 0.339623 0.375472 0.022642 0.026415
203 0.016981 0.447170 0.022642 0.033962
204 0.043396 0.443396 0.022642 0.026415
205 0.067925 0.443396 0.022642 0.026415
206 0.097170 0.443396 0.024528 0.026415
207 0.137736 0.443396 0.022642 0.026415
208 0.162264 0.448113 0.022642 0.035849
209 0.198113 0.443396 0.022642 0.026415
210 0.224528 0.448113 0.022642 0.035849
211 0.241509 0.448113 0.003774 0.035849
212 0.267925 0.448113 0.022642 0.035849
213 0.024528 0.507547 0.022642 0.045283
