33 0.014151 0.035849 0.024528 0.033962
34 0.051887 0.035849 0.024528 0.033962
35 0.082075 0.035849 0.024528 0.033962
36 0.119811 0.035849 0.024528 0.033962
37 0.159434 0.035849 0.024528 0.033962
38 0.199057 0.035849 0.024528 0.033962
39 0.236792 0.035849 0.024528 0.033962
40 0.265094 0.035849 0.024528 0.033962
41 0.306604 0.035849 0.024528 0.033962
42 0.348113 0.035849 0.024528 0.033962
43 0.016038 0.088679 0.024528 0.033962
44 0.042453 0.088679 0.024528 0.033962
45 0.080189 0.088679 0.024528 0.033962
46 0.106604 0.088679 0.024528 0.033962
47 0.148113 0.088679 0.024528 0.033962
48 0.178302 0.088679 0.024528 0.033962
49 0.208491 0.088679 0.024528 0.033962
50 0.246226 0.088679 0.024528 0.033962
51 0.283962 0.088679 0.024528 0.033962
52 0.323585 0.088679 0.024528 0.033962
53 0.014151 0.141509 0.024528 0.033962
54 0.040566 0.141509 0.024528 0.033962
55 0.066981 0.141509 0.024528 0.033962
56 0.093396 0.141509 0.024528 0.033962
57 0.119811 0.141509 0.024528 0.033962
58 0.148113 0.141509 0.024528 0.033962
59 0.174528 0.141509 0.024528 0.033962
60 0.200943 0.141509 0.024528 0.033962
61 0.227358 0.141509 0.024528 0.033962
62 0.268868 0.141509 0.024528 0.033962
63 0.029245 0.194340 0.024528 0.033962
64 0.055660 0.194340 0.024528 0.033962
65 0.085849 0.194340 0.024528 0.033962
66 0.112264 0.194340 0.024528 0.033962
67 0.140566 0.194340 0.024528 0.033962
68 0.182075 0.194340 0.024528 0.033962
69 0.221698 0.194340 0.024528 0.033962
70 0.250000 0.194340 0.024528 0.033962
71 0.289623 0.194340 0.024528 0.033962
72 0.317925 0.194340 0.024528 0.033962
73 0.025472 0.247170 0.024528 0.033962
74 0.051887 0.247170 0.024528 0.033962
75 0.082075 0.247170 0.024528 0.033962
76 0.110377 0.247170 0.024528 0.033962
77 0.140566 0.247170 0.024528 0.033962
78 0.168868 0.247170 0.024528 0.033962
79 0.195283 0.247170 0.024528 0.033962
80 0.223585 0.247170 0.024528 0.033962
81 0.251887 0.247170 0.024528 0.033962
82 0.278302 0.247170 0.024528 0.033962
83 0.029245 0.300000 0.024528 0.033962
84 0.059434 0.300000 0.024528 0.033962
85 0.099057 0.300000 0.024528 0.033962
86 0.127358 0.300000 0.024528 0.033962
87 0.143396 0.283019 0.000000 0.000000
88 0.156604 0.283019 0.000000 0.000000
89 0.160377 0.283019 0.000000 0.000000
90 0.162264 0.283019 0.000000 0.000000
91 0.164151 0.283019 0.000000 0.000000
92 0.167925 0.283019 0.000000 0.000000
93 0.005660 0.335849 0.000000 0.000000
94 0.018868 0.335849 0.000000 0.000000
95 0.020755 0.335849 0.000000 0.000000
96 0.024528 0.335849 0.000000 0.000000
97 0.026415 0.335849 0.000000 0.000000
98 0.041509 0.335849 0.000000 0.000000
99 0.056604 0.335849 0.000000 0.000000
100 0.060377 0.335849 0.000000 0.000000
101 0.075472 0.335849 0.000000 0.000000
102 0.088679 0.335849 0.000000 0.000000
103 0.015094 0.354717 0.000000 0.000000
104 0.020755 0.354717 0.000000 0.000000
105 0.026415 0.354717 0.000000 0.000000
106 0.043396 0.354717 0.000000 0.000000
107 0.049057 0.354717 0.000000 0.000000
108 0.050943 0.354717 0.000000 0.000000
109 0.054717 0.354717 0.000000 0.000000
110 0.069811 0.354717 0.000000 0.000000
111 0.075472 0.354717 0.000000 0.000000
112 0.081132 0.354717 0.000000 0.000000
113 0.015094 0.373585 0.000000 0.000000
114 0.032075 0.373585 0.000000 0.000000
115 0.047170 0.373585 0.000000 0.000000
116 0.064151 0.373585 0.000000 0.000000
117 0.066038 0.373585 0.000000 0.000000
118 0.081132 0.373585 0.000000 0.000000
119 0.086792 0.373585 0.000000 0.000000
120 0.093396 0.390566 0.005660 0.033962
121 0.103774 0.390566 0.011321 0.033962
122 0.136792 0.388679 0.020755 0.030189
123 0.013208 0.443396 0.018868 0.033962
124 0.045283 0.443396 0.033962 0.033962
125 0.096226 0.443396 0.033962 0.033962
126 0.116981 0.443396 0.003774 0.033962
127 0.141509 0.448113 0.011321 0.043396
128 0.169811 0.448113 0.011321 0.043396
129 0.199057 0.434906 0.016981 0.016981
130 0.236792 0.439623 0.024528 0.026415
131 0.253774 0.446226 0.005660 0.039623
132 0.277358 0.432075 0.011321 0.011321
