133 0.008491 0.033019 0.005660 0.028302
134 0.023585 0.037736 0.013208 0.037736
135 0.051887 0.037736 0.016981 0.037736
136 0.078302 0.037736 0.005660 0.037736
137 0.090566 0.037736 0.015094 0.037736
138 0.120755 0.037736 0.015094 0.037736
139 0.138679 0.037736 0.016981 0.037736
140 0.166981 0.037736 0.013208 0.037736
141 0.198113 0.037736 0.015094 0.037736
142 0.228302 0.037736 0.015094 0.037736
143 0.023585 0.094340 0.016981 0.037736
144 0.041509 0.094340 0.015094 0.037736
145 0.057547 0.087736 0.005660 0.024528
146 0.065094 0.090566 0.005660 0.030189
147 0.096226 0.088679 0.026415 0.026415
148 0.139623 0.083019 0.026415 0.015094
149 0.171698 0.088679 0.026415 0.026415
150 0.193396 0.094340 0.009434 0.037736
151 0.224528 0.100000 0.041509 0.049057
152 0.269811 0.094340 0.018868 0.037736
153 0.024528 0.162264 0.015094 0.037736
154 0.056604 0.162264 0.015094 0.037736
155 0.089623 0.162264 0.016981 0.037736
156 0.106604 0.162264 0.013208 0.037736
157 0.124528 0.162264 0.011321 0.037736
158 0.152830 0.162264 0.018868 0.037736
159 0.187736 0.162264 0.016981 0.037736
160 0.201887 0.162264 0.003774 0.037736
161 0.225472 0.168868 0.009434 0.050943
162 0.254717 0.162264 0.015094 0.037736
163 0.012264 0.232075 0.013208 0.037736
164 0.045283 0.232075 0.018868 0.037736
165 0.076415 0.232075 0.016981 0.037736
166 0.112264 0.232075 0.020755 0.037736
167 0.133962 0.232075 0.015094 0.037736
168 0.153774 0.235849 0.020755 0.045283
169 0.189623 0.232075 0.016981 0.037736
170 0.217925 0.232075 0.013208 0.037736
171 0.238679 0.232075 0.016981 0.037736
172 0.258491 0.232075 0.015094 0.037736
173 0.010377 0.296226 0.016981 0.037736
174 0.048113 0.296226 0.032075 0.037736
175 0.076415 0.296226 0.016981 0.037736
176 0.099057 0.296226 0.016981 0.037736
177 0.116038 0.296226 0.013208 0.037736
178 0.141509 0.302830 0.007547 0.050943
179 0.166981 0.296226 0.013208 0.037736
180 0.180189 0.302830 0.009434 0.050943
181 0.211321 0.300000 0.022642 0.045283
182 0.251887 0.284906 0.028302 0.015094
183 0.008491 0.358491 0.005660 0.022642
184 0.034906 0.359434 0.016981 0.024528
185 0.052830 0.366038 0.015094 0.037736
186 0.072642 0.359434 0.013208 0.024528
187 0.092453 0.366038 0.015094 0.037736
188 0.110377 0.359434 0.013208 0.024528
189 0.125472 0.366038 0.009434 0.037736
190 0.144340 0.366038 0.016981 0.037736
191 0.172642 0.366038 0.013208 0.037736
192 0.183019 0.366038 0.003774 0.037736
193 0.009434 0.429245 0.007547 0.050943
194 0.022642 0.422642 0.015094 0.037736
195 0.046226 0.422642 0.005660 0.037736
196 0.066981 0.416038 0.024528 0.024528
197 0.091509 0.416038 0.013208 0.024528
198 0.122642 0.416038 0.015094 0.024528
199 0.152830 0.422642 0.015094 0.037736
200 0.184906 0.422642 0.015094 0.037736
201 0.200943 0.416038 0.009434 0.024528
202 0.214151 0.416038 0.009434 0.024528
203 0.010377 0.487736 0.009434 0.028302
204 0.026415 0.485849 0.015094 0.024528
205 0.046226 0.485849 0.016981 0.024528
206 0.080189 0.485849 0.024528 0.024528
207 0.101887 0.485849 0.015094 0.024528
208 0.132075 0.492453 0.015094 0.037736
209 0.151887 0.485849 0.013208 0.024528
210 0.181132 0.499057 0.015094 0.050943
211 0.205660 0.500000 0.003774 0.052830
212 0.228302 0.499057 0.015094 0.050943
213 0.020755 0.567925 0.030189 0.045283
