133 0.021698 0.061321 0.016981 0.084906
134 0.053774 0.040566 0.016981 0.043396
135 0.084906 0.035849 0.033962 0.033962
136 0.112264 0.035849 0.016981 0.033962
137 0.151887 0.035849 0.028302 0.033962
138 0.192453 0.035849 0.026415 0.033962
139 0.233962 0.035849 0.030189 0.033962
140 0.279245 0.035849 0.026415 0.033962
141 0.311321 0.035849 0.030189 0.033962
142 0.353774 0.035849 0.028302 0.033962
143 0.029245 0.139623 0.028302 0.033962
144 0.074528 0.139623 0.032075 0.033962
145 0.100943 0.134906 0.013208 0.024528
146 0.133019 0.139623 0.016981 0.033962
147 0.155660 0.137736 0.020755 0.030189
148 0.192453 0.133962 0.026415 0.022642
149 0.217925 0.138679 0.020755 0.032075
150 0.254717 0.142453 0.022642 0.039623
151 0.290566 0.143396 0.037736 0.041509
152 0.332075 0.142453 0.041509 0.039623
153 0.019811 0.202830 0.035849 0.039623
154 0.056604 0.202830 0.033962 0.039623
155 0.105660 0.202830 0.037736 0.039623
156 0.143396 0.202830 0.030189 0.039623
157 0.177358 0.202830 0.030189 0.039623
158 0.225472 0.203774 0.039623 0.041509
159 0.268868 0.202830 0.039623 0.039623
160 0.301887 0.202830 0.015094 0.039623
161 0.322642 0.207547 0.018868 0.049057
162 0.356604 0.202830 0.037736 0.039623
163 0.018868 0.270755 0.030189 0.039623
164 0.068868 0.270755 0.043396 0.039623
165 0.112264 0.270755 0.039623 0.039623
166 0.165094 0.270755 0.039623 0.039623
167 0.206604 0.270755 0.035849 0.039623
168 0.257547 0.274528 0.039623 0.047170
169 0.312264 0.270755 0.035849 0.039623
170 0.358491 0.272642 0.022642 0.043396
171 0.400000 0.270755 0.030189 0.039623
172 0.450000 0.270755 0.035849 0.039623
173 0.033019 0.336792 0.035849 0.039623
174 0.081132 0.336792 0.052830 0.039623
175 0.140566 0.336792 0.032075 0.039623
176 0.190566 0.336792 0.033962 0.039623
177 0.225472 0.336792 0.028302 0.039623
178 0.253774 0.342453 0.020755 0.050943
179 0.285849 0.338679 0.016981 0.043396
180 0.307547 0.342453 0.018868 0.050943
181 0.346226 0.337736 0.028302 0.041509
182 0.389623 0.354717 0.028302 0.075472
183 0.026415 0.431132 0.018868 0.039623
184 0.065094 0.425472 0.032075 0.028302
185 0.112264 0.432075 0.032075 0.041509
186 0.153774 0.425472 0.020755 0.028302
187 0.182075 0.432075 0.032075 0.041509
188 0.224528 0.425472 0.026415 0.028302
189 0.262264 0.432075 0.018868 0.041509
190 0.300000 0.429245 0.030189 0.035849
191 0.332075 0.432075 0.030189 0.041509
192 0.367925 0.431132 0.015094 0.039623
193 0.023585 0.494340 0.016981 0.045283
194 0.062264 0.492453 0.033962 0.041509
195 0.090566 0.491509 0.015094 0.039623
196 0.127358 0.485849 0.047170 0.028302
197 0.183019 0.485849 0.030189 0.028302
198 0.225472 0.485849 0.028302 0.028302
199 0.260377 0.490566 0.033962 0.037736
200 0.299057 0.490566 0.032075 0.037736
201 0.342453 0.485849 0.020755 0.028302
202 0.379245 0.489623 0.018868 0.035849
203 0.027358 0.554717 0.020755 0.037736
204 0.069811 0.550000 0.030189 0.028302
205 0.102830 0.550000 0.028302 0.028302
206 0.151887 0.550000 0.043396 0.028302
207 0.202830 0.550000 0.028302 0.028302
208 0.250000 0.554717 0.032075 0.037736
209 0.285849 0.550943 0.028302 0.030189
210 0.315094 0.561321 0.018868 0.050943
211 0.344340 0.557547 0.009434 0.043396
212 0.364151 0.561321 0.018868 0.050943
213 0.018868 0.667925 0.033962 0.124528
