133 0.016981 0.028302 0.003774 0.018868
134 0.053774 0.040566 0.035849 0.043396
135 0.090566 0.035849 0.030189 0.033962
136 0.130189 0.035849 0.022642 0.033962
137 0.163208 0.035849 0.035849 0.033962
138 0.204717 0.038679 0.035849 0.039623
139 0.253774 0.035849 0.032075 0.033962
140 0.306604 0.038679 0.039623 0.039623
141 0.357547 0.036792 0.032075 0.035849
142 0.408491 0.036792 0.039623 0.035849
143 0.029245 0.098113 0.032075 0.033962
144 0.077358 0.100000 0.037736 0.037736
145 0.116981 0.086792 0.007547 0.011321
146 0.132075 0.091509 0.011321 0.020755
147 0.165094 0.092453 0.024528 0.022642
148 0.200943 0.083962 0.016981 0.005660
149 0.228302 0.092453 0.026415 0.022642
150 0.270755 0.099057 0.024528 0.035849
151 0.312264 0.100000 0.032075 0.037736
152 0.346226 0.099057 0.032075 0.035849
153 0.019811 0.153774 0.032075 0.032075
154 0.068868 0.155660 0.035849 0.035849
155 0.122642 0.154717 0.037736 0.033962
156 0.167925 0.156604 0.041509 0.037736
157 0.226415 0.156604 0.041509 0.037736
158 0.270755 0.158491 0.035849 0.041509
159 0.328302 0.154717 0.049057 0.033962
160 0.384906 0.154717 0.030189 0.033962
161 0.425472 0.155660 0.043396 0.035849
162 0.483962 0.156604 0.043396 0.037736
163 0.032075 0.216038 0.030189 0.035849
164 0.088679 0.215094 0.049057 0.033962
165 0.138679 0.215094 0.047170 0.033962
166 0.194340 0.216038 0.033962 0.035849
167 0.248113 0.215094 0.039623 0.033962
168 0.288679 0.221698 0.033962 0.047170
169 0.329245 0.216981 0.039623 0.037736
170 0.385849 0.217925 0.039623 0.039623
171 0.426415 0.216038 0.037736 0.035849
172 0.477358 0.215094 0.037736 0.033962
173 0.034906 0.283019 0.039623 0.037736
174 0.085849 0.283019 0.050943 0.037736
175 0.139623 0.283019 0.045283 0.037736
176 0.195283 0.282075 0.039623 0.035849
177 0.249057 0.282075 0.041509 0.035849
178 0.303774 0.287736 0.033962 0.047170
179 0.339623 0.283962 0.007547 0.039623
180 0.366038 0.287736 0.033962 0.047170
181 0.407547 0.279245 0.022642 0.030189
182 0.446226 0.271698 0.028302 0.015094
183 0.018868 0.338679 0.011321 0.016981
184 0.038679 0.342453 0.020755 0.024528
185 0.063208 0.344340 0.020755 0.028302
186 0.086792 0.340566 0.022642 0.020755
187 0.118868 0.345283 0.030189 0.030189
188 0.158491 0.341509 0.018868 0.022642
189 0.190566 0.346226 0.033962 0.032075
190 0.231132 0.344340 0.035849 0.028302
191 0.277358 0.345283 0.022642 0.030189
192 0.300943 0.345283 0.020755 0.030189
193 0.022642 0.402830 0.033962 0.043396
194 0.057547 0.395283 0.032075 0.028302
195 0.096226 0.395283 0.018868 0.028302
196 0.127358 0.391509 0.039623 0.020755
197 0.165094 0.390566 0.028302 0.018868
198 0.193396 0.389623 0.016981 0.016981
199 0.224528 0.396226 0.033962 0.030189
200 0.255660 0.397170 0.024528 0.032075
201 0.283962 0.390566 0.024528 0.018868
202 0.309434 0.390566 0.022642 0.018868
203 0.024528 0.459434 0.018868 0.032075
204 0.050000 0.452830 0.024528 0.018868
205 0.081132 0.452830 0.026415 0.018868
206 0.116981 0.453774 0.037736 0.020755
207 0.166038 0.453774 0.033962 0.020755
208 0.215094 0.458491 0.033962 0.030189
209 0.248113 0.456604 0.024528 0.026415
210 0.274528 0.464151 0.016981 0.041509
211 0.285849 0.466981 0.001887 0.047170
212 0.300000 0.464151 0.015094 0.041509
213 0.026415 0.526415 0.026415 0.033962
