133 0.020755 0.047170 0.011321 0.056604
134 0.053774 0.043396 0.028302 0.049057
135 0.103774 0.039623 0.041509 0.041509
136 0.155660 0.039623 0.035849 0.041509
137 0.212264 0.039623 0.043396 0.041509
138 0.269811 0.039623 0.041509 0.041509
139 0.316038 0.039623 0.043396 0.041509
140 0.361321 0.039623 0.039623 0.041509
141 0.415094 0.039623 0.041509 0.041509
142 0.460377 0.043396 0.041509 0.049057
143 0.032075 0.115094 0.037736 0.041509
144 0.074528 0.115094 0.039623 0.041509
145 0.106604 0.108491 0.016981 0.028302
146 0.137736 0.112264 0.018868 0.035849
147 0.166981 0.108491 0.032075 0.028302
148 0.213208 0.101887 0.030189 0.015094
149 0.257547 0.108491 0.032075 0.028302
150 0.299057 0.115094 0.024528 0.041509
151 0.339623 0.118868 0.049057 0.049057
152 0.398113 0.115094 0.060377 0.041509
153 0.031132 0.183019 0.054717 0.041509
154 0.084906 0.183019 0.045283 0.041509
155 0.151887 0.183019 0.058491 0.041509
156 0.224528 0.183019 0.060377 0.041509
157 0.284906 0.183019 0.056604 0.041509
158 0.352830 0.183019 0.049057 0.041509
159 0.414151 0.183019 0.069811 0.041509
160 0.476415 0.183019 0.043396 0.041509
161 0.537736 0.183019 0.049057 0.041509
162 0.595283 0.183019 0.062264 0.041509
163 0.041509 0.243396 0.052830 0.041509
164 0.115094 0.243396 0.083019 0.041509
165 0.206604 0.243396 0.069811 0.041509
166 0.279245 0.243396 0.045283 0.041509
167 0.347170 0.243396 0.056604 0.041509
168 0.411321 0.249057 0.045283 0.052830
169 0.479245 0.243396 0.056604 0.041509
170 0.546226 0.243396 0.043396 0.041509
171 0.606604 0.243396 0.050943 0.041509
172 0.673585 0.243396 0.052830 0.041509
173 0.044340 0.315094 0.054717 0.041509
174 0.112264 0.315094 0.077358 0.041509
175 0.193396 0.315094 0.058491 0.041509
176 0.252830 0.315094 0.052830 0.041509
177 0.323585 0.315094 0.054717 0.041509
178 0.385849 0.319811 0.039623 0.050943
179 0.415094 0.318868 0.015094 0.049057
180 0.459434 0.319811 0.039623 0.050943
181 0.496226 0.320755 0.026415 0.052830
182 0.536792 0.309434 0.028302 0.030189
183 0.008491 0.380189 0.009434 0.028302
184 0.048113 0.380189 0.035849 0.028302
185 0.084906 0.386792 0.030189 0.041509
186 0.129245 0.380189 0.028302 0.028302
187 0.168868 0.386792 0.039623 0.041509
188 0.219811 0.380189 0.028302 0.028302
189 0.263208 0.393396 0.050943 0.054717
190 0.326415 0.386792 0.041509 0.041509
191 0.380189 0.386792 0.035849 0.041509
192 0.411321 0.386792 0.022642 0.041509
193 0.025472 0.466981 0.039623 0.054717
194 0.081132 0.460377 0.037736 0.041509
195 0.116981 0.460377 0.022642 0.041509
196 0.158491 0.453774 0.052830 0.028302
197 0.216038 0.453774 0.035849 0.028302
198 0.261321 0.453774 0.028302 0.028302
199 0.299057 0.460377 0.043396 0.041509
200 0.352830 0.460377 0.033962 0.041509
201 0.403774 0.453774 0.033962 0.028302
202 0.439623 0.453774 0.026415 0.028302
203 0.028302 0.533019 0.022642 0.039623
204 0.072642 0.527358 0.035849 0.028302
205 0.119811 0.527358 0.028302 0.028302
206 0.171698 0.527358 0.045283 0.028302
207 0.230189 0.527358 0.041509 0.028302
208 0.285849 0.533962 0.039623 0.041509
209 0.325472 0.527358 0.032075 0.028302
210 0.371698 0.539623 0.030189 0.052830
211 0.390566 0.541509 0.003774 0.056604
212 0.422642 0.539623 0.030189 0.052830
213 0.033962 0.622642 0.033962 0.067925
