133 0.009434 0.037736 0.007547 0.037736
134 0.022642 0.037736 0.015094 0.037736
135 0.058491 0.037736 0.022642 0.037736
136 0.095283 0.037736 0.016981 0.037736
137 0.131132 0.037736 0.020755 0.037736
138 0.166981 0.037736 0.020755 0.037736
139 0.206604 0.037736 0.024528 0.037736
140 0.231132 0.037736 0.020755 0.037736
141 0.266981 0.037736 0.020755 0.037736
142 0.300943 0.037736 0.020755 0.037736
143 0.026415 0.094340 0.022642 0.037736
144 0.064151 0.095283 0.022642 0.039623
145 0.092453 0.086792 0.007547 0.022642
146 0.101887 0.089623 0.007547 0.028302
147 0.122642 0.089623 0.030189 0.028302
148 0.166038 0.083962 0.030189 0.016981
149 0.211321 0.089623 0.030189 0.028302
150 0.248113 0.094340 0.016981 0.037736
151 0.282075 0.100000 0.047170 0.049057
152 0.328302 0.093396 0.037736 0.035849
153 0.033019 0.162264 0.032075 0.037736
154 0.079245 0.162264 0.026415 0.037736
155 0.124528 0.162264 0.037736 0.037736
156 0.163208 0.162264 0.032075 0.037736
157 0.198113 0.162264 0.030189 0.037736
158 0.244340 0.162264 0.035849 0.037736
159 0.286792 0.162264 0.041509 0.037736
160 0.321698 0.162264 0.016981 0.037736
161 0.360377 0.165094 0.026415 0.043396
162 0.406604 0.162264 0.039623 0.037736
163 0.032075 0.224528 0.030189 0.037736
164 0.082075 0.224528 0.043396 0.037736
165 0.140566 0.224528 0.039623 0.037736
166 0.183019 0.224528 0.033962 0.037736
167 0.218868 0.224528 0.030189 0.037736
168 0.264151 0.230189 0.033962 0.049057
169 0.300943 0.224528 0.035849 0.037736
170 0.336792 0.224528 0.024528 0.037736
171 0.382075 0.224528 0.032075 0.037736
172 0.422642 0.224528 0.037736 0.037736
173 0.031132 0.291509 0.035849 0.035849
174 0.091509 0.291509 0.050943 0.035849
175 0.139623 0.292453 0.041509 0.037736
176 0.193396 0.292453 0.039623 0.037736
177 0.240566 0.292453 0.028302 0.037736
178 0.275472 0.299057 0.011321 0.050943
179 0.292453 0.292453 0.015094 0.037736
180 0.320755 0.299057 0.011321 0.050943
181 0.350943 0.294340 0.022642 0.041509
182 0.393396 0.288679 0.028302 0.030189
183 0.009434 0.360377 0.011321 0.033962
184 0.027358 0.354717 0.020755 0.022642
185 0.056604 0.362264 0.026415 0.037736
186 0.082075 0.354717 0.020755 0.022642
187 0.109434 0.362264 0.026415 0.037736
188 0.138679 0.354717 0.020755 0.022642
189 0.176415 0.362264 0.020755 0.037736
190 0.215094 0.362264 0.022642 0.037736
191 0.242453 0.362264 0.028302 0.037736
192 0.280189 0.361321 0.013208 0.035849
193 0.019811 0.425472 0.013208 0.050943
194 0.053774 0.418868 0.028302 0.037736
195 0.078302 0.418868 0.013208 0.037736
196 0.110377 0.411321 0.043396 0.022642
197 0.151887 0.411321 0.028302 0.022642
198 0.181132 0.411321 0.022642 0.022642
199 0.211321 0.418868 0.026415 0.037736
200 0.253774 0.418868 0.024528 0.037736
201 0.281132 0.411321 0.018868 0.022642
202 0.300943 0.411321 0.016981 0.022642
203 0.021698 0.483962 0.016981 0.028302
204 0.060377 0.481132 0.026415 0.022642
205 0.100943 0.481132 0.028302 0.022642
206 0.139623 0.481132 0.037736 0.022642
207 0.176415 0.481132 0.028302 0.022642
208 0.206604 0.488679 0.028302 0.037736
209 0.245283 0.481132 0.018868 0.022642
210 0.267925 0.495283 0.015094 0.050943
211 0.281132 0.496226 0.003774 0.052830
212 0.294340 0.495283 0.015094 0.050943
213 0.018868 0.569811 0.030189 0.056604
