133 0.006604 0.033019 0.005660 0.028302
134 0.039623 0.039623 0.026415 0.041509
135 0.080189 0.036792 0.024528 0.035849
136 0.119811 0.036792 0.020755 0.035849
137 0.159434 0.036792 0.024528 0.035849
138 0.199057 0.036792 0.024528 0.035849
139 0.225472 0.036792 0.024528 0.035849
140 0.267925 0.036792 0.026415 0.035849
141 0.305660 0.036792 0.022642 0.035849
142 0.334906 0.036792 0.024528 0.035849
143 0.025472 0.097170 0.024528 0.035849
144 0.054717 0.097170 0.022642 0.035849
145 0.072642 0.091509 0.009434 0.024528
146 0.096226 0.094340 0.011321 0.030189
147 0.116038 0.090566 0.016981 0.022642
148 0.137736 0.084906 0.022642 0.011321
149 0.169811 0.091509 0.015094 0.024528
150 0.201887 0.098113 0.018868 0.037736
151 0.232075 0.094340 0.030189 0.030189
152 0.282075 0.098113 0.035849 0.037736
153 0.019811 0.154717 0.028302 0.037736
154 0.053774 0.154717 0.028302 0.037736
155 0.102830 0.154717 0.035849 0.037736
156 0.150000 0.154717 0.028302 0.037736
157 0.195283 0.154717 0.028302 0.037736
158 0.239623 0.154717 0.030189 0.037736
159 0.292453 0.154717 0.041509 0.037736
160 0.326415 0.154717 0.018868 0.037736
161 0.363208 0.154717 0.028302 0.037736
162 0.399057 0.154717 0.035849 0.037736
163 0.016981 0.211321 0.026415 0.037736
164 0.057547 0.211321 0.047170 0.037736
165 0.107547 0.211321 0.041509 0.037736
166 0.150943 0.211321 0.033962 0.037736
167 0.186792 0.211321 0.030189 0.037736
168 0.221698 0.215094 0.035849 0.045283
169 0.270755 0.211321 0.032075 0.037736
170 0.304717 0.211321 0.024528 0.037736
171 0.347170 0.211321 0.030189 0.037736
172 0.395283 0.211321 0.032075 0.037736
173 0.032075 0.275472 0.033962 0.037736
174 0.076415 0.275472 0.047170 0.037736
175 0.135849 0.275472 0.037736 0.037736
176 0.176415 0.275472 0.032075 0.037736
177 0.223585 0.275472 0.032075 0.037736
178 0.251887 0.280189 0.016981 0.047170
179 0.289623 0.277358 0.024528 0.041509
180 0.326415 0.280189 0.018868 0.047170
181 0.350000 0.273585 0.020755 0.033962
182 0.387736 0.271698 0.028302 0.030189
183 0.020755 0.333962 0.007547 0.022642
184 0.051887 0.334906 0.020755 0.024528
185 0.075472 0.342453 0.022642 0.039623
186 0.099057 0.334906 0.016981 0.024528
187 0.121698 0.342453 0.024528 0.039623
188 0.147170 0.334906 0.018868 0.024528
189 0.171698 0.346226 0.022642 0.047170
190 0.202830 0.341509 0.028302 0.037736
191 0.243396 0.342453 0.022642 0.039623
192 0.277358 0.340566 0.011321 0.035849
193 0.015094 0.413208 0.018868 0.049057
194 0.050943 0.408491 0.022642 0.039623
195 0.083019 0.408491 0.011321 0.039623
196 0.108491 0.400943 0.035849 0.024528
197 0.154717 0.400943 0.022642 0.024528
198 0.180189 0.400943 0.020755 0.024528
199 0.208491 0.407547 0.024528 0.037736
200 0.249057 0.407547 0.022642 0.037736
201 0.286792 0.400943 0.018868 0.024528
202 0.311321 0.400943 0.018868 0.024528
203 0.023585 0.471698 0.016981 0.030189
204 0.060377 0.468868 0.022642 0.024528
205 0.098113 0.468868 0.022642 0.024528
206 0.130189 0.468868 0.033962 0.024528
207 0.174528 0.468868 0.024528 0.024528
208 0.216038 0.475472 0.024528 0.037736
209 0.251887 0.468868 0.020755 0.024528
210 0.277358 0.480189 0.018868 0.047170
211 0.300943 0.484906 0.001887 0.056604
212 0.316981 0.480189 0.018868 0.047170
213 0.023585 0.554717 0.020755 0.045283
