133 0.019811 0.042453 0.013208 0.047170
134 0.050943 0.043396 0.022642 0.049057
135 0.079245 0.041509 0.030189 0.045283
136 0.105660 0.041509 0.018868 0.045283
137 0.141509 0.040566 0.022642 0.043396
138 0.180189 0.041509 0.024528 0.045283
139 0.225472 0.040566 0.032075 0.043396
140 0.270755 0.040566 0.024528 0.043396
141 0.298113 0.041509 0.026415 0.045283
142 0.338679 0.040566 0.028302 0.043396
143 0.029245 0.109434 0.028302 0.045283
144 0.072642 0.110377 0.028302 0.047170
145 0.094340 0.101887 0.011321 0.030189
146 0.109434 0.105660 0.011321 0.037736
147 0.127358 0.096226 0.016981 0.018868
148 0.150000 0.095283 0.020755 0.016981
149 0.185849 0.096226 0.016981 0.018868
150 0.222642 0.110377 0.022642 0.047170
151 0.257547 0.107547 0.039623 0.041509
152 0.300000 0.108491 0.033962 0.043396
153 0.032075 0.176415 0.033962 0.047170
154 0.081132 0.176415 0.030189 0.047170
155 0.127358 0.176415 0.035849 0.047170
156 0.176415 0.174528 0.028302 0.043396
157 0.219811 0.174528 0.028302 0.043396
158 0.265094 0.176415 0.035849 0.047170
159 0.305660 0.174528 0.041509 0.043396
160 0.352830 0.174528 0.018868 0.043396
161 0.389623 0.175472 0.024528 0.045283
162 0.425472 0.176415 0.039623 0.047170
163 0.019811 0.240566 0.028302 0.043396
164 0.061321 0.240566 0.043396 0.043396
165 0.112264 0.240566 0.032075 0.043396
166 0.150000 0.242453 0.035849 0.047170
167 0.201887 0.241509 0.033962 0.045283
168 0.250000 0.246226 0.035849 0.054717
169 0.287736 0.242453 0.035849 0.047170
170 0.319811 0.242453 0.024528 0.047170
171 0.354717 0.240566 0.033962 0.043396
172 0.393396 0.241509 0.035849 0.045283
173 0.023585 0.314151 0.035849 0.043396
174 0.072642 0.314151 0.058491 0.043396
175 0.134906 0.314151 0.039623 0.043396
176 0.175472 0.314151 0.037736 0.043396
177 0.212264 0.314151 0.032075 0.043396
178 0.244340 0.319811 0.020755 0.054717
179 0.271698 0.316981 0.022642 0.049057
180 0.306604 0.319811 0.020755 0.054717
181 0.333019 0.307547 0.020755 0.030189
182 0.359434 0.315094 0.028302 0.045283
183 0.023585 0.380189 0.013208 0.028302
184 0.049057 0.387736 0.033962 0.043396
185 0.084906 0.389623 0.033962 0.047170
186 0.122642 0.389623 0.030189 0.047170
187 0.157547 0.389623 0.035849 0.047170
188 0.204717 0.387736 0.028302 0.043396
189 0.234906 0.387736 0.028302 0.043396
190 0.270755 0.389623 0.035849 0.047170
191 0.324528 0.387736 0.041509 0.043396
192 0.356604 0.387736 0.018868 0.043396
193 0.016038 0.454717 0.024528 0.045283
194 0.050000 0.455660 0.039623 0.047170
195 0.089623 0.453774 0.028302 0.043396
196 0.142453 0.453774 0.043396 0.043396
197 0.195283 0.453774 0.032075 0.043396
198 0.234906 0.455660 0.035849 0.047170
199 0.284906 0.454717 0.033962 0.045283
200 0.321698 0.459434 0.035849 0.054717
201 0.363208 0.455660 0.035849 0.047170
202 0.397170 0.455660 0.024528 0.047170
203 0.030189 0.527358 0.033962 0.043396
204 0.080189 0.528302 0.035849 0.045283
205 0.129245 0.527358 0.035849 0.043396
206 0.178302 0.527358 0.058491 0.043396
207 0.229245 0.527358 0.039623 0.043396
208 0.273585 0.527358 0.037736 0.043396
209 0.314151 0.527358 0.032075 0.043396
210 0.346226 0.533019 0.020755 0.054717
211 0.373585 0.533962 0.007547 0.056604
212 0.389623 0.533019 0.020755 0.054717
213 0.026415 0.603774 0.026415 0.045283
