133 0.016981 0.028302 0.003774 0.018868
134 0.032075 0.029245 0.015094 0.020755
135 0.055660 0.033019 0.024528 0.028302
136 0.096226 0.033019 0.022642 0.028302
137 0.126415 0.033962 0.026415 0.030189
138 0.158491 0.031132 0.026415 0.024528
139 0.188679 0.028302 0.026415 0.018868
140 0.231132 0.033019 0.028302 0.028302
141 0.265094 0.033019 0.028302 0.028302
142 0.311321 0.037736 0.030189 0.037736
143 0.014151 0.091509 0.024528 0.032075
144 0.059434 0.099057 0.035849 0.047170
145 0.092453 0.084906 0.003774 0.018868
146 0.115094 0.087736 0.007547 0.024528
147 0.136792 0.088679 0.032075 0.026415
148 0.174528 0.081132 0.032075 0.011321
149 0.223585 0.088679 0.032075 0.026415
150 0.258491 0.090566 0.011321 0.030189
151 0.285849 0.094340 0.035849 0.037736
152 0.336792 0.091509 0.035849 0.032075
153 0.034906 0.156604 0.035849 0.030189
154 0.078302 0.156604 0.024528 0.030189
155 0.111321 0.155660 0.030189 0.028302
156 0.140566 0.156604 0.024528 0.030189
157 0.166038 0.156604 0.018868 0.030189
158 0.205660 0.159434 0.033962 0.035849
159 0.252830 0.152830 0.033962 0.022642
160 0.277358 0.154717 0.003774 0.026415
161 0.306604 0.163208 0.024528 0.043396
162 0.349057 0.155660 0.033962 0.028302
163 0.013208 0.218868 0.022642 0.030189
164 0.058491 0.217925 0.041509 0.028302
165 0.096226 0.216981 0.030189 0.026415
166 0.143396 0.217925 0.033962 0.028302
167 0.190566 0.218868 0.030189 0.030189
168 0.241509 0.218868 0.041509 0.030189
169 0.295283 0.217925 0.039623 0.028302
170 0.339623 0.217925 0.037736 0.028302
171 0.378302 0.212264 0.028302 0.016981
172 0.414151 0.218868 0.035849 0.030189
173 0.033019 0.266038 0.032075 0.026415
174 0.079245 0.267925 0.049057 0.030189
175 0.133019 0.266981 0.028302 0.028302
176 0.169811 0.275472 0.033962 0.045283
177 0.221698 0.268868 0.043396 0.032075
178 0.266038 0.273585 0.015094 0.041509
179 0.296226 0.263208 0.015094 0.020755
180 0.311321 0.273585 0.011321 0.041509
181 0.349057 0.267925 0.030189 0.030189
182 0.379245 0.260377 0.022642 0.015094
183 0.006604 0.328302 0.005660 0.022642
184 0.024528 0.330189 0.018868 0.026415
185 0.058491 0.332075 0.018868 0.030189
186 0.080189 0.329245 0.016981 0.024528
187 0.101887 0.334906 0.022642 0.035849
188 0.126415 0.331132 0.015094 0.028302
189 0.164151 0.343396 0.026415 0.052830
190 0.193396 0.336792 0.024528 0.039623
191 0.229245 0.334906 0.020755 0.035849
192 0.257547 0.334906 0.009434 0.035849
193 0.021698 0.418868 0.016981 0.060377
194 0.061321 0.407547 0.028302 0.037736
195 0.094340 0.405660 0.011321 0.033962
196 0.137736 0.400000 0.041509 0.022642
197 0.180189 0.399057 0.032075 0.020755
198 0.210377 0.400943 0.016981 0.024528
199 0.248113 0.409434 0.024528 0.041509
200 0.280189 0.408491 0.028302 0.039623
201 0.317925 0.400943 0.016981 0.024528
202 0.339623 0.400943 0.018868 0.024528
203 0.014151 0.483962 0.016981 0.032075
204 0.050000 0.478302 0.024528 0.020755
205 0.089623 0.478302 0.020755 0.020755
206 0.122642 0.480189 0.033962 0.024528
207 0.154717 0.479245 0.018868 0.022642
208 0.181132 0.491509 0.026415 0.047170
209 0.208491 0.480189 0.024528 0.024528
210 0.233019 0.488679 0.013208 0.041509
211 0.255660 0.496226 0.001887 0.056604
212 0.278302 0.488679 0.013208 0.041509
213 0.023585 0.560377 0.035849 0.033962
