133 0.006604 0.033019 0.005660 0.028302
134 0.034906 0.040566 0.039623 0.043396
135 0.070755 0.033962 0.028302 0.030189
136 0.105660 0.034906 0.007547 0.032075
137 0.127358 0.034906 0.024528 0.032075
138 0.166038 0.037736 0.018868 0.037736
139 0.203774 0.034906 0.030189 0.032075
140 0.241509 0.037736 0.018868 0.037736
141 0.267925 0.038679 0.022642 0.039623
142 0.295283 0.039623 0.024528 0.041509
143 0.016038 0.096226 0.020755 0.030189
144 0.039623 0.100943 0.022642 0.039623
145 0.055660 0.089623 0.005660 0.016981
146 0.079245 0.094340 0.007547 0.026415
147 0.101887 0.098113 0.026415 0.033962
148 0.130189 0.084906 0.022642 0.007547
149 0.159434 0.097170 0.024528 0.032075
150 0.183019 0.097170 0.018868 0.032075
151 0.229245 0.097170 0.039623 0.032075
152 0.277358 0.107547 0.052830 0.052830
153 0.028302 0.180189 0.049057 0.054717
154 0.095283 0.180189 0.050943 0.054717
155 0.147170 0.178302 0.049057 0.050943
156 0.201887 0.177358 0.049057 0.049057
157 0.250000 0.178302 0.035849 0.050943
158 0.305660 0.179245 0.049057 0.052830
159 0.369811 0.180189 0.045283 0.054717
160 0.407547 0.179245 0.003774 0.052830
161 0.430189 0.180189 0.033962 0.054717
162 0.472642 0.179245 0.043396 0.052830
163 0.034906 0.253774 0.035849 0.054717
164 0.081132 0.251887 0.049057 0.050943
165 0.143396 0.251887 0.041509 0.050943
166 0.204717 0.253774 0.054717 0.054717
167 0.260377 0.253774 0.030189 0.054717
168 0.314151 0.255660 0.069811 0.058491
169 0.383019 0.251887 0.037736 0.050943
170 0.433019 0.253774 0.050943 0.054717
171 0.486792 0.252830 0.049057 0.052830
172 0.537736 0.253774 0.049057 0.054717
173 0.033019 0.329245 0.039623 0.050943
174 0.086792 0.330189 0.056604 0.052830
175 0.148113 0.331132 0.039623 0.054717
176 0.204717 0.330189 0.043396 0.052830
177 0.252830 0.329245 0.045283 0.050943
178 0.282075 0.330189 0.009434 0.052830
179 0.309434 0.325472 0.037736 0.043396
180 0.349057 0.330189 0.011321 0.052830
181 0.370755 0.322642 0.024528 0.037736
182 0.402830 0.318868 0.028302 0.030189
183 0.019811 0.388679 0.005660 0.022642
184 0.038679 0.387736 0.020755 0.020755
185 0.063208 0.400943 0.024528 0.047170
186 0.100943 0.387736 0.020755 0.020755
187 0.138679 0.400000 0.024528 0.045283
188 0.167925 0.388679 0.022642 0.022642
189 0.190566 0.400000 0.015094 0.045283
190 0.216981 0.397170 0.030189 0.039623
191 0.244340 0.400000 0.020755 0.045283
192 0.259434 0.395283 0.005660 0.035849
193 0.022642 0.475472 0.018868 0.064151
194 0.049057 0.466038 0.022642 0.045283
195 0.066038 0.466981 0.003774 0.047170
196 0.099057 0.453774 0.028302 0.020755
197 0.140566 0.453774 0.020755 0.020755
198 0.178302 0.453774 0.024528 0.020755
199 0.220755 0.465094 0.026415 0.043396
200 0.247170 0.465094 0.022642 0.043396
201 0.280189 0.454717 0.016981 0.022642
202 0.301887 0.454717 0.018868 0.022642
203 0.012264 0.541509 0.016981 0.030189
204 0.033019 0.535849 0.020755 0.018868
205 0.058491 0.536792 0.018868 0.020755
206 0.098113 0.536792 0.030189 0.020755
207 0.138679 0.536792 0.020755 0.020755
208 0.166981 0.546226 0.024528 0.039623
209 0.201887 0.536792 0.018868 0.020755
210 0.217925 0.552830 0.009434 0.052830
211 0.227358 0.554717 0.001887 0.056604
212 0.247170 0.552830 0.011321 0.052830
213 0.017925 0.624528 0.028302 0.045283
