133 0.009434 0.037736 0.007547 0.037736
134 0.036792 0.044340 0.016981 0.050943
135 0.075472 0.037736 0.026415 0.037736
136 0.097170 0.036792 0.013208 0.035849
137 0.133019 0.037736 0.024528 0.037736
138 0.158491 0.037736 0.022642 0.037736
139 0.198113 0.037736 0.026415 0.037736
140 0.237736 0.036792 0.022642 0.035849
141 0.264151 0.036792 0.026415 0.035849
142 0.303774 0.037736 0.026415 0.037736
143 0.024528 0.107547 0.022642 0.037736
144 0.054717 0.107547 0.026415 0.037736
145 0.088679 0.099057 0.007547 0.020755
146 0.110377 0.102830 0.009434 0.028302
147 0.147170 0.104717 0.030189 0.032075
148 0.192453 0.098113 0.030189 0.018868
149 0.226415 0.104717 0.030189 0.032075
150 0.266038 0.106604 0.022642 0.035849
151 0.309434 0.115094 0.052830 0.052830
152 0.366038 0.106604 0.033962 0.035849
153 0.029245 0.178302 0.024528 0.035849
154 0.056604 0.178302 0.026415 0.035849
155 0.090566 0.178302 0.030189 0.035849
156 0.119811 0.178302 0.020755 0.035849
157 0.153774 0.178302 0.020755 0.035849
158 0.198113 0.178302 0.033962 0.035849
159 0.244340 0.178302 0.028302 0.035849
160 0.279245 0.178302 0.007547 0.035849
161 0.298113 0.178302 0.018868 0.035849
162 0.334906 0.178302 0.028302 0.035849
163 0.013208 0.233019 0.018868 0.035849
164 0.056604 0.233019 0.041509 0.035849
165 0.095283 0.233019 0.032075 0.035849
166 0.132075 0.233019 0.037736 0.035849
167 0.166038 0.233019 0.022642 0.035849
168 0.198113 0.233962 0.037736 0.037736
169 0.247170 0.233019 0.026415 0.035849
170 0.284906 0.233019 0.022642 0.035849
171 0.324528 0.233019 0.022642 0.035849
172 0.353774 0.233019 0.028302 0.035849
173 0.031132 0.289623 0.032075 0.035849
174 0.073585 0.289623 0.041509 0.035849
175 0.112264 0.289623 0.032075 0.035849
176 0.155660 0.289623 0.028302 0.035849
177 0.185849 0.289623 0.028302 0.035849
178 0.212264 0.295283 0.013208 0.047170
179 0.229245 0.297170 0.016981 0.050943
180 0.256604 0.295283 0.011321 0.047170
181 0.276415 0.294340 0.024528 0.045283
182 0.317925 0.286792 0.028302 0.030189
183 0.018868 0.352830 0.011321 0.022642
184 0.050000 0.352830 0.024528 0.022642
185 0.078302 0.360377 0.024528 0.037736
186 0.115094 0.352830 0.018868 0.022642
187 0.150000 0.360377 0.024528 0.037736
188 0.177358 0.352830 0.022642 0.022642
189 0.211321 0.360377 0.015094 0.037736
190 0.246226 0.358491 0.024528 0.033962
191 0.275472 0.360377 0.022642 0.037736
192 0.303774 0.358491 0.007547 0.033962
193 0.005660 0.420755 0.007547 0.045283
194 0.035849 0.416981 0.022642 0.037736
195 0.064151 0.416981 0.007547 0.037736
196 0.100000 0.409434 0.037736 0.022642
197 0.145283 0.409434 0.022642 0.022642
198 0.171698 0.409434 0.022642 0.022642
199 0.197170 0.415094 0.024528 0.033962
200 0.238679 0.415094 0.024528 0.033962
201 0.259434 0.409434 0.013208 0.022642
202 0.278302 0.409434 0.016981 0.022642
203 0.021698 0.477358 0.013208 0.030189
204 0.043396 0.473585 0.022642 0.022642
205 0.083019 0.473585 0.026415 0.022642
206 0.122642 0.473585 0.041509 0.022642
207 0.162264 0.473585 0.026415 0.022642
208 0.203774 0.479245 0.026415 0.033962
209 0.230189 0.473585 0.022642 0.022642
210 0.267925 0.489623 0.018868 0.054717
211 0.293396 0.485849 0.005660 0.047170
212 0.322642 0.489623 0.018868 0.054717
213 0.016981 0.564151 0.030189 0.056604
