133 0.010377 0.047170 0.009434 0.056604
134 0.040566 0.042453 0.020755 0.047170
135 0.066981 0.040566 0.028302 0.043396
136 0.091509 0.040566 0.016981 0.043396
137 0.118868 0.040566 0.026415 0.043396
138 0.162264 0.040566 0.026415 0.043396
139 0.193396 0.040566 0.028302 0.043396
140 0.237736 0.040566 0.026415 0.043396
141 0.278302 0.040566 0.028302 0.043396
142 0.307547 0.040566 0.026415 0.043396
143 0.019811 0.116038 0.028302 0.043396
144 0.053774 0.116038 0.028302 0.043396
145 0.085849 0.110377 0.009434 0.032075
146 0.113208 0.113208 0.011321 0.037736
147 0.150943 0.110377 0.030189 0.032075
148 0.196226 0.103774 0.033962 0.018868
149 0.245283 0.111321 0.030189 0.033962
150 0.271698 0.116981 0.018868 0.045283
151 0.304717 0.116981 0.039623 0.045283
152 0.356604 0.116038 0.033962 0.043396
153 0.029245 0.180189 0.028302 0.043396
154 0.060377 0.180189 0.030189 0.043396
155 0.096226 0.180189 0.033962 0.043396
156 0.140566 0.180189 0.024528 0.043396
157 0.178302 0.180189 0.024528 0.043396
158 0.213208 0.180189 0.033962 0.043396
159 0.248113 0.180189 0.032075 0.043396
160 0.282075 0.180189 0.009434 0.043396
161 0.298113 0.180189 0.018868 0.043396
162 0.339623 0.180189 0.030189 0.043396
163 0.029245 0.242453 0.024528 0.043396
164 0.079245 0.242453 0.041509 0.043396
165 0.119811 0.242453 0.032075 0.043396
166 0.157547 0.242453 0.035849 0.043396
167 0.206604 0.242453 0.028302 0.043396
168 0.243396 0.245283 0.037736 0.049057
169 0.278302 0.242453 0.028302 0.043396
170 0.318868 0.242453 0.026415 0.043396
171 0.350943 0.242453 0.030189 0.043396
172 0.383962 0.242453 0.032075 0.043396
173 0.023585 0.310377 0.035849 0.043396
174 0.079245 0.310377 0.049057 0.043396
175 0.125472 0.310377 0.032075 0.043396
176 0.162264 0.310377 0.033962 0.043396
177 0.210377 0.310377 0.028302 0.043396
178 0.233019 0.315094 0.013208 0.052830
179 0.252830 0.312264 0.018868 0.047170
180 0.283962 0.315094 0.013208 0.052830
181 0.318868 0.318868 0.030189 0.060377
182 0.365094 0.296226 0.032075 0.015094
183 0.007547 0.382075 0.011321 0.028302
184 0.043396 0.383962 0.026415 0.032075
185 0.085849 0.390566 0.028302 0.045283
186 0.126415 0.383962 0.022642 0.032075
187 0.157547 0.390566 0.028302 0.045283
188 0.198113 0.383962 0.026415 0.032075
189 0.227358 0.390566 0.020755 0.045283
190 0.268868 0.390566 0.028302 0.045283
191 0.301887 0.390566 0.026415 0.045283
192 0.333962 0.390566 0.007547 0.045283
193 0.024528 0.461321 0.015094 0.058491
194 0.058491 0.454717 0.026415 0.045283
195 0.090566 0.454717 0.007547 0.045283
196 0.131132 0.448113 0.043396 0.032075
197 0.169811 0.448113 0.026415 0.032075
198 0.202830 0.448113 0.028302 0.032075
199 0.234906 0.454717 0.028302 0.045283
200 0.276415 0.454717 0.028302 0.045283
201 0.304717 0.448113 0.016981 0.032075
202 0.325472 0.448113 0.020755 0.032075
203 0.011321 0.529245 0.018868 0.039623
204 0.047170 0.525472 0.026415 0.032075
205 0.078302 0.525472 0.028302 0.032075
206 0.115094 0.525472 0.041509 0.032075
207 0.154717 0.525472 0.026415 0.032075
208 0.187736 0.532075 0.028302 0.045283
209 0.216038 0.525472 0.024528 0.032075
210 0.239623 0.534906 0.015094 0.050943
211 0.265094 0.541509 0.005660 0.064151
212 0.292453 0.535849 0.015094 0.052830
213 0.018868 0.626415 0.030189 0.067925
