133 0.006604 0.023585 0.001887 0.009434
134 0.023585 0.041509 0.024528 0.045283
135 0.065094 0.039623 0.024528 0.041509
136 0.095283 0.039623 0.009434 0.041509
137 0.118868 0.039623 0.026415 0.041509
138 0.149057 0.039623 0.026415 0.041509
139 0.188679 0.038679 0.026415 0.039623
140 0.230189 0.039623 0.026415 0.041509
141 0.271698 0.039623 0.022642 0.041509
142 0.300943 0.039623 0.024528 0.041509
143 0.015094 0.103774 0.026415 0.041509
144 0.046226 0.103774 0.024528 0.041509
145 0.065094 0.096226 0.005660 0.026415
146 0.074528 0.100943 0.009434 0.035849
147 0.095283 0.093396 0.024528 0.020755
148 0.133019 0.089623 0.024528 0.013208
149 0.170755 0.093396 0.024528 0.020755
150 0.205660 0.103774 0.018868 0.041509
151 0.239623 0.109434 0.045283 0.052830
152 0.281132 0.103774 0.030189 0.041509
153 0.027358 0.175472 0.028302 0.041509
154 0.071698 0.175472 0.030189 0.041509
155 0.108491 0.175472 0.032075 0.041509
156 0.145283 0.175472 0.030189 0.041509
157 0.181132 0.172642 0.030189 0.035849
158 0.213208 0.175472 0.030189 0.041509
159 0.261321 0.175472 0.035849 0.041509
160 0.288679 0.174528 0.007547 0.039623
161 0.307547 0.173585 0.026415 0.037736
162 0.353774 0.175472 0.032075 0.041509
163 0.028302 0.235849 0.022642 0.041509
164 0.077358 0.235849 0.041509 0.041509
165 0.129245 0.235849 0.035849 0.041509
166 0.164151 0.235849 0.030189 0.041509
167 0.199057 0.233019 0.028302 0.035849
168 0.243396 0.238679 0.030189 0.047170
169 0.290566 0.235849 0.030189 0.041509
170 0.324528 0.235849 0.030189 0.041509
171 0.369811 0.235849 0.030189 0.041509
172 0.404717 0.235849 0.032075 0.041509
173 0.032075 0.301887 0.030189 0.041509
174 0.083019 0.301887 0.045283 0.041509
175 0.137736 0.301887 0.033962 0.041509
176 0.184906 0.301887 0.030189 0.041509
177 0.230189 0.301887 0.033962 0.041509
178 0.269811 0.308491 0.015094 0.054717
179 0.297170 0.302830 0.009434 0.043396
180 0.315094 0.308491 0.015094 0.054717
181 0.346226 0.301887 0.016981 0.041509
182 0.367925 0.288679 0.022642 0.015094
183 0.003774 0.363208 0.003774 0.016981
184 0.032075 0.369811 0.022642 0.030189
185 0.061321 0.374528 0.024528 0.039623
186 0.100943 0.369811 0.024528 0.030189
187 0.130189 0.376415 0.026415 0.043396
188 0.168868 0.369811 0.024528 0.030189
189 0.206604 0.376415 0.016981 0.043396
190 0.241509 0.375472 0.026415 0.041509
191 0.283962 0.374528 0.024528 0.039623
192 0.302830 0.374528 0.009434 0.039623
193 0.022642 0.442453 0.018868 0.050943
194 0.061321 0.436792 0.024528 0.039623
195 0.095283 0.438679 0.009434 0.043396
196 0.136792 0.432075 0.043396 0.030189
197 0.174528 0.432075 0.024528 0.030189
198 0.203774 0.432075 0.026415 0.030189
199 0.233962 0.437736 0.026415 0.041509
200 0.265094 0.437736 0.024528 0.041509
201 0.302830 0.432075 0.016981 0.030189
202 0.337736 0.432075 0.022642 0.030189
203 0.008491 0.505660 0.013208 0.037736
204 0.042453 0.501887 0.024528 0.030189
205 0.083019 0.501887 0.022642 0.030189
206 0.116038 0.501887 0.035849 0.030189
207 0.150000 0.500943 0.024528 0.028302
208 0.182075 0.507547 0.028302 0.041509
209 0.214151 0.501887 0.024528 0.030189
210 0.238679 0.513208 0.016981 0.052830
211 0.266038 0.508491 0.007547 0.043396
212 0.281132 0.513208 0.018868 0.052830
213 0.016981 0.586792 0.030189 0.056604
