133 0.006604 0.037736 0.009434 0.037736
134 0.038679 0.043396 0.020755 0.049057
135 0.078302 0.043396 0.024528 0.049057
136 0.114151 0.043396 0.016981 0.049057
137 0.140566 0.043396 0.024528 0.049057
138 0.180189 0.043396 0.024528 0.049057
139 0.207547 0.043396 0.026415 0.049057
140 0.248113 0.043396 0.024528 0.049057
141 0.274528 0.043396 0.024528 0.049057
142 0.316038 0.043396 0.024528 0.049057
143 0.016038 0.111321 0.024528 0.049057
144 0.044340 0.111321 0.024528 0.049057
145 0.066981 0.100943 0.009434 0.028302
146 0.089623 0.103774 0.009434 0.033962
147 0.118868 0.101887 0.015094 0.030189
148 0.146226 0.095283 0.013208 0.016981
149 0.175472 0.101887 0.015094 0.030189
150 0.210377 0.111321 0.024528 0.049057
151 0.260377 0.114151 0.045283 0.054717
152 0.297170 0.111321 0.024528 0.049057
153 0.029245 0.184906 0.024528 0.049057
154 0.066981 0.184906 0.024528 0.049057
155 0.097170 0.184906 0.024528 0.049057
156 0.123585 0.184906 0.020755 0.049057
157 0.160377 0.184906 0.018868 0.049057
158 0.183962 0.184906 0.024528 0.049057
159 0.214151 0.184906 0.024528 0.049057
160 0.248113 0.184906 0.009434 0.049057
161 0.269811 0.184906 0.022642 0.049057
162 0.308491 0.184906 0.024528 0.049057
163 0.025472 0.252830 0.020755 0.049057
164 0.056604 0.252830 0.037736 0.049057
165 0.091509 0.252830 0.024528 0.049057
166 0.121698 0.252830 0.024528 0.049057
167 0.161321 0.252830 0.024528 0.049057
168 0.191509 0.254717 0.024528 0.052830
169 0.219811 0.252830 0.024528 0.049057
170 0.245283 0.252830 0.022642 0.049057
171 0.268868 0.252830 0.020755 0.049057
172 0.292453 0.252830 0.022642 0.049057
173 0.026415 0.324528 0.026415 0.049057
174 0.060377 0.324528 0.037736 0.049057
175 0.095283 0.324528 0.024528 0.049057
176 0.123585 0.324528 0.024528 0.049057
177 0.151887 0.324528 0.020755 0.049057
178 0.183019 0.324528 0.015094 0.049057
179 0.217925 0.324528 0.020755 0.049057
180 0.249057 0.324528 0.015094 0.049057
181 0.271698 0.324528 0.022642 0.049057
182 0.304717 0.322642 0.016981 0.045283
183 0.023585 0.384906 0.013208 0.033962
184 0.045283 0.388679 0.022642 0.041509
185 0.070755 0.392453 0.024528 0.049057
186 0.100943 0.388679 0.024528 0.041509
187 0.140566 0.392453 0.024528 0.049057
188 0.168868 0.388679 0.024528 0.041509
189 0.193396 0.392453 0.013208 0.049057
190 0.216038 0.391509 0.024528 0.047170
191 0.255660 0.392453 0.024528 0.049057
192 0.287736 0.393396 0.009434 0.050943
193 0.020755 0.465094 0.011321 0.054717
194 0.043396 0.462264 0.026415 0.049057
195 0.078302 0.462264 0.009434 0.049057
196 0.104717 0.458491 0.039623 0.041509
197 0.140566 0.458491 0.024528 0.041509
198 0.168868 0.458491 0.024528 0.041509
199 0.197170 0.462264 0.024528 0.049057
200 0.225472 0.462264 0.024528 0.049057
201 0.261321 0.458491 0.016981 0.041509
202 0.299057 0.458491 0.024528 0.041509
203 0.010377 0.535849 0.013208 0.049057
204 0.046226 0.532075 0.024528 0.041509
205 0.084906 0.532075 0.022642 0.041509
206 0.117925 0.532075 0.035849 0.041509
207 0.151887 0.532075 0.024528 0.041509
208 0.182075 0.534906 0.024528 0.047170
209 0.209434 0.532075 0.018868 0.041509
210 0.229245 0.538679 0.016981 0.054717
211 0.258491 0.539623 0.007547 0.056604
212 0.287736 0.538679 0.016981 0.054717
213 0.025472 0.615094 0.024528 0.056604
