133 0.017925 0.033019 0.001887 0.028302
134 0.041509 0.040566 0.011321 0.043396
135 0.057547 0.040566 0.013208 0.043396
136 0.073585 0.040566 0.007547 0.043396
137 0.100000 0.040566 0.011321 0.043396
138 0.128302 0.040566 0.011321 0.043396
139 0.155660 0.040566 0.016981 0.043396
140 0.184906 0.039623 0.011321 0.041509
141 0.210377 0.040566 0.013208 0.043396
142 0.238679 0.040566 0.013208 0.043396
143 0.010377 0.102830 0.013208 0.043396
144 0.036792 0.102830 0.013208 0.043396
145 0.059434 0.094340 0.001887 0.026415
146 0.076415 0.096226 0.001887 0.030189
147 0.105660 0.094340 0.030189 0.026415
148 0.139623 0.087736 0.026415 0.013208
149 0.173585 0.094340 0.030189 0.026415
150 0.208491 0.102830 0.013208 0.043396
151 0.241509 0.100943 0.041509 0.039623
152 0.284906 0.102830 0.018868 0.043396
153 0.024528 0.165094 0.015094 0.043396
154 0.053774 0.165094 0.013208 0.043396
155 0.081132 0.165094 0.015094 0.043396
156 0.112264 0.165094 0.013208 0.043396
157 0.138679 0.165094 0.013208 0.043396
158 0.156604 0.165094 0.015094 0.043396
159 0.185849 0.165094 0.016981 0.043396
160 0.201887 0.165094 0.007547 0.043396
161 0.225472 0.165094 0.013208 0.043396
162 0.242453 0.165094 0.016981 0.043396
163 0.019811 0.227358 0.013208 0.043396
164 0.038679 0.227358 0.020755 0.043396
165 0.072642 0.227358 0.016981 0.043396
166 0.105660 0.227358 0.015094 0.043396
167 0.124528 0.227358 0.015094 0.043396
168 0.144340 0.227358 0.016981 0.043396
169 0.163208 0.227358 0.016981 0.043396
170 0.179245 0.227358 0.011321 0.043396
171 0.206604 0.227358 0.016981 0.043396
172 0.238679 0.227358 0.016981 0.043396
173 0.015094 0.289623 0.018868 0.043396
174 0.039623 0.289623 0.026415 0.043396
175 0.077358 0.289623 0.018868 0.043396
176 0.112264 0.289623 0.016981 0.043396
177 0.143396 0.289623 0.015094 0.043396
178 0.157547 0.289623 0.005660 0.043396
179 0.186792 0.288679 0.022642 0.041509
180 0.206604 0.289623 0.005660 0.043396
181 0.233962 0.288679 0.022642 0.041509
182 0.265094 0.275472 0.028302 0.015094
183 0.020755 0.338679 0.007547 0.016981
184 0.033019 0.346226 0.013208 0.032075
185 0.059434 0.351887 0.013208 0.043396
186 0.072642 0.346226 0.009434 0.032075
187 0.100943 0.351887 0.013208 0.043396
188 0.128302 0.346226 0.011321 0.032075
189 0.152830 0.351887 0.011321 0.043396
190 0.182075 0.350000 0.013208 0.039623
191 0.200000 0.351887 0.015094 0.043396
192 0.212264 0.351887 0.005660 0.043396
193 0.005660 0.417925 0.007547 0.050943
194 0.030189 0.414151 0.015094 0.043396
195 0.057547 0.414151 0.005660 0.043396
196 0.084906 0.408491 0.022642 0.032075
197 0.116981 0.408491 0.015094 0.032075
198 0.136792 0.408491 0.013208 0.032075
199 0.153774 0.412264 0.013208 0.039623
200 0.182075 0.412264 0.013208 0.039623
201 0.210377 0.408491 0.009434 0.032075
202 0.225472 0.408491 0.009434 0.032075
203 0.017925 0.482075 0.005660 0.039623
204 0.043396 0.478302 0.015094 0.032075
205 0.061321 0.478302 0.013208 0.032075
206 0.083962 0.478302 0.020755 0.032075
207 0.114151 0.478302 0.013208 0.032075
208 0.131132 0.482075 0.013208 0.039623
209 0.156604 0.478302 0.011321 0.032075
210 0.167925 0.482075 0.007547 0.039623
211 0.185849 0.490566 0.001887 0.056604
212 0.196226 0.482075 0.007547 0.039623
213 0.029245 0.554717 0.024528 0.033962
