133 0.004717 0.033019 0.005660 0.028302
134 0.023585 0.042453 0.020755 0.047170
135 0.060377 0.035849 0.022642 0.033962
136 0.095283 0.035849 0.013208 0.033962
137 0.119811 0.035849 0.024528 0.033962
138 0.156604 0.035849 0.022642 0.033962
139 0.194340 0.035849 0.022642 0.033962
140 0.234906 0.035849 0.024528 0.033962
141 0.276415 0.035849 0.024528 0.033962
142 0.315094 0.035849 0.022642 0.033962
143 0.015094 0.101887 0.022642 0.033962
144 0.040566 0.101887 0.024528 0.033962
145 0.062264 0.096226 0.011321 0.022642
146 0.078302 0.100000 0.013208 0.030189
147 0.116981 0.099057 0.030189 0.028302
148 0.150943 0.093396 0.030189 0.016981
149 0.194340 0.099057 0.030189 0.028302
150 0.219811 0.102830 0.016981 0.035849
151 0.253774 0.110377 0.047170 0.050943
152 0.316038 0.102830 0.043396 0.035849
153 0.031132 0.172642 0.028302 0.035849
154 0.066981 0.172642 0.035849 0.035849
155 0.119811 0.172642 0.039623 0.035849
156 0.173585 0.172642 0.037736 0.035849
157 0.211321 0.172642 0.033962 0.035849
158 0.261321 0.172642 0.035849 0.035849
159 0.303774 0.172642 0.045283 0.035849
160 0.350943 0.172642 0.022642 0.035849
161 0.393396 0.179245 0.028302 0.049057
162 0.427358 0.172642 0.035849 0.035849
163 0.032075 0.240566 0.037736 0.035849
164 0.078302 0.241509 0.050943 0.037736
165 0.143396 0.240566 0.049057 0.035849
166 0.199057 0.240566 0.032075 0.035849
167 0.233019 0.240566 0.032075 0.035849
168 0.286792 0.247170 0.045283 0.049057
169 0.342453 0.240566 0.035849 0.035849
170 0.389623 0.240566 0.028302 0.035849
171 0.433962 0.241509 0.033962 0.037736
172 0.483962 0.240566 0.035849 0.035849
173 0.027358 0.308491 0.043396 0.035849
174 0.087736 0.308491 0.050943 0.035849
175 0.140566 0.308491 0.047170 0.035849
176 0.200943 0.308491 0.039623 0.035849
177 0.253774 0.308491 0.032075 0.035849
178 0.284906 0.315094 0.022642 0.049057
179 0.308491 0.314151 0.020755 0.047170
180 0.347170 0.315094 0.022642 0.049057
181 0.383019 0.307547 0.022642 0.033962
182 0.421698 0.298113 0.028302 0.015094
183 0.005660 0.369811 0.007547 0.022642
184 0.033962 0.369811 0.022642 0.022642
185 0.059434 0.376415 0.020755 0.035849
186 0.090566 0.369811 0.015094 0.022642
187 0.126415 0.376415 0.026415 0.035849
188 0.163208 0.369811 0.013208 0.022642
189 0.203774 0.383962 0.033962 0.050943
190 0.250943 0.377358 0.026415 0.037736
191 0.277358 0.376415 0.022642 0.035849
192 0.299057 0.376415 0.013208 0.035849
193 0.015094 0.452830 0.026415 0.049057
194 0.054717 0.446226 0.026415 0.035849
195 0.089623 0.446226 0.016981 0.035849
196 0.132075 0.439623 0.033962 0.022642
197 0.176415 0.439623 0.020755 0.022642
198 0.212264 0.439623 0.016981 0.022642
199 0.241509 0.450000 0.030189 0.043396
200 0.273585 0.447170 0.022642 0.037736
201 0.296226 0.439623 0.018868 0.022642
202 0.319811 0.439623 0.016981 0.022642
203 0.012264 0.511321 0.016981 0.030189
204 0.049057 0.507547 0.022642 0.022642
205 0.083962 0.507547 0.016981 0.022642
206 0.120755 0.507547 0.030189 0.022642
207 0.167925 0.507547 0.030189 0.022642
208 0.215094 0.515094 0.030189 0.037736
209 0.243396 0.515094 0.022642 0.037736
210 0.279245 0.521698 0.015094 0.050943
211 0.289623 0.521698 0.001887 0.050943
212 0.301887 0.521698 0.015094 0.050943
213 0.031132 0.583019 0.028302 0.033962
