133 0.016981 0.028302 0.003774 0.018868
134 0.030189 0.039623 0.018868 0.041509
135 0.056604 0.037736 0.022642 0.037736
136 0.091509 0.037736 0.013208 0.037736
137 0.121698 0.037736 0.020755 0.037736
138 0.155660 0.037736 0.016981 0.037736
139 0.177358 0.036792 0.022642 0.035849
140 0.205660 0.037736 0.022642 0.037736
141 0.229245 0.037736 0.020755 0.037736
142 0.263208 0.038679 0.020755 0.039623
143 0.022642 0.098113 0.018868 0.037736
144 0.057547 0.098113 0.020755 0.037736
145 0.083962 0.092453 0.005660 0.026415
146 0.102830 0.096226 0.005660 0.033962
147 0.126415 0.090566 0.011321 0.022642
148 0.142453 0.083019 0.013208 0.007547
149 0.167925 0.090566 0.011321 0.022642
150 0.194340 0.098113 0.011321 0.037736
151 0.230189 0.098113 0.033962 0.037736
152 0.280189 0.098113 0.032075 0.037736
153 0.030189 0.154717 0.026415 0.037736
154 0.064151 0.154717 0.030189 0.037736
155 0.100943 0.154717 0.035849 0.037736
156 0.145283 0.154717 0.026415 0.037736
157 0.188679 0.154717 0.026415 0.037736
158 0.235849 0.154717 0.033962 0.037736
159 0.284906 0.154717 0.033962 0.037736
160 0.313208 0.154717 0.015094 0.037736
161 0.332075 0.162264 0.018868 0.052830
162 0.372642 0.154717 0.035849 0.037736
163 0.028302 0.226415 0.026415 0.037736
164 0.075472 0.226415 0.041509 0.037736
165 0.130189 0.226415 0.033962 0.037736
166 0.178302 0.226415 0.032075 0.037736
167 0.210377 0.226415 0.028302 0.037736
168 0.254717 0.233962 0.033962 0.052830
169 0.300000 0.226415 0.030189 0.037736
170 0.340566 0.226415 0.020755 0.037736
171 0.367925 0.226415 0.030189 0.037736
172 0.414151 0.226415 0.035849 0.037736
173 0.031132 0.297170 0.032075 0.035849
174 0.084906 0.297170 0.045283 0.035849
175 0.142453 0.298113 0.039623 0.037736
176 0.180189 0.298113 0.032075 0.037736
177 0.229245 0.300000 0.032075 0.041509
178 0.268868 0.307547 0.016981 0.056604
179 0.296226 0.297170 0.007547 0.035849
180 0.323585 0.307547 0.016981 0.056604
181 0.342453 0.292453 0.016981 0.026415
182 0.366981 0.286792 0.020755 0.015094
183 0.020755 0.363208 0.007547 0.016981
184 0.036792 0.368868 0.020755 0.028302
185 0.061321 0.375472 0.020755 0.041509
186 0.093396 0.367925 0.016981 0.026415
187 0.114151 0.375472 0.020755 0.041509
188 0.137736 0.367925 0.015094 0.026415
189 0.172642 0.383019 0.024528 0.056604
190 0.209434 0.375472 0.022642 0.041509
191 0.233019 0.375472 0.020755 0.041509
192 0.251887 0.373585 0.009434 0.037736
193 0.011321 0.456604 0.015094 0.052830
194 0.030189 0.450943 0.018868 0.041509
195 0.058491 0.450943 0.007547 0.041509
196 0.079245 0.443396 0.030189 0.026415
197 0.105660 0.443396 0.018868 0.026415
198 0.131132 0.443396 0.020755 0.026415
199 0.159434 0.453774 0.024528 0.047170
200 0.185849 0.451887 0.020755 0.043396
201 0.209434 0.443396 0.018868 0.026415
202 0.240566 0.443396 0.013208 0.026415
203 0.020755 0.517925 0.011321 0.032075
204 0.039623 0.515094 0.018868 0.026415
205 0.061321 0.514151 0.020755 0.024528
206 0.093396 0.514151 0.032075 0.024528
207 0.123585 0.515094 0.024528 0.026415
208 0.153774 0.522642 0.024528 0.041509
209 0.182075 0.518868 0.024528 0.033962
210 0.207547 0.530189 0.018868 0.056604
211 0.219811 0.528302 0.001887 0.052830
212 0.233019 0.530189 0.016981 0.056604
213 0.011321 0.594340 0.015094 0.033962
