33 0.016981 0.035849 0.026415 0.033962
34 0.047170 0.035849 0.026415 0.033962
35 0.075472 0.041509 0.026415 0.045283
36 0.107547 0.035849 0.026415 0.033962
37 0.153774 0.041509 0.032075 0.045283
38 0.186792 0.035849 0.026415 0.033962
39 0.230189 0.037736 0.030189 0.037736
40 0.277358 0.035849 0.033962 0.033962
41 0.323585 0.037736 0.028302 0.037736
42 0.368868 0.035849 0.032075 0.033962
43 0.035849 0.101887 0.037736 0.037736
44 0.069811 0.100000 0.026415 0.033962
45 0.099057 0.101887 0.028302 0.037736
46 0.132075 0.100000 0.026415 0.033962
47 0.159434 0.095283 0.020755 0.024528
48 0.185849 0.086792 0.024528 0.007547
49 0.226415 0.100000 0.026415 0.033962
50 0.276415 0.106604 0.043396 0.047170
51 0.326415 0.084906 0.026415 0.003774
52 0.358491 0.086792 0.026415 0.007547
53 0.016981 0.152830 0.030189 0.007547
54 0.058491 0.152830 0.026415 0.007547
55 0.091509 0.154717 0.013208 0.011321
56 0.116981 0.154717 0.026415 0.011321
57 0.141509 0.154717 0.011321 0.011321
58 0.154717 0.166038 0.011321 0.033962
59 0.178302 0.166038 0.028302 0.033962
60 0.220755 0.174528 0.026415 0.050943
61 0.248113 0.174528 0.024528 0.050943
62 0.285849 0.174528 0.024528 0.050943
63 0.026415 0.241509 0.026415 0.045283
64 0.056604 0.241509 0.026415 0.045283
65 0.085849 0.227358 0.028302 0.016981
66 0.109434 0.222642 0.007547 0.007547
67 0.130189 0.222642 0.022642 0.007547
68 0.156604 0.222642 0.026415 0.007547
69 0.196226 0.222642 0.018868 0.007547
70 0.230189 0.223585 0.018868 0.009434
71 0.263208 0.223585 0.013208 0.009434
72 0.292453 0.228302 0.015094 0.018868
73 0.029245 0.300000 0.032075 0.033962
74 0.066038 0.296226 0.030189 0.026415
75 0.101887 0.300000 0.030189 0.033962
76 0.150000 0.300000 0.035849 0.033962
77 0.187736 0.296226 0.032075 0.026415
78 0.234906 0.300000 0.032075 0.033962
79 0.268868 0.300000 0.032075 0.033962
80 0.303774 0.300000 0.030189 0.033962
81 0.344340 0.300000 0.047170 0.033962
82 0.398113 0.300000 0.033962 0.033962
83 0.032075 0.352830 0.033962 0.033962
84 0.082075 0.351887 0.032075 0.032075
85 0.140566 0.350000 0.058491 0.028302
86 0.184906 0.367925 0.026415 0.064151
87 0.201887 0.335849 0.000000 0.000000
88 0.216981 0.335849 0.000000 0.000000
89 0.222642 0.335849 0.000000 0.000000
90 0.239623 0.335849 0.000000 0.000000
91 0.243396 0.335849 0.000000 0.000000
92 0.260377 0.335849 0.000000 0.000000
93 0.001887 0.418868 0.000000 0.000000
94 0.005660 0.418868 0.000000 0.000000
95 0.009434 0.418868 0.000000 0.000000
96 0.024528 0.418868 0.000000 0.000000
97 0.041509 0.418868 0.000000 0.000000
98 0.043396 0.418868 0.000000 0.000000
99 0.060377 0.418868 0.000000 0.000000
100 0.064151 0.418868 0.000000 0.000000
101 0.077358 0.418868 0.000000 0.000000
102 0.081132 0.418868 0.000000 0.000000
103 0.005660 0.437736 0.000000 0.000000
104 0.007547 0.437736 0.000000 0.000000
105 0.013208 0.437736 0.000000 0.000000
106 0.015094 0.437736 0.000000 0.000000
107 0.032075 0.437736 0.000000 0.000000
108 0.045283 0.437736 0.000000 0.000000
109 0.060377 0.437736 0.000000 0.000000
110 0.066038 0.437736 0.000000 0.000000
111 0.081132 0.437736 0.000000 0.000000
112 0.083019 0.437736 0.000000 0.000000
113 0.001887 0.456604 0.000000 0.000000
114 0.005660 0.456604 0.000000 0.000000
115 0.022642 0.456604 0.000000 0.000000
116 0.037736 0.456604 0.000000 0.000000
117 0.043396 0.456604 0.000000 0.000000
118 0.058491 0.456604 0.000000 0.000000
119 0.062264 0.456604 0.000000 0.000000
120 0.068868 0.478302 0.009434 0.043396
121 0.083962 0.479245 0.013208 0.045283
122 0.112264 0.475472 0.035849 0.037736
123 0.024528 0.547170 0.022642 0.052830
124 0.060377 0.542453 0.041509 0.043396
125 0.104717 0.542453 0.035849 0.043396
126 0.128302 0.543396 0.003774 0.045283
127 0.142453 0.547170 0.013208 0.052830
128 0.161321 0.547170 0.013208 0.052830
129 0.181132 0.533962 0.022642 0.026415
130 0.209434 0.532075 0.022642 0.022642
131 0.230189 0.549057 0.007547 0.056604
132 0.262264 0.537736 0.022642 0.033962
