33 0.028302 0.033019 0.026415 0.028302
34 0.068868 0.033019 0.024528 0.028302
35 0.098113 0.038679 0.026415 0.039623
36 0.129245 0.033019 0.028302 0.028302
37 0.162264 0.038679 0.033962 0.039623
38 0.195283 0.033019 0.020755 0.028302
39 0.225472 0.034906 0.028302 0.032075
40 0.273585 0.033019 0.037736 0.028302
41 0.321698 0.034906 0.028302 0.032075
42 0.355660 0.033019 0.032075 0.028302
43 0.034906 0.097170 0.043396 0.039623
44 0.087736 0.091509 0.028302 0.028302
45 0.119811 0.092453 0.032075 0.030189
46 0.150943 0.091509 0.022642 0.028302
47 0.184906 0.091509 0.018868 0.028302
48 0.209434 0.082075 0.018868 0.009434
49 0.233019 0.091509 0.020755 0.028302
50 0.277358 0.097170 0.033962 0.039623
51 0.307547 0.080189 0.018868 0.005660
52 0.332075 0.082075 0.018868 0.009434
53 0.024528 0.140566 0.018868 0.009434
54 0.058491 0.140566 0.018868 0.009434
55 0.086792 0.140566 0.007547 0.009434
56 0.100000 0.140566 0.015094 0.009434
57 0.116038 0.138679 0.005660 0.005660
58 0.126415 0.150000 0.011321 0.028302
59 0.148113 0.150000 0.028302 0.028302
60 0.179245 0.158491 0.026415 0.045283
61 0.207547 0.158491 0.022642 0.045283
62 0.236792 0.158491 0.028302 0.045283
63 0.023585 0.219811 0.020755 0.039623
64 0.059434 0.219811 0.024528 0.039623
65 0.097170 0.205660 0.016981 0.011321
66 0.120755 0.204717 0.003774 0.009434
67 0.134906 0.204717 0.016981 0.009434
68 0.169811 0.204717 0.018868 0.009434
69 0.197170 0.204717 0.009434 0.009434
70 0.212264 0.204717 0.013208 0.009434
71 0.229245 0.204717 0.009434 0.009434
72 0.255660 0.205660 0.009434 0.011321
73 0.021698 0.272642 0.032075 0.028302
74 0.056604 0.269811 0.030189 0.022642
75 0.091509 0.269811 0.028302 0.022642
76 0.134906 0.272642 0.032075 0.028302
77 0.182075 0.269811 0.035849 0.022642
78 0.220755 0.273585 0.033962 0.030189
79 0.269811 0.273585 0.033962 0.030189
80 0.308491 0.273585 0.032075 0.030189
81 0.349057 0.274528 0.041509 0.032075
82 0.392453 0.274528 0.041509 0.032075
83 0.033962 0.323585 0.033962 0.028302
84 0.083019 0.323585 0.030189 0.028302
85 0.146226 0.323585 0.066038 0.028302
86 0.194340 0.333962 0.026415 0.049057
87 0.220755 0.309434 0.000000 0.000000
88 0.222642 0.309434 0.000000 0.000000
89 0.228302 0.309434 0.000000 0.000000
90 0.232075 0.309434 0.000000 0.000000
91 0.245283 0.309434 0.000000 0.000000
92 0.250943 0.309434 0.000000 0.000000
93 0.003774 0.377358 0.000000 0.000000
94 0.016981 0.377358 0.000000 0.000000
95 0.020755 0.377358 0.000000 0.000000
96 0.037736 0.377358 0.000000 0.000000
97 0.052830 0.377358 0.000000 0.000000
98 0.054717 0.377358 0.000000 0.000000
99 0.060377 0.377358 0.000000 0.000000
100 0.066038 0.377358 0.000000 0.000000
101 0.081132 0.377358 0.000000 0.000000
102 0.098113 0.377358 0.000000 0.000000
103 0.013208 0.396226 0.000000 0.000000
104 0.015094 0.396226 0.000000 0.000000
105 0.028302 0.396226 0.000000 0.000000
106 0.030189 0.396226 0.000000 0.000000
107 0.032075 0.396226 0.000000 0.000000
108 0.045283 0.396226 0.000000 0.000000
109 0.060377 0.396226 0.000000 0.000000
110 0.073585 0.396226 0.000000 0.000000
111 0.088679 0.396226 0.000000 0.000000
112 0.103774 0.396226 0.000000 0.000000
113 0.005660 0.415094 0.000000 0.000000
114 0.022642 0.415094 0.000000 0.000000
115 0.026415 0.415094 0.000000 0.000000
116 0.030189 0.415094 0.000000 0.000000
117 0.033962 0.415094 0.000000 0.000000
118 0.035849 0.415094 0.000000 0.000000
119 0.037736 0.415094 0.000000 0.000000
120 0.055660 0.435849 0.005660 0.041509
121 0.081132 0.437736 0.015094 0.045283
122 0.119811 0.435849 0.032075 0.041509
123 0.020755 0.503774 0.030189 0.049057
124 0.070755 0.500000 0.043396 0.041509
125 0.123585 0.500000 0.035849 0.041509
126 0.157547 0.501887 0.005660 0.045283
127 0.170755 0.505660 0.013208 0.052830
128 0.200943 0.505660 0.013208 0.052830
129 0.234906 0.489623 0.020755 0.020755
130 0.262264 0.492453 0.026415 0.026415
131 0.296226 0.499057 0.007547 0.039623
132 0.328302 0.490566 0.022642 0.022642
