133 0.014151 0.042453 0.016981 0.047170
134 0.051887 0.042453 0.032075 0.047170
135 0.102830 0.042453 0.039623 0.047170
136 0.153774 0.042453 0.028302 0.047170
137 0.195283 0.044340 0.043396 0.050943
138 0.245283 0.043396 0.045283 0.049057
139 0.309434 0.044340 0.052830 0.050943
140 0.372642 0.046226 0.043396 0.054717
141 0.417925 0.043396 0.043396 0.049057
142 0.476415 0.041509 0.039623 0.045283
143 0.033962 0.116981 0.037736 0.049057
144 0.076415 0.116981 0.043396 0.049057
145 0.110377 0.108491 0.016981 0.032075
146 0.128302 0.110377 0.015094 0.035849
147 0.159434 0.107547 0.020755 0.030189
148 0.194340 0.103774 0.022642 0.022642
149 0.232075 0.108491 0.018868 0.032075
150 0.263208 0.116038 0.039623 0.047170
151 0.316981 0.116038 0.041509 0.047170
152 0.381132 0.116038 0.052830 0.047170
153 0.023585 0.183962 0.043396 0.047170
154 0.070755 0.184906 0.039623 0.049057
155 0.116981 0.183019 0.045283 0.045283
156 0.176415 0.183962 0.047170 0.047170
157 0.237736 0.184906 0.041509 0.049057
158 0.293396 0.184906 0.043396 0.049057
159 0.354717 0.183962 0.049057 0.047170
160 0.396226 0.183962 0.030189 0.047170
161 0.437736 0.183962 0.041509 0.047170
162 0.500000 0.183962 0.052830 0.047170
163 0.036792 0.251887 0.043396 0.047170
164 0.110377 0.251887 0.069811 0.047170
165 0.173585 0.252830 0.045283 0.049057
166 0.231132 0.251887 0.043396 0.047170
167 0.282075 0.252830 0.047170 0.049057
168 0.334906 0.253774 0.047170 0.050943
169 0.400943 0.251887 0.058491 0.047170
170 0.456604 0.252830 0.045283 0.049057
171 0.521698 0.252830 0.050943 0.049057
172 0.583019 0.252830 0.045283 0.049057
173 0.043396 0.323585 0.052830 0.050943
174 0.117925 0.322642 0.066038 0.049057
175 0.183019 0.322642 0.052830 0.049057
176 0.237736 0.320755 0.049057 0.045283
177 0.293396 0.321698 0.050943 0.047170
178 0.344340 0.326415 0.020755 0.056604
179 0.372642 0.321698 0.032075 0.047170
180 0.401887 0.326415 0.018868 0.056604
181 0.434906 0.313208 0.020755 0.030189
182 0.469811 0.335849 0.045283 0.075472
183 0.011321 0.409434 0.011321 0.033962
184 0.041509 0.412264 0.045283 0.039623
185 0.089623 0.416038 0.043396 0.047170
186 0.133019 0.410377 0.039623 0.035849
187 0.175472 0.415094 0.041509 0.045283
188 0.232075 0.410377 0.037736 0.035849
189 0.275472 0.416981 0.041509 0.049057
190 0.318868 0.416038 0.041509 0.047170
191 0.375472 0.418868 0.045283 0.052830
192 0.427358 0.416038 0.028302 0.047170
193 0.024528 0.491509 0.037736 0.054717
194 0.069811 0.488679 0.049057 0.049057
195 0.106604 0.488679 0.020755 0.049057
196 0.163208 0.483962 0.066038 0.039623
197 0.219811 0.483962 0.043396 0.039623
198 0.273585 0.481132 0.037736 0.033962
199 0.317925 0.486792 0.043396 0.045283
200 0.376415 0.488679 0.043396 0.049057
201 0.423585 0.481132 0.043396 0.033962
202 0.482075 0.482075 0.039623 0.035849
203 0.023585 0.562264 0.043396 0.049057
204 0.081132 0.555660 0.045283 0.035849
205 0.145283 0.559434 0.049057 0.043396
206 0.215094 0.557547 0.060377 0.039623
207 0.269811 0.555660 0.045283 0.035849
208 0.318868 0.559434 0.049057 0.043396
209 0.379245 0.554717 0.045283 0.033962
210 0.420755 0.566981 0.030189 0.058491
211 0.454717 0.566038 0.007547 0.056604
212 0.477358 0.566038 0.030189 0.056604
213 0.016981 0.654717 0.026415 0.079245
