33 0.012264 0.029245 0.020755 0.020755
34 0.048113 0.029245 0.020755 0.020755
35 0.070755 0.029245 0.020755 0.020755
36 0.108491 0.029245 0.020755 0.020755
37 0.133019 0.029245 0.020755 0.020755
38 0.155660 0.029245 0.020755 0.020755
39 0.180189 0.029245 0.020755 0.020755
40 0.217925 0.029245 0.020755 0.020755
41 0.242453 0.029245 0.020755 0.020755
42 0.280189 0.029245 0.020755 0.020755
43 0.023585 0.068868 0.020755 0.020755
44 0.048113 0.068868 0.020755 0.020755
45 0.085849 0.068868 0.020755 0.020755
46 0.121698 0.068868 0.020755 0.020755
47 0.155660 0.068868 0.020755 0.020755
48 0.178302 0.068868 0.020755 0.020755
49 0.214151 0.068868 0.020755 0.020755
50 0.251887 0.068868 0.020755 0.020755
51 0.276415 0.068868 0.020755 0.020755
52 0.300943 0.068868 0.020755 0.020755
53 0.023585 0.108491 0.020755 0.020755
54 0.050000 0.108491 0.020755 0.020755
55 0.074528 0.108491 0.020755 0.020755
56 0.108491 0.108491 0.020755 0.020755
57 0.134906 0.108491 0.020755 0.020755
58 0.170755 0.108491 0.020755 0.020755
59 0.206604 0.108491 0.020755 0.020755
60 0.231132 0.108491 0.020755 0.020755
61 0.268868 0.108491 0.020755 0.020755
62 0.302830 0.108491 0.020755 0.020755
63 0.012264 0.148113 0.020755 0.020755
64 0.036792 0.148113 0.020755 0.020755
65 0.072642 0.148113 0.020755 0.020755
66 0.110377 0.148113 0.020755 0.020755
67 0.146226 0.148113 0.020755 0.020755
68 0.168868 0.148113 0.020755 0.020755
69 0.206604 0.148113 0.020755 0.020755
70 0.244340 0.148113 0.020755 0.020755
71 0.266981 0.148113 0.020755 0.020755
72 0.300943 0.148113 0.020755 0.020755
73 0.023585 0.187736 0.020755 0.020755
74 0.057547 0.187736 0.020755 0.020755
75 0.080189 0.187736 0.020755 0.020755
76 0.102830 0.187736 0.020755 0.020755
77 0.140566 0.187736 0.020755 0.020755
78 0.176415 0.187736 0.020755 0.020755
79 0.200943 0.187736 0.020755 0.020755
80 0.238679 0.187736 0.020755 0.020755
81 0.265094 0.187736 0.020755 0.020755
82 0.302830 0.187736 0.020755 0.020755
83 0.012264 0.227358 0.020755 0.020755
84 0.034906 0.227358 0.020755 0.020755
85 0.059434 0.227358 0.020755 0.020755
86 0.095283 0.227358 0.020755 0.020755
87 0.107547 0.216981 0.000000 0.000000
88 0.124528 0.216981 0.000000 0.000000
89 0.137736 0.216981 0.000000 0.000000
90 0.150943 0.216981 0.000000 0.000000
91 0.167925 0.216981 0.000000 0.000000
92 0.171698 0.216981 0.000000 0.000000
93 0.015094 0.256604 0.000000 0.000000
94 0.032075 0.256604 0.000000 0.000000
95 0.045283 0.256604 0.000000 0.000000
96 0.060377 0.256604 0.000000 0.000000
97 0.062264 0.256604 0.000000 0.000000
98 0.067925 0.256604 0.000000 0.000000
99 0.071698 0.256604 0.000000 0.000000
100 0.073585 0.256604 0.000000 0.000000
101 0.088679 0.256604 0.000000 0.000000
102 0.105660 0.256604 0.000000 0.000000
103 0.001887 0.275472 0.000000 0.000000
104 0.005660 0.275472 0.000000 0.000000
105 0.020755 0.275472 0.000000 0.000000
106 0.033962 0.275472 0.000000 0.000000
107 0.037736 0.275472 0.000000 0.000000
108 0.050943 0.275472 0.000000 0.000000
109 0.066038 0.275472 0.000000 0.000000
110 0.079245 0.275472 0.000000 0.000000
111 0.083019 0.275472 0.000000 0.000000
112 0.096226 0.275472 0.000000 0.000000
113 0.001887 0.294340 0.000000 0.000000
114 0.015094 0.294340 0.000000 0.000000
115 0.018868 0.294340 0.000000 0.000000
116 0.022642 0.294340 0.000000 0.000000
117 0.024528 0.294340 0.000000 0.000000
118 0.030189 0.294340 0.000000 0.000000
119 0.043396 0.294340 0.000000 0.000000
120 0.064151 0.315094 0.015094 0.041509
121 0.084906 0.311321 0.018868 0.033962
122 0.111321 0.315094 0.030189 0.041509
123 0.016981 0.379245 0.026415 0.049057
124 0.061321 0.374528 0.035849 0.039623
125 0.098113 0.375472 0.033962 0.041509
126 0.133962 0.371698 0.007547 0.033962
127 0.150943 0.380189 0.018868 0.050943
128 0.173585 0.380189 0.018868 0.050943
129 0.198113 0.365094 0.018868 0.020755
130 0.222642 0.366981 0.022642 0.024528
131 0.240566 0.383019 0.009434 0.056604
132 0.257547 0.371698 0.013208 0.033962
