133 0.008491 0.047170 0.009434 0.056604
134 0.044340 0.043396 0.032075 0.049057
135 0.083962 0.038679 0.035849 0.039623
136 0.116038 0.038679 0.024528 0.039623
137 0.151887 0.039623 0.035849 0.041509
138 0.203774 0.038679 0.033962 0.039623
139 0.252830 0.038679 0.033962 0.039623
140 0.300000 0.038679 0.033962 0.039623
141 0.350000 0.038679 0.032075 0.039623
142 0.385849 0.038679 0.035849 0.039623
143 0.032075 0.114151 0.033962 0.039623
144 0.082075 0.114151 0.032075 0.039623
145 0.118868 0.108491 0.015094 0.028302
146 0.147170 0.113208 0.015094 0.037736
147 0.169811 0.109434 0.026415 0.030189
148 0.212264 0.102830 0.028302 0.016981
149 0.252830 0.107547 0.026415 0.026415
150 0.296226 0.115094 0.030189 0.041509
151 0.341509 0.118868 0.049057 0.049057
152 0.401887 0.113208 0.041509 0.037736
153 0.035849 0.181132 0.041509 0.037736
154 0.088679 0.181132 0.037736 0.037736
155 0.134906 0.181132 0.043396 0.037736
156 0.183962 0.181132 0.043396 0.037736
157 0.230189 0.181132 0.041509 0.037736
158 0.284906 0.181132 0.041509 0.037736
159 0.335849 0.181132 0.049057 0.037736
160 0.388679 0.181132 0.026415 0.037736
161 0.435849 0.181132 0.041509 0.037736
162 0.495283 0.181132 0.047170 0.037736
163 0.021698 0.237736 0.039623 0.037736
164 0.084906 0.237736 0.052830 0.037736
165 0.150000 0.237736 0.047170 0.037736
166 0.206604 0.237736 0.039623 0.037736
167 0.261321 0.237736 0.039623 0.037736
168 0.316038 0.243396 0.039623 0.049057
169 0.360377 0.237736 0.041509 0.037736
170 0.402830 0.237736 0.035849 0.037736
171 0.452830 0.237736 0.037736 0.037736
172 0.498113 0.237736 0.041509 0.037736
173 0.033962 0.305660 0.037736 0.037736
174 0.086792 0.305660 0.056604 0.037736
175 0.145283 0.305660 0.049057 0.037736
176 0.190566 0.305660 0.037736 0.037736
177 0.247170 0.305660 0.041509 0.037736
178 0.281132 0.313208 0.022642 0.052830
179 0.322642 0.311321 0.030189 0.049057
180 0.352830 0.313208 0.022642 0.052830
181 0.392453 0.309434 0.026415 0.045283
182 0.433019 0.301887 0.028302 0.030189
183 0.021698 0.375472 0.013208 0.033962
184 0.060377 0.372642 0.033962 0.028302
185 0.097170 0.378302 0.032075 0.039623
186 0.140566 0.372642 0.028302 0.028302
187 0.188679 0.378302 0.033962 0.039623
188 0.221698 0.372642 0.028302 0.028302
189 0.258491 0.384906 0.041509 0.052830
190 0.300943 0.379245 0.035849 0.041509
191 0.351887 0.378302 0.035849 0.039623
192 0.395283 0.378302 0.016981 0.039623
193 0.030189 0.456604 0.030189 0.052830
194 0.065094 0.450000 0.035849 0.039623
195 0.103774 0.450000 0.015094 0.039623
196 0.151887 0.444340 0.050943 0.028302
197 0.197170 0.444340 0.035849 0.028302
198 0.232075 0.444340 0.030189 0.028302
199 0.270755 0.450943 0.039623 0.041509
200 0.309434 0.450943 0.033962 0.041509
201 0.346226 0.444340 0.028302 0.028302
202 0.389623 0.444340 0.028302 0.028302
203 0.027358 0.520755 0.020755 0.037736
204 0.060377 0.516038 0.033962 0.028302
205 0.104717 0.516038 0.028302 0.028302
206 0.147170 0.516038 0.045283 0.028302
207 0.194340 0.516038 0.037736 0.028302
208 0.234906 0.522642 0.035849 0.041509
209 0.284906 0.516038 0.030189 0.028302
210 0.312264 0.526415 0.020755 0.049057
211 0.340566 0.528302 0.005660 0.052830
212 0.355660 0.526415 0.020755 0.049057
213 0.030189 0.601887 0.026415 0.056604
