133 0.008491 0.042453 0.009434 0.047170
134 0.030189 0.039623 0.022642 0.041509
135 0.070755 0.036792 0.028302 0.035849
136 0.099057 0.036792 0.024528 0.035849
137 0.139623 0.036792 0.026415 0.035849
138 0.170755 0.036792 0.024528 0.035849
139 0.200943 0.036792 0.028302 0.035849
140 0.233019 0.036792 0.024528 0.035849
141 0.272642 0.036792 0.028302 0.035849
142 0.306604 0.036792 0.028302 0.035849
143 0.031132 0.102830 0.028302 0.035849
144 0.062264 0.102830 0.026415 0.035849
145 0.095283 0.097170 0.009434 0.024528
146 0.111321 0.102830 0.011321 0.035849
147 0.143396 0.099057 0.018868 0.028302
148 0.178302 0.093396 0.024528 0.016981
149 0.205660 0.099057 0.018868 0.028302
150 0.229245 0.103774 0.024528 0.037736
151 0.261321 0.100000 0.035849 0.030189
152 0.299057 0.103774 0.035849 0.037736
153 0.016981 0.160377 0.030189 0.037736
154 0.060377 0.160377 0.030189 0.037736
155 0.107547 0.160377 0.033962 0.037736
156 0.150943 0.160377 0.026415 0.037736
157 0.179245 0.160377 0.026415 0.037736
158 0.215094 0.160377 0.033962 0.037736
159 0.253774 0.160377 0.035849 0.037736
160 0.295283 0.160377 0.016981 0.037736
161 0.332075 0.161321 0.026415 0.039623
162 0.367925 0.160377 0.033962 0.037736
163 0.026415 0.218868 0.026415 0.037736
164 0.067925 0.218868 0.045283 0.037736
165 0.110377 0.218868 0.035849 0.037736
166 0.149057 0.218868 0.037736 0.037736
167 0.195283 0.218868 0.028302 0.037736
168 0.245283 0.223585 0.041509 0.047170
169 0.283962 0.218868 0.032075 0.037736
170 0.318868 0.218868 0.026415 0.037736
171 0.366038 0.218868 0.033962 0.037736
172 0.404717 0.218868 0.035849 0.037736
173 0.020755 0.284906 0.037736 0.037736
174 0.066981 0.284906 0.050943 0.037736
175 0.126415 0.284906 0.037736 0.037736
176 0.180189 0.284906 0.035849 0.037736
177 0.228302 0.284906 0.030189 0.037736
178 0.251887 0.290566 0.013208 0.049057
179 0.273585 0.287736 0.022642 0.043396
180 0.309434 0.290566 0.015094 0.049057
181 0.331132 0.286792 0.024528 0.041509
182 0.370755 0.281132 0.028302 0.030189
183 0.008491 0.350943 0.009434 0.033962
184 0.028302 0.346226 0.026415 0.024528
185 0.060377 0.353774 0.030189 0.039623
186 0.088679 0.346226 0.022642 0.024528
187 0.132075 0.353774 0.030189 0.039623
188 0.165094 0.346226 0.024528 0.024528
189 0.191509 0.353774 0.020755 0.039623
190 0.222642 0.352830 0.030189 0.037736
191 0.255660 0.353774 0.032075 0.039623
192 0.294340 0.352830 0.015094 0.037736
193 0.020755 0.417925 0.015094 0.050943
194 0.057547 0.412264 0.032075 0.039623
195 0.095283 0.412264 0.016981 0.039623
196 0.143396 0.404717 0.045283 0.024528
197 0.183019 0.404717 0.030189 0.024528
198 0.224528 0.404717 0.026415 0.024528
199 0.256604 0.410377 0.030189 0.035849
200 0.289623 0.411321 0.028302 0.037736
201 0.328302 0.404717 0.022642 0.024528
202 0.351887 0.404717 0.020755 0.024528
203 0.025472 0.478302 0.020755 0.032075
204 0.064151 0.474528 0.030189 0.024528
205 0.108491 0.474528 0.028302 0.024528
206 0.145283 0.474528 0.041509 0.024528
207 0.183019 0.474528 0.030189 0.024528
208 0.216038 0.481132 0.028302 0.037736
209 0.259434 0.474528 0.024528 0.024528
210 0.282075 0.487736 0.016981 0.050943
211 0.306604 0.490566 0.005660 0.056604
212 0.331132 0.487736 0.016981 0.050943
213 0.014151 0.566038 0.024528 0.056604
