133 0.016038 0.037736 0.005660 0.037736
134 0.044340 0.043396 0.020755 0.049057
135 0.074528 0.039623 0.028302 0.041509
136 0.110377 0.039623 0.009434 0.041509
137 0.145283 0.039623 0.026415 0.041509
138 0.173585 0.039623 0.026415 0.041509
139 0.202830 0.038679 0.028302 0.039623
140 0.233962 0.039623 0.026415 0.041509
141 0.261321 0.039623 0.024528 0.041509
142 0.287736 0.039623 0.024528 0.041509
143 0.030189 0.107547 0.026415 0.041509
144 0.070755 0.107547 0.024528 0.041509
145 0.091509 0.101887 0.005660 0.030189
146 0.113208 0.104717 0.007547 0.035849
147 0.148113 0.099057 0.028302 0.024528
148 0.190566 0.094340 0.026415 0.015094
149 0.231132 0.099057 0.028302 0.024528
150 0.273585 0.108491 0.022642 0.043396
151 0.309434 0.108491 0.041509 0.043396
152 0.362264 0.107547 0.037736 0.041509
153 0.028302 0.169811 0.022642 0.041509
154 0.075472 0.169811 0.037736 0.041509
155 0.128302 0.169811 0.033962 0.041509
156 0.160377 0.169811 0.022642 0.041509
157 0.184906 0.169811 0.018868 0.041509
158 0.221698 0.169811 0.043396 0.041509
159 0.274528 0.169811 0.028302 0.041509
160 0.303774 0.169811 0.003774 0.041509
161 0.332075 0.169811 0.018868 0.041509
162 0.367925 0.169811 0.026415 0.041509
163 0.026415 0.230189 0.018868 0.041509
164 0.075472 0.230189 0.045283 0.041509
165 0.116981 0.230189 0.030189 0.041509
166 0.154717 0.230189 0.041509 0.041509
167 0.200943 0.230189 0.024528 0.041509
168 0.250943 0.231132 0.041509 0.043396
169 0.285849 0.230189 0.024528 0.041509
170 0.324528 0.230189 0.022642 0.041509
171 0.348113 0.230189 0.020755 0.041509
172 0.386792 0.230189 0.026415 0.041509
173 0.021698 0.292453 0.035849 0.041509
174 0.068868 0.292453 0.047170 0.041509
175 0.111321 0.292453 0.030189 0.041509
176 0.144340 0.292453 0.028302 0.041509
177 0.186792 0.292453 0.022642 0.041509
178 0.219811 0.298113 0.009434 0.052830
179 0.252830 0.296226 0.030189 0.049057
180 0.285849 0.298113 0.009434 0.052830
181 0.318868 0.303774 0.030189 0.064151
182 0.365094 0.286792 0.028302 0.030189
183 0.011321 0.368868 0.011321 0.028302
184 0.049057 0.369811 0.030189 0.030189
185 0.084906 0.376415 0.030189 0.043396
186 0.131132 0.369811 0.028302 0.030189
187 0.162264 0.376415 0.030189 0.043396
188 0.205660 0.369811 0.030189 0.030189
189 0.243396 0.376415 0.015094 0.043396
190 0.271698 0.375472 0.030189 0.041509
191 0.316981 0.376415 0.026415 0.043396
192 0.349057 0.376415 0.007547 0.043396
193 0.007547 0.444340 0.011321 0.054717
194 0.031132 0.438679 0.024528 0.043396
195 0.047170 0.438679 0.003774 0.043396
196 0.086792 0.432075 0.045283 0.030189
197 0.126415 0.432075 0.026415 0.030189
198 0.171698 0.432075 0.030189 0.030189
199 0.216038 0.437736 0.032075 0.041509
200 0.262264 0.437736 0.030189 0.041509
201 0.289623 0.432075 0.013208 0.030189
202 0.319811 0.432075 0.016981 0.030189
203 0.011321 0.512264 0.015094 0.043396
204 0.033962 0.505660 0.026415 0.030189
205 0.077358 0.505660 0.026415 0.030189
206 0.118868 0.505660 0.045283 0.030189
207 0.156604 0.505660 0.026415 0.030189
208 0.188679 0.511321 0.026415 0.041509
209 0.229245 0.505660 0.020755 0.030189
210 0.262264 0.516981 0.015094 0.052830
211 0.275472 0.517925 0.003774 0.054717
212 0.298113 0.516981 0.015094 0.052830
213 0.026415 0.586792 0.026415 0.045283
