133 0.016981 0.037736 0.007547 0.037736
134 0.040566 0.044340 0.032075 0.050943
135 0.074528 0.033962 0.032075 0.030189
136 0.115094 0.033962 0.018868 0.030189
137 0.145283 0.033962 0.030189 0.030189
138 0.192453 0.038679 0.030189 0.039623
139 0.225472 0.038679 0.032075 0.039623
140 0.262264 0.038679 0.033962 0.039623
141 0.298113 0.038679 0.030189 0.039623
142 0.331132 0.038679 0.032075 0.039623
143 0.021698 0.108491 0.032075 0.039623
144 0.054717 0.108491 0.030189 0.039623
145 0.092453 0.102830 0.011321 0.028302
146 0.120755 0.107547 0.015094 0.037736
147 0.143396 0.104717 0.026415 0.032075
148 0.176415 0.095283 0.028302 0.013208
149 0.216981 0.104717 0.026415 0.032075
150 0.246226 0.107547 0.020755 0.037736
151 0.283962 0.113208 0.047170 0.049057
152 0.330189 0.107547 0.037736 0.037736
153 0.030189 0.175472 0.033962 0.037736
154 0.081132 0.175472 0.033962 0.037736
155 0.131132 0.175472 0.039623 0.037736
156 0.174528 0.175472 0.035849 0.037736
157 0.216038 0.175472 0.035849 0.037736
158 0.265094 0.175472 0.035849 0.037736
159 0.311321 0.175472 0.045283 0.037736
160 0.360377 0.175472 0.022642 0.037736
161 0.404717 0.181132 0.032075 0.049057
162 0.458491 0.175472 0.041509 0.037736
163 0.030189 0.243396 0.030189 0.037736
164 0.087736 0.243396 0.054717 0.037736
165 0.141509 0.243396 0.045283 0.037736
166 0.200000 0.243396 0.037736 0.037736
167 0.252830 0.243396 0.033962 0.037736
168 0.305660 0.250000 0.037736 0.050943
169 0.357547 0.243396 0.035849 0.037736
170 0.394340 0.243396 0.030189 0.037736
171 0.428302 0.243396 0.033962 0.037736
172 0.467925 0.243396 0.037736 0.037736
173 0.022642 0.313208 0.037736 0.037736
174 0.076415 0.313208 0.058491 0.037736
175 0.142453 0.313208 0.043396 0.037736
176 0.185849 0.313208 0.035849 0.037736
177 0.237736 0.313208 0.037736 0.037736
178 0.283962 0.318868 0.024528 0.049057
179 0.318868 0.319811 0.011321 0.050943
180 0.351887 0.318868 0.024528 0.049057
181 0.390566 0.315094 0.026415 0.041509
182 0.434906 0.301887 0.032075 0.015094
183 0.022642 0.381132 0.011321 0.033962
184 0.060377 0.378302 0.030189 0.028302
185 0.107547 0.383962 0.030189 0.039623
186 0.135849 0.378302 0.022642 0.028302
187 0.175472 0.383962 0.030189 0.039623
188 0.219811 0.378302 0.024528 0.028302
189 0.253774 0.390566 0.035849 0.052830
190 0.287736 0.384906 0.028302 0.041509
191 0.330189 0.383962 0.030189 0.039623
192 0.355660 0.383962 0.013208 0.039623
193 0.014151 0.462264 0.024528 0.052830
194 0.057547 0.455660 0.028302 0.039623
195 0.092453 0.455660 0.011321 0.039623
196 0.125472 0.450000 0.047170 0.028302
197 0.166038 0.450000 0.030189 0.028302
198 0.200000 0.450000 0.026415 0.028302
199 0.234906 0.456604 0.035849 0.041509
200 0.270755 0.456604 0.028302 0.041509
201 0.301887 0.450000 0.022642 0.028302
202 0.327358 0.450000 0.024528 0.028302
203 0.024528 0.526415 0.018868 0.037736
204 0.064151 0.521698 0.030189 0.028302
205 0.096226 0.521698 0.030189 0.028302
206 0.141509 0.521698 0.049057 0.028302
207 0.196226 0.521698 0.030189 0.028302
208 0.240566 0.528302 0.028302 0.041509
209 0.285849 0.521698 0.028302 0.028302
210 0.328302 0.532075 0.026415 0.049057
211 0.356604 0.533019 0.003774 0.050943
212 0.385849 0.532075 0.024528 0.049057
213 0.020755 0.600000 0.030189 0.045283
