133 0.006604 0.033019 0.005660 0.028302
134 0.022642 0.041509 0.022642 0.045283
135 0.063208 0.035849 0.024528 0.033962
136 0.093396 0.035849 0.009434 0.033962
137 0.121698 0.035849 0.020755 0.033962
138 0.146226 0.035849 0.024528 0.033962
139 0.177358 0.034906 0.026415 0.032075
140 0.219811 0.037736 0.024528 0.037736
141 0.249057 0.035849 0.022642 0.033962
142 0.276415 0.035849 0.024528 0.033962
143 0.026415 0.100000 0.022642 0.033962
144 0.064151 0.102830 0.026415 0.039623
145 0.095283 0.096226 0.005660 0.026415
146 0.115094 0.099057 0.007547 0.032075
147 0.129245 0.091509 0.013208 0.016981
148 0.157547 0.086792 0.016981 0.007547
149 0.186792 0.091509 0.011321 0.016981
150 0.207547 0.102830 0.018868 0.039623
151 0.244340 0.106604 0.047170 0.047170
152 0.300943 0.107547 0.035849 0.049057
153 0.033962 0.173585 0.033962 0.045283
154 0.082075 0.172642 0.035849 0.043396
155 0.122642 0.170755 0.033962 0.039623
156 0.161321 0.170755 0.035849 0.039623
157 0.207547 0.172642 0.030189 0.043396
158 0.243396 0.172642 0.033962 0.043396
159 0.295283 0.170755 0.035849 0.039623
160 0.320755 0.170755 0.007547 0.039623
161 0.334906 0.173585 0.013208 0.045283
162 0.361321 0.174528 0.032075 0.047170
163 0.027358 0.236792 0.028302 0.039623
164 0.063208 0.236792 0.039623 0.039623
165 0.115094 0.236792 0.030189 0.039623
166 0.150000 0.236792 0.032075 0.039623
167 0.199057 0.241509 0.032075 0.049057
168 0.249057 0.237736 0.033962 0.041509
169 0.301887 0.240566 0.037736 0.047170
170 0.341509 0.236792 0.030189 0.039623
171 0.373585 0.238679 0.030189 0.043396
172 0.409434 0.236792 0.030189 0.039623
173 0.032075 0.306604 0.030189 0.043396
174 0.084906 0.305660 0.041509 0.041509
175 0.137736 0.305660 0.030189 0.041509
176 0.184906 0.309434 0.030189 0.049057
177 0.216981 0.304717 0.030189 0.039623
178 0.253774 0.309434 0.009434 0.049057
179 0.274528 0.307547 0.024528 0.045283
180 0.307547 0.309434 0.007547 0.049057
181 0.338679 0.300000 0.024528 0.030189
182 0.366981 0.292453 0.028302 0.015094
183 0.020755 0.361321 0.007547 0.016981
184 0.050943 0.366038 0.022642 0.026415
185 0.091509 0.371698 0.024528 0.037736
186 0.132075 0.366038 0.022642 0.026415
187 0.159434 0.372642 0.024528 0.039623
188 0.198113 0.368868 0.022642 0.032075
189 0.221698 0.378302 0.016981 0.050943
190 0.256604 0.374528 0.026415 0.043396
191 0.296226 0.373585 0.022642 0.041509
192 0.326415 0.370755 0.007547 0.035849
193 0.005660 0.446226 0.007547 0.047170
194 0.022642 0.442453 0.022642 0.039623
195 0.043396 0.442453 0.007547 0.039623
196 0.066981 0.435849 0.035849 0.026415
197 0.114151 0.436792 0.024528 0.028302
198 0.142453 0.435849 0.028302 0.026415
199 0.185849 0.440566 0.024528 0.035849
200 0.226415 0.441509 0.026415 0.037736
201 0.253774 0.435849 0.020755 0.026415
202 0.279245 0.435849 0.022642 0.026415
203 0.022642 0.506604 0.011321 0.035849
204 0.057547 0.501887 0.024528 0.026415
205 0.098113 0.502830 0.022642 0.028302
206 0.129245 0.503774 0.032075 0.030189
207 0.160377 0.505660 0.022642 0.033962
208 0.188679 0.507547 0.022642 0.037736
209 0.213208 0.502830 0.022642 0.028302
210 0.249057 0.512264 0.015094 0.047170
211 0.270755 0.516038 0.001887 0.054717
212 0.293396 0.512264 0.016981 0.047170
213 0.017925 0.596226 0.024528 0.067925
