133 0.018868 0.033019 0.003774 0.028302
134 0.042453 0.038679 0.016981 0.039623
135 0.065094 0.038679 0.024528 0.039623
136 0.092453 0.038679 0.018868 0.039623
137 0.116038 0.038679 0.024528 0.039623
138 0.142453 0.038679 0.024528 0.039623
139 0.169811 0.038679 0.026415 0.039623
140 0.198113 0.038679 0.026415 0.039623
141 0.224528 0.038679 0.022642 0.039623
142 0.265094 0.038679 0.024528 0.039623
143 0.017925 0.097170 0.024528 0.039623
144 0.046226 0.097170 0.024528 0.039623
145 0.075472 0.090566 0.007547 0.026415
146 0.101887 0.093396 0.011321 0.032075
147 0.133019 0.089623 0.024528 0.024528
148 0.174528 0.083962 0.024528 0.013208
149 0.200943 0.089623 0.024528 0.024528
150 0.223585 0.097170 0.016981 0.039623
151 0.263208 0.095283 0.035849 0.035849
152 0.303774 0.097170 0.037736 0.039623
153 0.020755 0.155660 0.030189 0.039623
154 0.054717 0.155660 0.033962 0.039623
155 0.106604 0.155660 0.039623 0.039623
156 0.158491 0.155660 0.030189 0.039623
157 0.201887 0.155660 0.030189 0.039623
158 0.240566 0.155660 0.035849 0.039623
159 0.294340 0.155660 0.045283 0.039623
160 0.342453 0.155660 0.020755 0.039623
161 0.376415 0.161321 0.020755 0.050943
162 0.408491 0.155660 0.035849 0.039623
163 0.030189 0.225472 0.026415 0.039623
164 0.086792 0.225472 0.052830 0.039623
165 0.139623 0.225472 0.045283 0.039623
166 0.183019 0.225472 0.037736 0.039623
167 0.223585 0.225472 0.032075 0.039623
168 0.275472 0.230189 0.037736 0.049057
169 0.315094 0.225472 0.033962 0.039623
170 0.359434 0.225472 0.024528 0.039623
171 0.404717 0.225472 0.032075 0.039623
172 0.446226 0.225472 0.039623 0.039623
173 0.035849 0.293396 0.037736 0.039623
174 0.084906 0.293396 0.052830 0.039623
175 0.144340 0.293396 0.039623 0.039623
176 0.196226 0.293396 0.033962 0.039623
177 0.233962 0.293396 0.033962 0.039623
178 0.272642 0.297170 0.016981 0.047170
179 0.303774 0.293396 0.015094 0.039623
180 0.325472 0.297170 0.016981 0.047170
181 0.362264 0.294340 0.022642 0.041509
182 0.389623 0.288679 0.028302 0.030189
183 0.006604 0.353774 0.009434 0.028302
184 0.038679 0.352830 0.020755 0.026415
185 0.077358 0.360377 0.022642 0.041509
186 0.102830 0.352830 0.020755 0.026415
187 0.140566 0.360377 0.024528 0.041509
188 0.177358 0.352830 0.018868 0.026415
189 0.215094 0.367925 0.030189 0.056604
190 0.259434 0.360377 0.028302 0.041509
191 0.291509 0.360377 0.024528 0.041509
192 0.314151 0.359434 0.013208 0.039623
193 0.011321 0.442453 0.018868 0.054717
194 0.049057 0.435849 0.022642 0.041509
195 0.083019 0.435849 0.011321 0.041509
196 0.121698 0.428302 0.039623 0.026415
197 0.169811 0.428302 0.026415 0.026415
198 0.210377 0.428302 0.020755 0.026415
199 0.235849 0.435849 0.026415 0.041509
200 0.273585 0.435849 0.022642 0.041509
201 0.296226 0.428302 0.018868 0.026415
202 0.316038 0.428302 0.016981 0.026415
203 0.019811 0.506604 0.013208 0.035849
204 0.056604 0.501887 0.026415 0.026415
205 0.083962 0.501887 0.024528 0.026415
206 0.118868 0.501887 0.037736 0.026415
207 0.167925 0.501887 0.026415 0.026415
208 0.196226 0.509434 0.026415 0.041509
209 0.222642 0.501887 0.022642 0.026415
210 0.258491 0.512264 0.015094 0.047170
211 0.272642 0.509434 0.001887 0.041509
212 0.294340 0.512264 0.015094 0.047170
213 0.017925 0.577358 0.024528 0.045283
