133 0.019811 0.033019 0.005660 0.028302
134 0.047170 0.038679 0.015094 0.039623
135 0.081132 0.038679 0.018868 0.039623
136 0.101887 0.038679 0.011321 0.039623
137 0.119811 0.038679 0.020755 0.039623
138 0.142453 0.038679 0.020755 0.039623
139 0.170755 0.038679 0.024528 0.039623
140 0.195283 0.038679 0.020755 0.039623
141 0.217925 0.038679 0.020755 0.039623
142 0.254717 0.038679 0.018868 0.039623
143 0.022642 0.097170 0.018868 0.039623
144 0.054717 0.097170 0.018868 0.039623
145 0.068868 0.089623 0.005660 0.024528
146 0.078302 0.092453 0.005660 0.030189
147 0.105660 0.086792 0.018868 0.018868
148 0.139623 0.083962 0.018868 0.013208
149 0.162264 0.086792 0.018868 0.018868
150 0.193396 0.097170 0.016981 0.039623
151 0.225472 0.100943 0.043396 0.047170
152 0.272642 0.097170 0.024528 0.039623
153 0.022642 0.163208 0.018868 0.039623
154 0.058491 0.163208 0.018868 0.039623
155 0.092453 0.163208 0.018868 0.039623
156 0.111321 0.163208 0.015094 0.039623
157 0.139623 0.163208 0.015094 0.039623
158 0.158491 0.163208 0.018868 0.039623
159 0.179245 0.163208 0.018868 0.039623
160 0.198113 0.163208 0.007547 0.039623
161 0.212264 0.163208 0.016981 0.039623
162 0.236792 0.163208 0.020755 0.039623
163 0.022642 0.221698 0.015094 0.039623
164 0.057547 0.221698 0.028302 0.039623
165 0.095283 0.221698 0.020755 0.039623
166 0.116981 0.221698 0.018868 0.039623
167 0.139623 0.221698 0.018868 0.039623
168 0.171698 0.224528 0.018868 0.045283
169 0.196226 0.221698 0.018868 0.039623
170 0.216981 0.221698 0.018868 0.039623
171 0.249057 0.221698 0.018868 0.039623
172 0.271698 0.221698 0.018868 0.039623
173 0.026415 0.285849 0.022642 0.039623
174 0.072642 0.285849 0.035849 0.039623
175 0.108491 0.285849 0.024528 0.039623
176 0.138679 0.285849 0.024528 0.039623
177 0.178302 0.285849 0.020755 0.039623
178 0.195283 0.285849 0.005660 0.039623
179 0.222642 0.285849 0.015094 0.039623
180 0.249057 0.285849 0.007547 0.039623
181 0.277358 0.288679 0.022642 0.045283
182 0.312264 0.281132 0.020755 0.030189
183 0.016038 0.338679 0.005660 0.016981
184 0.040566 0.346226 0.016981 0.032075
185 0.061321 0.350000 0.016981 0.039623
186 0.093396 0.346226 0.016981 0.032075
187 0.123585 0.350000 0.016981 0.039623
188 0.144340 0.346226 0.016981 0.032075
189 0.177358 0.350000 0.015094 0.039623
190 0.199057 0.350000 0.016981 0.039623
191 0.231132 0.350000 0.016981 0.039623
192 0.256604 0.350000 0.007547 0.039623
193 0.010377 0.412264 0.013208 0.047170
194 0.040566 0.408491 0.020755 0.039623
195 0.056604 0.408491 0.007547 0.039623
196 0.078302 0.404717 0.028302 0.032075
197 0.114151 0.404717 0.016981 0.032075
198 0.133962 0.404717 0.018868 0.032075
199 0.153774 0.408491 0.016981 0.039623
200 0.172642 0.408491 0.016981 0.039623
201 0.193396 0.404717 0.016981 0.032075
202 0.225472 0.404717 0.016981 0.032075
203 0.010377 0.473585 0.016981 0.037736
204 0.031132 0.470755 0.016981 0.032075
205 0.051887 0.470755 0.020755 0.032075
206 0.081132 0.470755 0.033962 0.032075
207 0.123585 0.470755 0.020755 0.032075
208 0.148113 0.474528 0.020755 0.039623
209 0.171698 0.470755 0.018868 0.032075
210 0.204717 0.474528 0.016981 0.039623
211 0.230189 0.474528 0.007547 0.039623
212 0.244340 0.474528 0.016981 0.039623
213 0.016038 0.541509 0.028302 0.056604
