133 0.017925 0.033019 0.005660 0.028302
134 0.033962 0.037736 0.015094 0.037736
135 0.057547 0.036792 0.024528 0.035849
136 0.084906 0.036792 0.018868 0.035849
137 0.112264 0.036792 0.024528 0.035849
138 0.149057 0.036792 0.022642 0.035849
139 0.189623 0.036792 0.024528 0.035849
140 0.217925 0.037736 0.024528 0.037736
141 0.248113 0.037736 0.024528 0.037736
142 0.286792 0.036792 0.022642 0.035849
143 0.017925 0.093396 0.024528 0.035849
144 0.058491 0.093396 0.022642 0.035849
145 0.080189 0.086792 0.009434 0.022642
146 0.093396 0.090566 0.009434 0.030189
147 0.130189 0.089623 0.030189 0.028302
148 0.164151 0.083019 0.030189 0.015094
149 0.211321 0.089623 0.030189 0.028302
150 0.248113 0.094340 0.016981 0.037736
151 0.295283 0.102830 0.047170 0.054717
152 0.339623 0.094340 0.037736 0.037736
153 0.034906 0.167925 0.035849 0.037736
154 0.083962 0.167925 0.032075 0.037736
155 0.134906 0.167925 0.039623 0.037736
156 0.177358 0.167925 0.037736 0.037736
157 0.220755 0.167925 0.037736 0.037736
158 0.258491 0.167925 0.030189 0.037736
159 0.301887 0.167925 0.045283 0.037736
160 0.350000 0.167925 0.024528 0.037736
161 0.381132 0.170755 0.033962 0.043396
162 0.436792 0.167925 0.043396 0.037736
163 0.031132 0.230189 0.032075 0.037736
164 0.079245 0.230189 0.052830 0.037736
165 0.145283 0.230189 0.045283 0.037736
166 0.200943 0.230189 0.032075 0.037736
167 0.249057 0.230189 0.037736 0.037736
168 0.289623 0.235849 0.032075 0.049057
169 0.328302 0.230189 0.037736 0.037736
170 0.376415 0.230189 0.028302 0.037736
171 0.424528 0.230189 0.033962 0.037736
172 0.462264 0.230189 0.037736 0.037736
173 0.035849 0.298113 0.037736 0.037736
174 0.094340 0.298113 0.052830 0.037736
175 0.148113 0.298113 0.043396 0.037736
176 0.202830 0.298113 0.039623 0.037736
177 0.244340 0.298113 0.035849 0.037736
178 0.279245 0.303774 0.022642 0.049057
179 0.315094 0.298113 0.015094 0.037736
180 0.337736 0.303774 0.022642 0.049057
181 0.362264 0.298113 0.022642 0.037736
182 0.391509 0.294340 0.028302 0.030189
183 0.021698 0.364151 0.009434 0.033962
184 0.054717 0.358491 0.022642 0.022642
185 0.082075 0.366038 0.020755 0.037736
186 0.107547 0.358491 0.018868 0.022642
187 0.145283 0.366038 0.026415 0.037736
188 0.181132 0.358491 0.018868 0.022642
189 0.219811 0.373585 0.032075 0.052830
190 0.250000 0.366038 0.024528 0.037736
191 0.287736 0.366038 0.024528 0.037736
192 0.323585 0.366038 0.013208 0.037736
193 0.013208 0.445283 0.022642 0.052830
194 0.042453 0.437736 0.024528 0.037736
195 0.066981 0.437736 0.013208 0.037736
196 0.095283 0.430189 0.039623 0.022642
197 0.144340 0.430189 0.024528 0.022642
198 0.182075 0.430189 0.020755 0.022642
199 0.208491 0.437736 0.028302 0.037736
200 0.246226 0.437736 0.020755 0.037736
201 0.280189 0.430189 0.016981 0.022642
202 0.314151 0.430189 0.016981 0.022642
203 0.012264 0.504717 0.013208 0.028302
204 0.048113 0.501887 0.024528 0.022642
205 0.087736 0.501887 0.020755 0.022642
206 0.129245 0.501887 0.032075 0.022642
207 0.174528 0.501887 0.024528 0.022642
208 0.218868 0.509434 0.030189 0.037736
209 0.260377 0.501887 0.018868 0.022642
210 0.290566 0.516981 0.015094 0.052830
211 0.315094 0.516981 0.003774 0.052830
212 0.330189 0.516981 0.015094 0.052830
213 0.030189 0.584906 0.030189 0.045283
