133 0.006604 0.033019 0.005660 0.028302
134 0.026415 0.040566 0.026415 0.043396
135 0.069811 0.040566 0.030189 0.043396
136 0.111321 0.040566 0.018868 0.043396
137 0.141509 0.040566 0.030189 0.043396
138 0.171698 0.040566 0.026415 0.043396
139 0.203774 0.039623 0.030189 0.041509
140 0.236792 0.040566 0.024528 0.043396
141 0.269811 0.040566 0.030189 0.043396
142 0.316038 0.040566 0.028302 0.043396
143 0.018868 0.102830 0.030189 0.043396
144 0.053774 0.103774 0.028302 0.045283
145 0.087736 0.093396 0.005660 0.024528
146 0.095283 0.096226 0.005660 0.030189
147 0.113208 0.094340 0.026415 0.026415
148 0.154717 0.087736 0.026415 0.013208
149 0.184906 0.094340 0.026415 0.026415
150 0.215094 0.102830 0.022642 0.043396
151 0.261321 0.103774 0.043396 0.045283
152 0.310377 0.102830 0.043396 0.043396
153 0.032075 0.166981 0.030189 0.043396
154 0.081132 0.166981 0.037736 0.043396
155 0.134906 0.166981 0.043396 0.043396
156 0.183019 0.166981 0.026415 0.043396
157 0.225472 0.166981 0.024528 0.043396
158 0.271698 0.166981 0.041509 0.043396
159 0.316038 0.166981 0.043396 0.043396
160 0.357547 0.166981 0.013208 0.043396
161 0.386792 0.173585 0.015094 0.056604
162 0.420755 0.166981 0.041509 0.043396
163 0.031132 0.242453 0.028302 0.043396
164 0.075472 0.242453 0.052830 0.043396
165 0.140566 0.242453 0.043396 0.043396
166 0.188679 0.242453 0.045283 0.043396
167 0.240566 0.242453 0.028302 0.043396
168 0.299057 0.248113 0.077358 0.054717
169 0.371698 0.242453 0.041509 0.043396
170 0.407547 0.242453 0.022642 0.043396
171 0.441509 0.242453 0.037736 0.043396
172 0.484906 0.242453 0.041509 0.043396
173 0.023585 0.316038 0.043396 0.043396
174 0.091509 0.316038 0.062264 0.043396
175 0.157547 0.316038 0.039623 0.043396
176 0.203774 0.316038 0.041509 0.043396
177 0.243396 0.316038 0.033962 0.043396
178 0.269811 0.318868 0.011321 0.049057
179 0.306604 0.316038 0.028302 0.043396
180 0.341509 0.318868 0.011321 0.049057
181 0.376415 0.318868 0.024528 0.049057
182 0.406604 0.301887 0.028302 0.015094
183 0.008491 0.373585 0.013208 0.022642
184 0.037736 0.380189 0.037736 0.035849
185 0.073585 0.380189 0.026415 0.035849
186 0.105660 0.380189 0.033962 0.035849
187 0.156604 0.380189 0.037736 0.035849
188 0.200000 0.380189 0.022642 0.035849
189 0.237736 0.380189 0.022642 0.035849
190 0.272642 0.380189 0.035849 0.035849
191 0.324528 0.380189 0.037736 0.035849
192 0.350943 0.380189 0.011321 0.035849
193 0.023585 0.440566 0.013208 0.047170
194 0.065094 0.434906 0.035849 0.035849
195 0.097170 0.434906 0.024528 0.035849
196 0.148113 0.434906 0.047170 0.035849
197 0.192453 0.434906 0.037736 0.035849
198 0.236792 0.434906 0.039623 0.035849
199 0.283019 0.434906 0.026415 0.035849
200 0.336792 0.439623 0.069811 0.045283
201 0.406604 0.434906 0.035849 0.035849
202 0.450943 0.434906 0.022642 0.035849
203 0.019811 0.500943 0.032075 0.035849
204 0.057547 0.500943 0.035849 0.035849
205 0.110377 0.500943 0.035849 0.035849
206 0.167925 0.500943 0.052830 0.035849
207 0.214151 0.500943 0.035849 0.035849
208 0.265094 0.500943 0.035849 0.035849
209 0.314151 0.500943 0.028302 0.035849
210 0.337736 0.507547 0.011321 0.049057
211 0.350000 0.511321 0.001887 0.056604
212 0.360377 0.507547 0.011321 0.049057
213 0.018868 0.586792 0.026415 0.056604
