133 0.022642 0.042453 0.011321 0.047170
134 0.057547 0.042453 0.032075 0.047170
135 0.105660 0.037736 0.030189 0.037736
136 0.152830 0.037736 0.030189 0.037736
137 0.200943 0.037736 0.032075 0.037736
138 0.237736 0.037736 0.030189 0.037736
139 0.283019 0.037736 0.030189 0.037736
140 0.329245 0.037736 0.032075 0.037736
141 0.374528 0.037736 0.028302 0.037736
142 0.416981 0.037736 0.030189 0.037736
143 0.030189 0.103774 0.030189 0.037736
144 0.062264 0.103774 0.030189 0.037736
145 0.100000 0.099057 0.015094 0.028302
146 0.118868 0.103774 0.015094 0.037736
147 0.151887 0.100943 0.024528 0.032075
148 0.179245 0.094340 0.026415 0.018868
149 0.217925 0.100943 0.024528 0.032075
150 0.247170 0.103774 0.026415 0.037736
151 0.283019 0.103774 0.037736 0.037736
152 0.333962 0.103774 0.033962 0.037736
153 0.022642 0.160377 0.033962 0.037736
154 0.058491 0.160377 0.033962 0.037736
155 0.108491 0.160377 0.035849 0.037736
156 0.144340 0.160377 0.032075 0.037736
157 0.178302 0.160377 0.032075 0.037736
158 0.229245 0.160377 0.035849 0.037736
159 0.268868 0.160377 0.035849 0.037736
160 0.296226 0.160377 0.015094 0.037736
161 0.330189 0.160377 0.026415 0.037736
162 0.374528 0.160377 0.035849 0.037736
163 0.016981 0.216981 0.026415 0.037736
164 0.070755 0.216981 0.047170 0.037736
165 0.118868 0.216981 0.037736 0.037736
166 0.157547 0.216981 0.035849 0.037736
167 0.193396 0.216981 0.032075 0.037736
168 0.240566 0.220755 0.035849 0.045283
169 0.292453 0.216981 0.033962 0.037736
170 0.330189 0.216981 0.033962 0.037736
171 0.363208 0.216981 0.028302 0.037736
172 0.411321 0.216981 0.033962 0.037736
173 0.030189 0.281132 0.033962 0.037736
174 0.088679 0.281132 0.049057 0.037736
175 0.147170 0.281132 0.037736 0.037736
176 0.196226 0.281132 0.033962 0.037736
177 0.236792 0.281132 0.035849 0.037736
178 0.278302 0.285849 0.020755 0.047170
179 0.310377 0.285849 0.016981 0.047170
180 0.331132 0.285849 0.020755 0.047170
181 0.367925 0.281132 0.026415 0.037736
182 0.398113 0.292453 0.026415 0.060377
183 0.010377 0.355660 0.013208 0.028302
184 0.034906 0.355660 0.032075 0.028302
185 0.082075 0.360377 0.032075 0.037736
186 0.113208 0.355660 0.026415 0.028302
187 0.146226 0.360377 0.032075 0.037736
188 0.183019 0.355660 0.030189 0.028302
189 0.216038 0.360377 0.024528 0.037736
190 0.250943 0.364151 0.033962 0.045283
191 0.286792 0.360377 0.030189 0.037736
192 0.327358 0.360377 0.016981 0.037736
193 0.016981 0.429245 0.022642 0.047170
194 0.062264 0.424528 0.033962 0.037736
195 0.102830 0.424528 0.016981 0.037736
196 0.137736 0.419811 0.045283 0.028302
197 0.192453 0.419811 0.030189 0.028302
198 0.235849 0.419811 0.030189 0.028302
199 0.270755 0.424528 0.032075 0.037736
200 0.315094 0.424528 0.030189 0.037736
201 0.356604 0.419811 0.022642 0.028302
202 0.399057 0.419811 0.028302 0.028302
203 0.011321 0.489623 0.018868 0.035849
204 0.052830 0.485849 0.030189 0.028302
205 0.087736 0.485849 0.028302 0.028302
206 0.125472 0.485849 0.039623 0.028302
207 0.178302 0.485849 0.032075 0.028302
208 0.211321 0.490566 0.030189 0.037736
209 0.258491 0.485849 0.030189 0.028302
210 0.299057 0.495283 0.020755 0.047170
211 0.328302 0.495283 0.007547 0.047170
212 0.359434 0.495283 0.020755 0.047170
213 0.016981 0.571698 0.026415 0.067925
