133 0.006604 0.037736 0.005660 0.037736
134 0.035849 0.041509 0.026415 0.045283
135 0.079245 0.041509 0.030189 0.045283
136 0.104717 0.040566 0.013208 0.043396
137 0.139623 0.040566 0.026415 0.043396
138 0.171698 0.041509 0.026415 0.045283
139 0.215094 0.040566 0.030189 0.043396
140 0.245283 0.040566 0.026415 0.043396
141 0.276415 0.041509 0.028302 0.045283
142 0.320755 0.039623 0.030189 0.041509
143 0.030189 0.105660 0.030189 0.045283
144 0.074528 0.105660 0.028302 0.045283
145 0.106604 0.098113 0.005660 0.030189
146 0.114151 0.101887 0.005660 0.037736
147 0.133019 0.098113 0.028302 0.030189
148 0.167925 0.089623 0.030189 0.013208
149 0.210377 0.098113 0.028302 0.030189
150 0.252830 0.104717 0.022642 0.043396
151 0.290566 0.106604 0.041509 0.047170
152 0.335849 0.104717 0.037736 0.043396
153 0.029245 0.170755 0.028302 0.043396
154 0.061321 0.171698 0.032075 0.045283
155 0.111321 0.170755 0.033962 0.043396
156 0.158491 0.169811 0.026415 0.041509
157 0.199057 0.169811 0.024528 0.041509
158 0.244340 0.171698 0.032075 0.045283
159 0.277358 0.170755 0.030189 0.043396
160 0.310377 0.170755 0.005660 0.043396
161 0.339623 0.171698 0.022642 0.045283
162 0.382075 0.170755 0.032075 0.043396
163 0.031132 0.234906 0.028302 0.043396
164 0.065094 0.234906 0.035849 0.043396
165 0.104717 0.234906 0.032075 0.043396
166 0.145283 0.235849 0.037736 0.045283
167 0.179245 0.234906 0.026415 0.043396
168 0.216981 0.240566 0.041509 0.054717
169 0.257547 0.234906 0.028302 0.043396
170 0.300943 0.235849 0.028302 0.045283
171 0.333962 0.234906 0.033962 0.043396
172 0.383019 0.235849 0.030189 0.045283
173 0.033962 0.308491 0.037736 0.043396
174 0.081132 0.308491 0.049057 0.043396
175 0.122642 0.308491 0.030189 0.043396
176 0.166981 0.308491 0.032075 0.043396
177 0.210377 0.307547 0.028302 0.041509
178 0.234906 0.314151 0.013208 0.054717
179 0.271698 0.309434 0.026415 0.045283
180 0.308491 0.314151 0.013208 0.054717
181 0.347170 0.316981 0.030189 0.060377
182 0.381132 0.301887 0.033962 0.030189
183 0.009434 0.380189 0.011321 0.028302
184 0.031132 0.382075 0.024528 0.032075
185 0.070755 0.388679 0.028302 0.045283
186 0.111321 0.382075 0.026415 0.032075
187 0.144340 0.388679 0.028302 0.045283
188 0.176415 0.382075 0.028302 0.032075
189 0.201887 0.387736 0.018868 0.043396
190 0.242453 0.388679 0.028302 0.045283
191 0.283962 0.388679 0.024528 0.045283
192 0.304717 0.387736 0.005660 0.043396
193 0.022642 0.457547 0.015094 0.054717
194 0.055660 0.452830 0.024528 0.045283
195 0.083962 0.452830 0.005660 0.045283
196 0.125472 0.446226 0.043396 0.032075
197 0.174528 0.446226 0.024528 0.032075
198 0.205660 0.446226 0.030189 0.032075
199 0.238679 0.451887 0.028302 0.043396
200 0.280189 0.451887 0.028302 0.043396
201 0.317925 0.446226 0.016981 0.032075
202 0.355660 0.446226 0.024528 0.032075
203 0.027358 0.522642 0.020755 0.037736
204 0.065094 0.519811 0.024528 0.032075
205 0.106604 0.518868 0.028302 0.030189
206 0.145283 0.518868 0.041509 0.030189
207 0.194340 0.518868 0.026415 0.030189
208 0.227358 0.524528 0.028302 0.041509
209 0.259434 0.518868 0.024528 0.030189
210 0.283962 0.531132 0.013208 0.054717
211 0.294340 0.526415 0.003774 0.045283
212 0.316981 0.531132 0.011321 0.054717
