33 0.015094 0.033962 0.022642 0.030189
34 0.050000 0.033962 0.020755 0.030189
35 0.076415 0.037736 0.024528 0.037736
36 0.118868 0.033962 0.026415 0.030189
37 0.161321 0.037736 0.028302 0.037736
38 0.200943 0.033962 0.020755 0.030189
39 0.231132 0.035849 0.028302 0.033962
40 0.277358 0.033962 0.037736 0.030189
41 0.323585 0.035849 0.028302 0.033962
42 0.370755 0.033962 0.032075 0.030189
43 0.023585 0.097170 0.039623 0.043396
44 0.057547 0.090566 0.024528 0.030189
45 0.096226 0.092453 0.026415 0.033962
46 0.133962 0.090566 0.022642 0.030189
47 0.161321 0.090566 0.020755 0.030189
48 0.198113 0.082075 0.022642 0.013208
49 0.221698 0.090566 0.020755 0.030189
50 0.264151 0.096226 0.033962 0.041509
51 0.308491 0.080189 0.020755 0.009434
52 0.334906 0.081132 0.020755 0.011321
53 0.015094 0.143396 0.022642 0.011321
54 0.042453 0.143396 0.020755 0.011321
55 0.057547 0.142453 0.005660 0.009434
56 0.083962 0.142453 0.013208 0.009434
57 0.097170 0.140566 0.005660 0.005660
58 0.111321 0.152830 0.011321 0.030189
59 0.132075 0.152830 0.026415 0.030189
60 0.170755 0.160377 0.024528 0.045283
61 0.210377 0.160377 0.020755 0.045283
62 0.238679 0.160377 0.024528 0.045283
63 0.027358 0.220755 0.020755 0.037736
64 0.063208 0.220755 0.020755 0.037736
65 0.096226 0.209434 0.018868 0.015094
66 0.120755 0.206604 0.003774 0.009434
67 0.143396 0.206604 0.015094 0.009434
68 0.177358 0.206604 0.018868 0.009434
69 0.195283 0.207547 0.009434 0.011321
70 0.207547 0.206604 0.011321 0.009434
71 0.230189 0.205660 0.007547 0.007547
72 0.256604 0.210377 0.011321 0.016981
73 0.026415 0.271698 0.026415 0.026415
74 0.058491 0.271698 0.026415 0.026415
75 0.099057 0.271698 0.028302 0.026415
76 0.144340 0.274528 0.028302 0.032075
77 0.191509 0.271698 0.032075 0.026415
78 0.231132 0.275472 0.035849 0.033962
79 0.280189 0.276415 0.035849 0.035849
80 0.326415 0.275472 0.030189 0.033962
81 0.361321 0.274528 0.035849 0.032075
82 0.410377 0.276415 0.035849 0.035849
83 0.018868 0.329245 0.033962 0.032075
84 0.057547 0.328302 0.032075 0.030189
85 0.115094 0.326415 0.052830 0.026415
86 0.157547 0.337736 0.028302 0.049057
87 0.186792 0.313208 0.000000 0.000000
88 0.188679 0.313208 0.000000 0.000000
89 0.194340 0.313208 0.000000 0.000000
90 0.207547 0.313208 0.000000 0.000000
91 0.220755 0.313208 0.000000 0.000000
92 0.226415 0.313208 0.000000 0.000000
93 0.013208 0.381132 0.000000 0.000000
94 0.030189 0.381132 0.000000 0.000000
95 0.047170 0.381132 0.000000 0.000000
96 0.064151 0.381132 0.000000 0.000000
97 0.081132 0.381132 0.000000 0.000000
98 0.084906 0.381132 0.000000 0.000000
99 0.088679 0.381132 0.000000 0.000000
100 0.090566 0.381132 0.000000 0.000000
101 0.107547 0.381132 0.000000 0.000000
102 0.124528 0.381132 0.000000 0.000000
103 0.001887 0.400000 0.000000 0.000000
104 0.015094 0.400000 0.000000 0.000000
105 0.032075 0.400000 0.000000 0.000000
106 0.045283 0.400000 0.000000 0.000000
107 0.049057 0.400000 0.000000 0.000000
108 0.062264 0.400000 0.000000 0.000000
109 0.066038 0.400000 0.000000 0.000000
110 0.071698 0.400000 0.000000 0.000000
111 0.086792 0.400000 0.000000 0.000000
112 0.090566 0.400000 0.000000 0.000000
113 0.016981 0.418868 0.000000 0.000000
114 0.032075 0.418868 0.000000 0.000000
115 0.049057 0.418868 0.000000 0.000000
116 0.054717 0.418868 0.000000 0.000000
117 0.067925 0.418868 0.000000 0.000000
118 0.071698 0.418868 0.000000 0.000000
119 0.088679 0.418868 0.000000 0.000000
120 0.107547 0.439623 0.007547 0.041509
121 0.133962 0.441509 0.015094 0.045283
122 0.160377 0.439623 0.033962 0.041509
123 0.025472 0.509434 0.024528 0.052830
124 0.077358 0.503774 0.049057 0.041509
125 0.122642 0.503774 0.037736 0.041509
126 0.146226 0.505660 0.005660 0.045283
127 0.173585 0.510377 0.015094 0.054717
128 0.192453 0.510377 0.015094 0.054717
129 0.224528 0.496226 0.022642 0.026415
130 0.253774 0.498113 0.032075 0.030189
131 0.290566 0.511321 0.011321 0.056604
132 0.320755 0.500000 0.015094 0.033962
