133 0.008491 0.033019 0.005660 0.028302
134 0.035849 0.040566 0.022642 0.043396
135 0.078302 0.039623 0.028302 0.041509
136 0.103774 0.039623 0.015094 0.041509
137 0.126415 0.039623 0.026415 0.041509
138 0.158491 0.039623 0.026415 0.041509
139 0.190566 0.039623 0.026415 0.041509
140 0.218868 0.039623 0.026415 0.041509
141 0.259434 0.039623 0.028302 0.041509
142 0.301887 0.039623 0.026415 0.041509
143 0.018868 0.101887 0.026415 0.041509
144 0.047170 0.101887 0.026415 0.041509
145 0.066981 0.095283 0.005660 0.028302
146 0.089623 0.098113 0.005660 0.033962
147 0.121698 0.092453 0.024528 0.022642
148 0.152830 0.086792 0.026415 0.011321
149 0.195283 0.092453 0.024528 0.022642
150 0.224528 0.101887 0.022642 0.041509
151 0.259434 0.100000 0.035849 0.037736
152 0.298113 0.101887 0.033962 0.041509
153 0.020755 0.162264 0.030189 0.041509
154 0.065094 0.162264 0.028302 0.041509
155 0.098113 0.162264 0.033962 0.041509
156 0.142453 0.162264 0.028302 0.041509
157 0.184906 0.162264 0.026415 0.041509
158 0.229245 0.162264 0.032075 0.041509
159 0.266038 0.162264 0.037736 0.041509
160 0.309434 0.162264 0.015094 0.041509
161 0.341509 0.165094 0.022642 0.047170
162 0.371698 0.162264 0.033962 0.041509
163 0.031132 0.228302 0.028302 0.041509
164 0.082075 0.228302 0.047170 0.041509
165 0.136792 0.228302 0.035849 0.041509
166 0.175472 0.228302 0.033962 0.041509
167 0.209434 0.228302 0.030189 0.041509
168 0.258491 0.233019 0.033962 0.050943
169 0.304717 0.228302 0.032075 0.041509
170 0.348113 0.228302 0.024528 0.041509
171 0.388679 0.228302 0.030189 0.041509
172 0.438679 0.228302 0.035849 0.041509
173 0.033019 0.298113 0.035849 0.041509
174 0.083962 0.298113 0.054717 0.041509
175 0.133019 0.298113 0.035849 0.041509
176 0.181132 0.298113 0.033962 0.041509
177 0.214151 0.298113 0.028302 0.041509
178 0.245283 0.303774 0.007547 0.052830
179 0.265094 0.299057 0.020755 0.043396
180 0.293396 0.303774 0.009434 0.052830
181 0.322642 0.298113 0.022642 0.041509
182 0.353774 0.284906 0.028302 0.015094
183 0.004717 0.363208 0.005660 0.028302
184 0.033019 0.363208 0.024528 0.028302
185 0.074528 0.370755 0.028302 0.043396
186 0.116981 0.363208 0.022642 0.028302
187 0.148113 0.370755 0.028302 0.043396
188 0.191509 0.363208 0.024528 0.028302
189 0.216038 0.370755 0.020755 0.043396
190 0.242453 0.370755 0.028302 0.043396
191 0.284906 0.370755 0.030189 0.043396
192 0.320755 0.367925 0.011321 0.037736
193 0.013208 0.437736 0.015094 0.052830
194 0.038679 0.433019 0.028302 0.043396
195 0.071698 0.433019 0.011321 0.043396
196 0.113208 0.425472 0.045283 0.028302
197 0.156604 0.425472 0.030189 0.028302
198 0.201887 0.425472 0.026415 0.028302
199 0.246226 0.433019 0.028302 0.043396
200 0.280189 0.433019 0.028302 0.043396
201 0.310377 0.425472 0.020755 0.028302
202 0.334906 0.425472 0.020755 0.028302
203 0.014151 0.500943 0.016981 0.035849
204 0.042453 0.497170 0.028302 0.028302
205 0.085849 0.497170 0.028302 0.028302
206 0.122642 0.497170 0.041509 0.028302
207 0.159434 0.497170 0.028302 0.028302
208 0.203774 0.504717 0.030189 0.043396
209 0.247170 0.497170 0.022642 0.028302
210 0.268868 0.509434 0.013208 0.052830
211 0.289623 0.512264 0.001887 0.058491
212 0.300943 0.509434 0.013208 0.052830
213 0.013208 0.577358 0.022642 0.033962
