133 0.004717 0.033019 0.005660 0.028302
134 0.040566 0.046226 0.032075 0.054717
135 0.077358 0.039623 0.033962 0.041509
136 0.119811 0.038679 0.024528 0.039623
137 0.150000 0.039623 0.028302 0.041509
138 0.190566 0.039623 0.026415 0.041509
139 0.233019 0.040566 0.032075 0.043396
140 0.265094 0.039623 0.028302 0.041509
141 0.299057 0.039623 0.028302 0.041509
142 0.344340 0.041509 0.028302 0.045283
143 0.027358 0.113208 0.028302 0.041509
144 0.059434 0.113208 0.028302 0.041509
145 0.092453 0.108491 0.011321 0.032075
146 0.108491 0.113208 0.013208 0.041509
147 0.148113 0.106604 0.032075 0.028302
148 0.183962 0.102830 0.032075 0.020755
149 0.218868 0.106604 0.030189 0.028302
150 0.261321 0.113208 0.020755 0.041509
151 0.300000 0.116038 0.049057 0.047170
152 0.345283 0.113208 0.037736 0.041509
153 0.022642 0.180189 0.037736 0.043396
154 0.072642 0.179245 0.035849 0.041509
155 0.130189 0.180189 0.045283 0.043396
156 0.184906 0.179245 0.033962 0.041509
157 0.222642 0.183019 0.033962 0.049057
158 0.271698 0.183019 0.037736 0.049057
159 0.329245 0.183019 0.043396 0.049057
160 0.382075 0.181132 0.028302 0.045283
161 0.423585 0.185849 0.043396 0.054717
162 0.482075 0.182075 0.039623 0.047170
163 0.016981 0.254717 0.026415 0.045283
164 0.066038 0.256604 0.045283 0.049057
165 0.123585 0.254717 0.039623 0.045283
166 0.180189 0.252830 0.043396 0.041509
167 0.235849 0.254717 0.037736 0.045283
168 0.291509 0.258491 0.043396 0.052830
169 0.348113 0.254717 0.039623 0.045283
170 0.396226 0.254717 0.030189 0.045283
171 0.432075 0.254717 0.037736 0.045283
172 0.473585 0.252830 0.041509 0.041509
173 0.032075 0.326415 0.037736 0.045283
174 0.077358 0.326415 0.049057 0.045283
175 0.135849 0.324528 0.037736 0.041509
176 0.177358 0.326415 0.033962 0.045283
177 0.216981 0.327358 0.033962 0.047170
178 0.250943 0.333019 0.022642 0.058491
179 0.284906 0.331132 0.018868 0.054717
180 0.309434 0.332075 0.022642 0.056604
181 0.340566 0.332075 0.032075 0.056604
182 0.369811 0.333962 0.022642 0.060377
183 0.010377 0.400000 0.009434 0.033962
184 0.053774 0.398113 0.050943 0.030189
185 0.106604 0.407547 0.043396 0.049057
186 0.151887 0.398113 0.039623 0.030189
187 0.212264 0.407547 0.050943 0.049057
188 0.259434 0.398113 0.039623 0.030189
189 0.300943 0.413208 0.032075 0.060377
190 0.343396 0.408491 0.049057 0.050943
191 0.406604 0.407547 0.050943 0.049057
192 0.464151 0.402830 0.030189 0.039623
193 0.033962 0.492453 0.033962 0.060377
194 0.089623 0.486792 0.043396 0.049057
195 0.132075 0.486792 0.030189 0.049057
196 0.184906 0.477358 0.064151 0.030189
197 0.247170 0.477358 0.049057 0.030189
198 0.309434 0.478302 0.045283 0.032075
199 0.350943 0.490566 0.033962 0.056604
200 0.385849 0.486792 0.032075 0.049057
201 0.422642 0.477358 0.030189 0.030189
202 0.455660 0.480189 0.032075 0.035849
203 0.021698 0.562264 0.035849 0.041509
204 0.067925 0.556604 0.049057 0.030189
205 0.112264 0.557547 0.028302 0.032075
206 0.152830 0.557547 0.041509 0.032075
207 0.207547 0.558491 0.041509 0.033962
208 0.264151 0.564151 0.037736 0.045283
209 0.305660 0.565094 0.041509 0.047170
210 0.352830 0.569811 0.026415 0.056604
211 0.376415 0.567925 0.013208 0.052830
212 0.409434 0.569811 0.026415 0.056604
213 0.031132 0.650943 0.028302 0.067925
