133 0.020755 0.047170 0.015094 0.056604
134 0.052830 0.041509 0.022642 0.045283
135 0.086792 0.037736 0.033962 0.037736
136 0.118868 0.037736 0.022642 0.037736
137 0.150000 0.037736 0.032075 0.037736
138 0.187736 0.037736 0.032075 0.037736
139 0.224528 0.037736 0.033962 0.037736
140 0.270755 0.037736 0.032075 0.037736
141 0.320755 0.037736 0.033962 0.037736
142 0.359434 0.037736 0.032075 0.037736
143 0.031132 0.113208 0.032075 0.037736
144 0.066981 0.113208 0.032075 0.037736
145 0.103774 0.107547 0.015094 0.026415
146 0.134906 0.110377 0.016981 0.032075
147 0.159434 0.110377 0.024528 0.032075
148 0.203774 0.099057 0.030189 0.009434
149 0.244340 0.110377 0.024528 0.032075
150 0.271698 0.113208 0.026415 0.037736
151 0.307547 0.113208 0.037736 0.037736
152 0.361321 0.112264 0.043396 0.035849
153 0.021698 0.169811 0.035849 0.037736
154 0.062264 0.169811 0.037736 0.037736
155 0.105660 0.169811 0.037736 0.037736
156 0.154717 0.169811 0.033962 0.037736
157 0.189623 0.169811 0.032075 0.037736
158 0.238679 0.169811 0.039623 0.037736
159 0.280189 0.169811 0.035849 0.037736
160 0.319811 0.169811 0.016981 0.037736
161 0.356604 0.169811 0.030189 0.037736
162 0.403774 0.169811 0.037736 0.037736
163 0.018868 0.226415 0.033962 0.037736
164 0.066981 0.225472 0.050943 0.035849
165 0.127358 0.225472 0.035849 0.035849
166 0.168868 0.226415 0.039623 0.037736
167 0.224528 0.226415 0.037736 0.037736
168 0.266981 0.227358 0.039623 0.039623
169 0.307547 0.226415 0.037736 0.037736
170 0.345283 0.226415 0.030189 0.037736
171 0.394340 0.226415 0.037736 0.037736
172 0.436792 0.226415 0.035849 0.037736
173 0.024528 0.283962 0.045283 0.035849
174 0.093396 0.284906 0.058491 0.037736
175 0.149057 0.284906 0.041509 0.037736
176 0.207547 0.283962 0.041509 0.035849
177 0.260377 0.284906 0.033962 0.037736
178 0.300943 0.288679 0.013208 0.045283
179 0.335849 0.288679 0.022642 0.045283
180 0.357547 0.288679 0.013208 0.045283
181 0.385849 0.288679 0.032075 0.045283
182 0.419811 0.288679 0.028302 0.045283
183 0.011321 0.341509 0.011321 0.022642
184 0.040566 0.345283 0.035849 0.030189
185 0.092453 0.349057 0.037736 0.037736
186 0.141509 0.345283 0.030189 0.030189
187 0.177358 0.349057 0.037736 0.037736
188 0.226415 0.345283 0.030189 0.030189
189 0.266981 0.350000 0.024528 0.039623
190 0.295283 0.347170 0.028302 0.033962
191 0.342453 0.349057 0.035849 0.037736
192 0.383962 0.350943 0.013208 0.041509
193 0.011321 0.412264 0.018868 0.043396
194 0.056604 0.409434 0.037736 0.037736
195 0.095283 0.409434 0.013208 0.037736
196 0.144340 0.405660 0.058491 0.030189
197 0.206604 0.405660 0.035849 0.030189
198 0.243396 0.405660 0.030189 0.030189
199 0.293396 0.406604 0.035849 0.032075
200 0.333019 0.406604 0.035849 0.032075
201 0.366038 0.405660 0.026415 0.030189
202 0.393396 0.405660 0.024528 0.030189
203 0.025472 0.472642 0.024528 0.039623
204 0.057547 0.467925 0.035849 0.030189
205 0.095283 0.466981 0.035849 0.028302
206 0.139623 0.466981 0.049057 0.028302
207 0.199057 0.467925 0.039623 0.030189
208 0.252830 0.467925 0.033962 0.030189
209 0.290566 0.467925 0.033962 0.030189
210 0.331132 0.475472 0.020755 0.045283
211 0.346226 0.476415 0.005660 0.047170
212 0.372642 0.475472 0.020755 0.045283
213 0.024528 0.541509 0.022642 0.045283
