133 0.016038 0.037736 0.005660 0.037736
134 0.042453 0.042453 0.016981 0.047170
135 0.076415 0.038679 0.024528 0.039623
136 0.111321 0.038679 0.018868 0.039623
137 0.136792 0.038679 0.024528 0.039623
138 0.178302 0.038679 0.024528 0.039623
139 0.209434 0.038679 0.026415 0.039623
140 0.236792 0.038679 0.024528 0.039623
141 0.278302 0.038679 0.024528 0.039623
142 0.305660 0.038679 0.026415 0.039623
143 0.014151 0.104717 0.024528 0.039623
144 0.055660 0.104717 0.024528 0.039623
145 0.083962 0.098113 0.005660 0.026415
146 0.106604 0.102830 0.009434 0.035849
147 0.127358 0.097170 0.024528 0.024528
148 0.168868 0.091509 0.024528 0.013208
149 0.195283 0.097170 0.024528 0.024528
150 0.232075 0.104717 0.018868 0.039623
151 0.272642 0.102830 0.035849 0.035849
152 0.313208 0.104717 0.041509 0.039623
153 0.020755 0.163208 0.030189 0.039623
154 0.066981 0.163208 0.035849 0.039623
155 0.106604 0.163208 0.039623 0.039623
156 0.158491 0.163208 0.030189 0.039623
157 0.203774 0.163208 0.026415 0.039623
158 0.240566 0.163208 0.039623 0.039623
159 0.299057 0.163208 0.043396 0.039623
160 0.330189 0.163208 0.015094 0.039623
161 0.348113 0.168868 0.016981 0.050943
162 0.392453 0.163208 0.037736 0.039623
163 0.028302 0.233019 0.030189 0.039623
164 0.072642 0.233019 0.050943 0.039623
165 0.125472 0.233019 0.043396 0.039623
166 0.184906 0.233019 0.041509 0.039623
167 0.237736 0.233019 0.030189 0.039623
168 0.277358 0.237736 0.041509 0.049057
169 0.317925 0.233019 0.035849 0.039623
170 0.362264 0.233019 0.026415 0.039623
171 0.404717 0.233019 0.032075 0.039623
172 0.447170 0.233019 0.041509 0.039623
173 0.025472 0.300943 0.039623 0.039623
174 0.078302 0.300943 0.054717 0.039623
175 0.139623 0.300943 0.033962 0.039623
176 0.178302 0.300943 0.035849 0.039623
177 0.216981 0.300943 0.033962 0.039623
178 0.244340 0.306604 0.009434 0.050943
179 0.259434 0.304717 0.016981 0.047170
180 0.288679 0.306604 0.011321 0.050943
181 0.321698 0.301887 0.024528 0.041509
182 0.353774 0.296226 0.028302 0.030189
183 0.016981 0.365094 0.007547 0.028302
184 0.046226 0.364151 0.024528 0.026415
185 0.089623 0.371698 0.028302 0.041509
186 0.131132 0.364151 0.020755 0.026415
187 0.169811 0.371698 0.030189 0.041509
188 0.209434 0.364151 0.022642 0.026415
189 0.233019 0.371698 0.016981 0.041509
190 0.270755 0.371698 0.028302 0.041509
191 0.304717 0.371698 0.032075 0.041509
192 0.329245 0.369811 0.013208 0.037736
193 0.020755 0.437736 0.011321 0.052830
194 0.053774 0.432075 0.028302 0.041509
195 0.076415 0.432075 0.013208 0.041509
196 0.112264 0.424528 0.047170 0.026415
197 0.165094 0.424528 0.032075 0.026415
198 0.200000 0.424528 0.026415 0.026415
199 0.241509 0.432075 0.030189 0.041509
200 0.284906 0.432075 0.030189 0.041509
201 0.326415 0.424528 0.018868 0.026415
202 0.351887 0.424528 0.020755 0.026415
203 0.011321 0.500943 0.015094 0.035849
204 0.038679 0.496226 0.032075 0.026415
205 0.074528 0.496226 0.028302 0.026415
206 0.114151 0.496226 0.043396 0.026415
207 0.164151 0.496226 0.026415 0.026415
208 0.209434 0.503774 0.030189 0.041509
209 0.253774 0.496226 0.024528 0.026415
210 0.276415 0.508491 0.013208 0.050943
211 0.289623 0.503774 0.001887 0.041509
212 0.312264 0.508491 0.013208 0.050943
213 0.016038 0.575472 0.024528 0.045283
