133 0.007547 0.047170 0.011321 0.056604
134 0.038679 0.039623 0.024528 0.041509
135 0.077358 0.040566 0.041509 0.043396
136 0.134906 0.040566 0.039623 0.043396
137 0.193396 0.039623 0.043396 0.041509
138 0.250943 0.040566 0.037736 0.043396
139 0.293396 0.041509 0.043396 0.045283
140 0.347170 0.042453 0.033962 0.047170
141 0.398113 0.041509 0.037736 0.045283
142 0.451887 0.041509 0.035849 0.045283
143 0.033962 0.116981 0.033962 0.045283
144 0.082075 0.116981 0.035849 0.045283
145 0.120755 0.112264 0.011321 0.035849
146 0.150000 0.116038 0.013208 0.043396
147 0.181132 0.109434 0.018868 0.030189
148 0.218868 0.102830 0.026415 0.016981
149 0.257547 0.109434 0.020755 0.030189
150 0.295283 0.116038 0.020755 0.043396
151 0.335849 0.121698 0.056604 0.054717
152 0.399057 0.116981 0.062264 0.045283
153 0.038679 0.189623 0.050943 0.043396
154 0.098113 0.190566 0.041509 0.045283
155 0.145283 0.189623 0.049057 0.043396
156 0.212264 0.189623 0.054717 0.043396
157 0.272642 0.189623 0.054717 0.043396
158 0.343396 0.189623 0.056604 0.043396
159 0.410377 0.189623 0.073585 0.043396
160 0.474528 0.189623 0.043396 0.043396
161 0.524528 0.194340 0.049057 0.052830
162 0.590566 0.189623 0.071698 0.043396
163 0.031132 0.261321 0.054717 0.043396
164 0.117925 0.261321 0.084906 0.043396
165 0.200000 0.261321 0.052830 0.043396
166 0.260377 0.261321 0.056604 0.043396
167 0.317925 0.261321 0.050943 0.043396
168 0.370755 0.265094 0.047170 0.050943
169 0.431132 0.261321 0.066038 0.043396
170 0.498113 0.264151 0.041509 0.049057
171 0.566038 0.261321 0.064151 0.043396
172 0.635849 0.261321 0.067925 0.043396
173 0.033962 0.331132 0.060377 0.043396
174 0.120755 0.332075 0.086792 0.045283
175 0.200943 0.331132 0.062264 0.043396
176 0.278302 0.331132 0.058491 0.043396
177 0.350943 0.331132 0.060377 0.043396
178 0.413208 0.338679 0.033962 0.058491
179 0.455660 0.333019 0.016981 0.047170
180 0.496226 0.338679 0.033962 0.058491
181 0.541509 0.328302 0.022642 0.037736
182 0.572642 0.316981 0.028302 0.015094
183 0.008491 0.406604 0.009434 0.039623
184 0.048113 0.409434 0.062264 0.045283
185 0.108491 0.408491 0.050943 0.043396
186 0.158491 0.409434 0.041509 0.045283
187 0.217925 0.408491 0.050943 0.043396
188 0.274528 0.408491 0.054717 0.043396
189 0.346226 0.408491 0.054717 0.043396
190 0.416038 0.408491 0.054717 0.043396
191 0.497170 0.408491 0.073585 0.043396
192 0.570755 0.408491 0.043396 0.043396
193 0.030189 0.477358 0.049057 0.052830
194 0.107547 0.472642 0.071698 0.043396
195 0.172642 0.472642 0.054717 0.043396
196 0.244340 0.472642 0.084906 0.043396
197 0.328302 0.472642 0.052830 0.043396
198 0.388679 0.472642 0.056604 0.043396
199 0.448113 0.472642 0.050943 0.043396
200 0.514151 0.476415 0.047170 0.050943
201 0.574528 0.472642 0.066038 0.043396
202 0.633962 0.475472 0.041509 0.049057
203 0.049057 0.544340 0.064151 0.043396
204 0.120755 0.544340 0.067925 0.043396
205 0.189623 0.544340 0.058491 0.043396
206 0.275472 0.545283 0.086792 0.045283
207 0.366981 0.544340 0.062264 0.043396
208 0.444340 0.544340 0.058491 0.043396
209 0.518868 0.544340 0.060377 0.043396
210 0.568868 0.551887 0.028302 0.058491
211 0.600943 0.550943 0.001887 0.056604
212 0.617925 0.550943 0.028302 0.056604
213 0.033962 0.656604 0.037736 0.113208
