133 0.019811 0.028302 0.005660 0.018868
134 0.038679 0.043396 0.020755 0.049057
135 0.074528 0.039623 0.024528 0.041509
136 0.105660 0.039623 0.011321 0.041509
137 0.125472 0.039623 0.024528 0.041509
138 0.153774 0.039623 0.024528 0.041509
139 0.192453 0.039623 0.026415 0.041509
140 0.223585 0.039623 0.024528 0.041509
141 0.250000 0.039623 0.024528 0.041509
142 0.287736 0.038679 0.024528 0.039623
143 0.015094 0.107547 0.026415 0.041509
144 0.042453 0.107547 0.024528 0.041509
145 0.074528 0.100000 0.005660 0.026415
146 0.094340 0.103774 0.007547 0.033962
147 0.111321 0.105660 0.022642 0.037736
148 0.139623 0.094340 0.022642 0.015094
149 0.168868 0.105660 0.024528 0.037736
150 0.208491 0.109434 0.024528 0.045283
151 0.245283 0.108491 0.045283 0.043396
152 0.301887 0.107547 0.033962 0.041509
153 0.019811 0.171698 0.028302 0.041509
154 0.051887 0.171698 0.028302 0.041509
155 0.083019 0.171698 0.030189 0.041509
156 0.115094 0.171698 0.026415 0.041509
157 0.147170 0.171698 0.026415 0.041509
158 0.188679 0.171698 0.030189 0.041509
159 0.233019 0.171698 0.028302 0.041509
160 0.256604 0.171698 0.011321 0.041509
161 0.276415 0.171698 0.020755 0.041509
162 0.303774 0.171698 0.030189 0.041509
163 0.016038 0.232075 0.024528 0.041509
164 0.050000 0.232075 0.035849 0.041509
165 0.084906 0.232075 0.030189 0.041509
166 0.130189 0.232075 0.030189 0.041509
167 0.163208 0.232075 0.028302 0.041509
168 0.199057 0.232075 0.032075 0.041509
169 0.246226 0.232075 0.028302 0.041509
170 0.287736 0.232075 0.028302 0.041509
171 0.329245 0.232075 0.028302 0.041509
172 0.372642 0.232075 0.028302 0.041509
173 0.028302 0.292453 0.030189 0.041509
174 0.082075 0.292453 0.047170 0.041509
175 0.135849 0.292453 0.030189 0.041509
176 0.183019 0.292453 0.030189 0.041509
177 0.215094 0.292453 0.026415 0.041509
178 0.250000 0.296226 0.009434 0.049057
179 0.282075 0.296226 0.020755 0.049057
180 0.310377 0.296226 0.009434 0.049057
181 0.327358 0.290566 0.020755 0.037736
182 0.369811 0.286792 0.030189 0.030189
183 0.021698 0.350943 0.009434 0.022642
184 0.050943 0.354717 0.022642 0.030189
185 0.090566 0.360377 0.022642 0.041509
186 0.128302 0.354717 0.022642 0.030189
187 0.165094 0.360377 0.024528 0.041509
188 0.195283 0.354717 0.024528 0.030189
189 0.232075 0.360377 0.015094 0.041509
190 0.253774 0.359434 0.024528 0.039623
191 0.281132 0.360377 0.022642 0.041509
192 0.311321 0.360377 0.003774 0.041509
193 0.021698 0.425472 0.009434 0.050943
194 0.043396 0.420755 0.022642 0.041509
195 0.060377 0.420755 0.003774 0.041509
196 0.096226 0.415094 0.041509 0.030189
197 0.130189 0.415094 0.022642 0.030189
198 0.158491 0.415094 0.026415 0.030189
199 0.199057 0.419811 0.024528 0.039623
200 0.240566 0.419811 0.024528 0.039623
201 0.267925 0.414151 0.018868 0.028302
202 0.292453 0.415094 0.022642 0.030189
203 0.024528 0.489623 0.015094 0.039623
204 0.060377 0.483962 0.022642 0.028302
205 0.084906 0.483962 0.022642 0.028302
206 0.133019 0.483962 0.039623 0.028302
207 0.177358 0.483962 0.022642 0.028302
208 0.201887 0.488679 0.022642 0.037736
209 0.225472 0.483962 0.020755 0.028302
210 0.248113 0.494340 0.013208 0.049057
211 0.262264 0.494340 0.003774 0.049057
212 0.276415 0.494340 0.013208 0.049057
213 0.018868 0.560377 0.026415 0.045283
