133 0.017925 0.042453 0.009434 0.047170
134 0.048113 0.038679 0.024528 0.039623
135 0.076415 0.038679 0.020755 0.039623
136 0.095283 0.038679 0.013208 0.039623
137 0.127358 0.038679 0.020755 0.039623
138 0.165094 0.038679 0.020755 0.039623
139 0.189623 0.038679 0.020755 0.039623
140 0.211321 0.038679 0.018868 0.039623
141 0.236792 0.038679 0.020755 0.039623
142 0.260377 0.038679 0.018868 0.039623
143 0.014151 0.104717 0.020755 0.039623
144 0.050000 0.104717 0.020755 0.039623
145 0.070755 0.099057 0.009434 0.028302
146 0.095283 0.104717 0.009434 0.039623
147 0.128302 0.100943 0.030189 0.032075
148 0.173585 0.094340 0.030189 0.018868
149 0.216981 0.100943 0.030189 0.032075
150 0.256604 0.104717 0.018868 0.039623
151 0.300000 0.108491 0.041509 0.047170
152 0.349057 0.104717 0.030189 0.039623
153 0.030189 0.170755 0.026415 0.039623
154 0.070755 0.170755 0.024528 0.039623
155 0.101887 0.170755 0.026415 0.039623
156 0.132075 0.170755 0.026415 0.039623
157 0.173585 0.170755 0.026415 0.039623
158 0.203774 0.170755 0.026415 0.039623
159 0.233962 0.170755 0.030189 0.039623
160 0.274528 0.170755 0.016981 0.039623
161 0.293396 0.177358 0.016981 0.052830
162 0.333962 0.170755 0.030189 0.039623
163 0.028302 0.242453 0.026415 0.039623
164 0.064151 0.242453 0.037736 0.039623
165 0.109434 0.242453 0.026415 0.039623
166 0.149057 0.242453 0.026415 0.039623
167 0.177358 0.242453 0.026415 0.039623
168 0.220755 0.247170 0.026415 0.049057
169 0.263208 0.242453 0.028302 0.039623
170 0.302830 0.242453 0.020755 0.039623
171 0.339623 0.242453 0.026415 0.039623
172 0.369811 0.242453 0.026415 0.039623
173 0.033019 0.310377 0.032075 0.039623
174 0.075472 0.310377 0.041509 0.039623
175 0.128302 0.310377 0.030189 0.039623
176 0.165094 0.310377 0.032075 0.039623
177 0.207547 0.310377 0.022642 0.039623
178 0.241509 0.316981 0.011321 0.052830
179 0.276415 0.310377 0.024528 0.039623
180 0.296226 0.316981 0.011321 0.052830
181 0.319811 0.313208 0.024528 0.045283
182 0.350000 0.305660 0.028302 0.030189
183 0.024528 0.379245 0.015094 0.033962
184 0.050000 0.376415 0.024528 0.028302
185 0.088679 0.382075 0.022642 0.039623
186 0.116038 0.376415 0.020755 0.028302
187 0.144340 0.382075 0.024528 0.039623
188 0.182075 0.376415 0.020755 0.028302
189 0.207547 0.382075 0.018868 0.039623
190 0.244340 0.383019 0.024528 0.041509
191 0.286792 0.382075 0.026415 0.039623
192 0.310377 0.383019 0.013208 0.041509
193 0.019811 0.450000 0.013208 0.054717
194 0.039623 0.442453 0.022642 0.039623
195 0.060377 0.442453 0.015094 0.039623
196 0.093396 0.436792 0.039623 0.028302
197 0.139623 0.436792 0.026415 0.028302
198 0.166038 0.436792 0.022642 0.028302
199 0.203774 0.443396 0.022642 0.041509
200 0.231132 0.443396 0.024528 0.041509
201 0.257547 0.436792 0.016981 0.028302
202 0.289623 0.436792 0.016981 0.028302
203 0.008491 0.514151 0.013208 0.035849
204 0.041509 0.510377 0.026415 0.028302
205 0.070755 0.510377 0.024528 0.028302
206 0.116981 0.510377 0.033962 0.028302
207 0.147170 0.510377 0.018868 0.028302
208 0.172642 0.516981 0.024528 0.041509
209 0.200000 0.510377 0.018868 0.028302
210 0.221698 0.522642 0.013208 0.052830
211 0.248113 0.519811 0.005660 0.047170
212 0.270755 0.522642 0.013208 0.052830
213 0.032075 0.596226 0.030189 0.056604
