133 0.018868 0.042453 0.007547 0.047170
134 0.033962 0.038679 0.015094 0.039623
135 0.069811 0.036792 0.026415 0.035849
136 0.094340 0.036792 0.018868 0.035849
137 0.121698 0.036792 0.024528 0.035849
138 0.148113 0.038679 0.024528 0.039623
139 0.188679 0.038679 0.026415 0.039623
140 0.229245 0.038679 0.024528 0.039623
141 0.258491 0.038679 0.026415 0.039623
142 0.290566 0.038679 0.026415 0.039623
143 0.027358 0.102830 0.024528 0.035849
144 0.066981 0.104717 0.024528 0.039623
145 0.096226 0.096226 0.007547 0.022642
146 0.110377 0.100000 0.009434 0.030189
147 0.143396 0.095283 0.022642 0.020755
148 0.181132 0.091509 0.022642 0.013208
149 0.220755 0.096226 0.022642 0.022642
150 0.252830 0.103774 0.015094 0.037736
151 0.293396 0.103774 0.039623 0.037736
152 0.335849 0.103774 0.037736 0.037736
153 0.019811 0.162264 0.032075 0.037736
154 0.066981 0.162264 0.035849 0.037736
155 0.117925 0.162264 0.039623 0.037736
156 0.170755 0.162264 0.032075 0.037736
157 0.214151 0.162264 0.028302 0.037736
158 0.251887 0.162264 0.039623 0.037736
159 0.298113 0.162264 0.041509 0.037736
160 0.333019 0.162264 0.016981 0.037736
161 0.356604 0.167925 0.022642 0.049057
162 0.404717 0.162264 0.039623 0.037736
163 0.021698 0.230189 0.032075 0.037736
164 0.066981 0.230189 0.047170 0.037736
165 0.114151 0.230189 0.039623 0.037736
166 0.159434 0.230189 0.039623 0.037736
167 0.207547 0.230189 0.030189 0.037736
168 0.251887 0.236792 0.047170 0.050943
169 0.307547 0.230189 0.037736 0.037736
170 0.355660 0.230189 0.024528 0.037736
171 0.400000 0.231132 0.033962 0.039623
172 0.438679 0.230189 0.039623 0.037736
173 0.024528 0.300000 0.041509 0.037736
174 0.078302 0.300000 0.058491 0.037736
175 0.142453 0.300000 0.039623 0.037736
176 0.196226 0.300000 0.037736 0.037736
177 0.233962 0.300000 0.033962 0.037736
178 0.268868 0.303774 0.009434 0.045283
179 0.294340 0.300943 0.015094 0.039623
180 0.312264 0.303774 0.009434 0.045283
181 0.344340 0.301887 0.020755 0.041509
182 0.383962 0.288679 0.028302 0.015094
183 0.010377 0.365094 0.009434 0.039623
184 0.033019 0.356604 0.024528 0.022642
185 0.075472 0.366038 0.026415 0.041509
186 0.114151 0.356604 0.020755 0.022642
187 0.153774 0.366038 0.028302 0.041509
188 0.183962 0.356604 0.020755 0.022642
189 0.218868 0.366038 0.022642 0.041509
190 0.260377 0.364151 0.026415 0.037736
191 0.302830 0.366038 0.028302 0.041509
192 0.325472 0.363208 0.013208 0.035849
193 0.012264 0.431132 0.013208 0.050943
194 0.035849 0.426415 0.030189 0.041509
195 0.063208 0.426415 0.013208 0.041509
196 0.095283 0.416981 0.043396 0.022642
197 0.146226 0.416981 0.028302 0.022642
198 0.189623 0.416981 0.024528 0.022642
199 0.216981 0.424528 0.026415 0.037736
200 0.250000 0.424528 0.028302 0.037736
201 0.277358 0.416981 0.018868 0.022642
202 0.297170 0.416981 0.016981 0.022642
203 0.012264 0.489623 0.016981 0.028302
204 0.051887 0.486792 0.028302 0.022642
205 0.084906 0.486792 0.026415 0.022642
206 0.134906 0.486792 0.039623 0.022642
207 0.183019 0.486792 0.026415 0.022642
208 0.216038 0.493396 0.028302 0.035849
209 0.255660 0.486792 0.020755 0.022642
210 0.278302 0.499057 0.013208 0.047170
211 0.293396 0.503774 0.005660 0.056604
212 0.317925 0.499057 0.013208 0.047170
213 0.026415 0.584906 0.022642 0.067925
