133 0.021698 0.047170 0.009434 0.056604
134 0.054717 0.041509 0.022642 0.045283
135 0.093396 0.037736 0.028302 0.037736
136 0.131132 0.037736 0.016981 0.037736
137 0.165094 0.037736 0.024528 0.037736
138 0.193396 0.037736 0.028302 0.037736
139 0.223585 0.037736 0.028302 0.037736
140 0.264151 0.037736 0.026415 0.037736
141 0.306604 0.037736 0.028302 0.037736
142 0.336792 0.037736 0.024528 0.037736
143 0.027358 0.113208 0.028302 0.037736
144 0.068868 0.113208 0.028302 0.037736
145 0.089623 0.108491 0.009434 0.028302
146 0.101887 0.112264 0.011321 0.035849
147 0.123585 0.109434 0.024528 0.030189
148 0.166981 0.103774 0.028302 0.018868
149 0.198113 0.109434 0.022642 0.030189
150 0.233962 0.113208 0.022642 0.037736
151 0.266981 0.113208 0.035849 0.037736
152 0.315094 0.113208 0.033962 0.037736
153 0.032075 0.169811 0.033962 0.037736
154 0.066981 0.169811 0.028302 0.037736
155 0.115094 0.169811 0.033962 0.037736
156 0.152830 0.169811 0.030189 0.037736
157 0.195283 0.169811 0.028302 0.037736
158 0.241509 0.169811 0.030189 0.037736
159 0.278302 0.169811 0.035849 0.037736
160 0.306604 0.169811 0.016981 0.037736
161 0.333019 0.169811 0.028302 0.037736
162 0.368868 0.169811 0.035849 0.037736
163 0.029245 0.226415 0.028302 0.037736
164 0.065094 0.226415 0.039623 0.037736
165 0.116981 0.226415 0.033962 0.037736
166 0.166981 0.226415 0.032075 0.037736
167 0.200943 0.226415 0.032075 0.037736
168 0.250000 0.227358 0.032075 0.039623
169 0.287736 0.226415 0.035849 0.037736
170 0.325472 0.226415 0.028302 0.037736
171 0.369811 0.226415 0.030189 0.037736
172 0.416981 0.226415 0.033962 0.037736
173 0.029245 0.284906 0.032075 0.037736
174 0.068868 0.284906 0.043396 0.037736
175 0.108491 0.284906 0.032075 0.037736
176 0.147170 0.284906 0.033962 0.037736
177 0.190566 0.284906 0.026415 0.037736
178 0.228302 0.288679 0.015094 0.045283
179 0.260377 0.288679 0.022642 0.045283
180 0.293396 0.288679 0.013208 0.045283
181 0.330189 0.288679 0.030189 0.045283
182 0.363208 0.281132 0.028302 0.030189
183 0.009434 0.344340 0.011321 0.028302
184 0.035849 0.349057 0.033962 0.037736
185 0.084906 0.349057 0.033962 0.037736
186 0.121698 0.349057 0.028302 0.037736
187 0.169811 0.349057 0.033962 0.037736
188 0.203774 0.349057 0.030189 0.037736
189 0.250000 0.349057 0.028302 0.037736
190 0.292453 0.349057 0.030189 0.037736
191 0.342453 0.349057 0.035849 0.037736
192 0.385849 0.349057 0.016981 0.037736
193 0.016038 0.405660 0.028302 0.037736
194 0.051887 0.405660 0.035849 0.037736
195 0.099057 0.405660 0.028302 0.037736
196 0.146226 0.405660 0.039623 0.037736
197 0.200000 0.405660 0.033962 0.037736
198 0.238679 0.405660 0.032075 0.037736
199 0.272642 0.405660 0.032075 0.037736
200 0.317925 0.406604 0.032075 0.039623
201 0.353774 0.405660 0.035849 0.037736
202 0.400943 0.405660 0.028302 0.037736
203 0.016981 0.464151 0.030189 0.037736
204 0.066038 0.464151 0.033962 0.037736
205 0.114151 0.464151 0.032075 0.037736
206 0.155660 0.464151 0.043396 0.037736
207 0.208491 0.464151 0.032075 0.037736
208 0.258491 0.464151 0.033962 0.037736
209 0.303774 0.464151 0.026415 0.037736
210 0.330189 0.467925 0.018868 0.045283
211 0.355660 0.468868 0.005660 0.047170
212 0.372642 0.467925 0.020755 0.045283
213 0.025472 0.533962 0.020755 0.045283
