133 0.016981 0.028302 0.003774 0.018868
134 0.029245 0.038679 0.013208 0.039623
135 0.061321 0.037736 0.024528 0.037736
136 0.086792 0.037736 0.015094 0.037736
137 0.106604 0.037736 0.020755 0.037736
138 0.143396 0.037736 0.018868 0.037736
139 0.182075 0.037736 0.024528 0.037736
140 0.211321 0.037736 0.022642 0.037736
141 0.247170 0.037736 0.022642 0.037736
142 0.273585 0.038679 0.022642 0.039623
143 0.023585 0.096226 0.020755 0.037736
144 0.050943 0.096226 0.022642 0.037736
145 0.066038 0.090566 0.003774 0.026415
146 0.085849 0.093396 0.005660 0.032075
147 0.100000 0.089623 0.011321 0.024528
148 0.126415 0.081132 0.015094 0.007547
149 0.146226 0.089623 0.013208 0.024528
150 0.174528 0.095283 0.013208 0.035849
151 0.201887 0.096226 0.037736 0.037736
152 0.244340 0.096226 0.035849 0.037736
153 0.026415 0.152830 0.026415 0.037736
154 0.062264 0.152830 0.033962 0.037736
155 0.109434 0.152830 0.033962 0.037736
156 0.142453 0.152830 0.028302 0.037736
157 0.185849 0.152830 0.028302 0.037736
158 0.220755 0.152830 0.037736 0.037736
159 0.261321 0.152830 0.039623 0.037736
160 0.303774 0.152830 0.015094 0.037736
161 0.339623 0.160377 0.022642 0.052830
162 0.370755 0.152830 0.035849 0.037736
163 0.019811 0.224528 0.028302 0.037736
164 0.070755 0.224528 0.047170 0.037736
165 0.117925 0.224528 0.039623 0.037736
166 0.172642 0.224528 0.035849 0.037736
167 0.219811 0.224528 0.028302 0.037736
168 0.256604 0.230189 0.041509 0.049057
169 0.297170 0.224528 0.035849 0.037736
170 0.327358 0.224528 0.020755 0.037736
171 0.370755 0.224528 0.032075 0.037736
172 0.411321 0.224528 0.037736 0.037736
173 0.031132 0.291509 0.035849 0.035849
174 0.083019 0.292453 0.060377 0.037736
175 0.134906 0.292453 0.035849 0.037736
176 0.185849 0.292453 0.032075 0.037736
177 0.233019 0.292453 0.032075 0.037736
178 0.257547 0.300943 0.013208 0.054717
179 0.285849 0.292453 0.013208 0.037736
180 0.316038 0.300943 0.013208 0.054717
181 0.348113 0.286792 0.016981 0.026415
182 0.382075 0.281132 0.020755 0.015094
183 0.019811 0.358491 0.009434 0.022642
184 0.048113 0.360377 0.020755 0.026415
185 0.074528 0.368868 0.028302 0.043396
186 0.114151 0.360377 0.020755 0.026415
187 0.153774 0.368868 0.028302 0.043396
188 0.191509 0.360377 0.020755 0.026415
189 0.216038 0.367925 0.016981 0.041509
190 0.243396 0.367925 0.026415 0.041509
191 0.288679 0.368868 0.030189 0.043396
192 0.314151 0.366038 0.013208 0.037736
193 0.018868 0.435849 0.011321 0.052830
194 0.056604 0.431132 0.030189 0.043396
195 0.096226 0.431132 0.015094 0.043396
196 0.141509 0.422642 0.041509 0.026415
197 0.182075 0.422642 0.028302 0.026415
198 0.212264 0.422642 0.024528 0.026415
199 0.255660 0.430189 0.028302 0.041509
200 0.297170 0.430189 0.028302 0.041509
201 0.334906 0.422642 0.016981 0.026415
202 0.366038 0.422642 0.018868 0.026415
203 0.023585 0.496226 0.016981 0.030189
204 0.050943 0.494340 0.026415 0.026415
205 0.079245 0.493396 0.026415 0.024528
206 0.131132 0.494340 0.043396 0.026415
207 0.171698 0.494340 0.030189 0.026415
208 0.216981 0.501887 0.026415 0.041509
209 0.246226 0.494340 0.024528 0.026415
210 0.270755 0.509434 0.016981 0.056604
211 0.283962 0.507547 0.001887 0.052830
212 0.306604 0.509434 0.016981 0.056604
213 0.019811 0.573585 0.013208 0.033962
