133 0.006604 0.033019 0.005660 0.028302
134 0.023585 0.039623 0.020755 0.041509
135 0.050000 0.032075 0.020755 0.026415
136 0.083962 0.032075 0.016981 0.026415
137 0.108491 0.032075 0.020755 0.026415
138 0.131132 0.036792 0.020755 0.035849
139 0.166981 0.035849 0.024528 0.033962
140 0.207547 0.036792 0.022642 0.035849
141 0.236792 0.036792 0.024528 0.035849
142 0.267925 0.035849 0.026415 0.033962
143 0.015094 0.097170 0.022642 0.035849
144 0.053774 0.097170 0.024528 0.035849
145 0.085849 0.091509 0.009434 0.024528
146 0.098113 0.093396 0.011321 0.028302
147 0.118868 0.093396 0.026415 0.028302
148 0.150000 0.085849 0.028302 0.013208
149 0.192453 0.093396 0.026415 0.028302
150 0.215094 0.099057 0.015094 0.039623
151 0.254717 0.099057 0.037736 0.039623
152 0.297170 0.098113 0.035849 0.037736
153 0.016981 0.156604 0.030189 0.037736
154 0.050943 0.157547 0.033962 0.039623
155 0.100943 0.156604 0.039623 0.037736
156 0.153774 0.156604 0.032075 0.037736
157 0.190566 0.156604 0.030189 0.037736
158 0.236792 0.157547 0.035849 0.039623
159 0.291509 0.156604 0.043396 0.037736
160 0.340566 0.156604 0.020755 0.037736
161 0.376415 0.160377 0.020755 0.045283
162 0.421698 0.156604 0.039623 0.037736
163 0.028302 0.220755 0.030189 0.037736
164 0.086792 0.220755 0.052830 0.037736
165 0.151887 0.220755 0.043396 0.037736
166 0.198113 0.221698 0.037736 0.039623
167 0.238679 0.220755 0.032075 0.037736
168 0.290566 0.225472 0.037736 0.047170
169 0.340566 0.220755 0.032075 0.037736
170 0.385849 0.221698 0.024528 0.039623
171 0.416038 0.221698 0.032075 0.039623
172 0.456604 0.220755 0.037736 0.037736
173 0.022642 0.286792 0.037736 0.037736
174 0.068868 0.286792 0.050943 0.037736
175 0.119811 0.286792 0.039623 0.037736
176 0.169811 0.286792 0.033962 0.037736
177 0.221698 0.287736 0.035849 0.039623
178 0.250000 0.292453 0.016981 0.049057
179 0.268868 0.288679 0.013208 0.041509
180 0.289623 0.292453 0.016981 0.049057
181 0.326415 0.290566 0.022642 0.045283
182 0.353774 0.275472 0.028302 0.015094
183 0.008491 0.350000 0.005660 0.028302
184 0.038679 0.348113 0.024528 0.024528
185 0.064151 0.356604 0.022642 0.041509
186 0.091509 0.349057 0.020755 0.026415
187 0.121698 0.355660 0.028302 0.039623
188 0.161321 0.349057 0.020755 0.026415
189 0.189623 0.362264 0.032075 0.052830
190 0.236792 0.354717 0.028302 0.037736
191 0.278302 0.356604 0.024528 0.041509
192 0.301887 0.354717 0.011321 0.037736
193 0.016038 0.433019 0.020755 0.050943
194 0.042453 0.428302 0.024528 0.041509
195 0.064151 0.428302 0.011321 0.041509
196 0.090566 0.420755 0.037736 0.026415
197 0.134906 0.420755 0.024528 0.026415
198 0.163208 0.420755 0.020755 0.026415
199 0.194340 0.428302 0.030189 0.041509
200 0.223585 0.426415 0.024528 0.037736
201 0.250943 0.420755 0.018868 0.026415
202 0.283962 0.420755 0.016981 0.026415
203 0.011321 0.493396 0.015094 0.032075
204 0.036792 0.490566 0.024528 0.026415
205 0.073585 0.490566 0.022642 0.026415
206 0.119811 0.489623 0.035849 0.024528
207 0.157547 0.490566 0.028302 0.026415
208 0.201887 0.497170 0.030189 0.039623
209 0.245283 0.490566 0.022642 0.026415
210 0.282075 0.501887 0.016981 0.049057
211 0.309434 0.505660 0.003774 0.056604
212 0.333962 0.501887 0.015094 0.049057
213 0.017925 0.575472 0.024528 0.045283
