133 0.006604 0.037736 0.009434 0.037736
134 0.033962 0.043396 0.018868 0.049057
135 0.062264 0.036792 0.030189 0.035849
136 0.094340 0.037736 0.022642 0.037736
137 0.134906 0.037736 0.028302 0.037736
138 0.166981 0.037736 0.024528 0.037736
139 0.206604 0.040566 0.024528 0.043396
140 0.247170 0.039623 0.026415 0.041509
141 0.278302 0.040566 0.024528 0.043396
142 0.320755 0.038679 0.030189 0.039623
143 0.026415 0.105660 0.026415 0.037736
144 0.053774 0.107547 0.024528 0.041509
145 0.073585 0.100000 0.007547 0.026415
146 0.085849 0.102830 0.009434 0.032075
147 0.106604 0.101887 0.020755 0.030189
148 0.133019 0.095283 0.024528 0.016981
149 0.158491 0.102830 0.022642 0.032075
150 0.181132 0.105660 0.018868 0.037736
151 0.232075 0.111321 0.049057 0.049057
152 0.299057 0.114151 0.050943 0.054717
153 0.033962 0.187736 0.041509 0.054717
154 0.090566 0.185849 0.041509 0.050943
155 0.149057 0.186792 0.045283 0.052830
156 0.192453 0.184906 0.037736 0.049057
157 0.244340 0.184906 0.035849 0.049057
158 0.301887 0.185849 0.045283 0.050943
159 0.359434 0.185849 0.039623 0.050943
160 0.403774 0.185849 0.022642 0.050943
161 0.436792 0.184906 0.035849 0.049057
162 0.492453 0.185849 0.041509 0.050943
163 0.037736 0.259434 0.041509 0.050943
164 0.096226 0.261321 0.049057 0.054717
165 0.147170 0.259434 0.041509 0.050943
166 0.203774 0.259434 0.045283 0.050943
167 0.250000 0.259434 0.039623 0.050943
168 0.300000 0.260377 0.052830 0.052830
169 0.357547 0.260377 0.054717 0.052830
170 0.417925 0.262264 0.032075 0.056604
171 0.462264 0.259434 0.045283 0.050943
172 0.523585 0.259434 0.043396 0.050943
173 0.039623 0.334906 0.049057 0.050943
174 0.099057 0.336792 0.058491 0.054717
175 0.162264 0.336792 0.041509 0.054717
176 0.207547 0.335849 0.041509 0.052830
177 0.269811 0.333962 0.052830 0.049057
178 0.308491 0.333962 0.016981 0.049057
179 0.339623 0.333962 0.018868 0.049057
180 0.375472 0.333962 0.018868 0.049057
181 0.415094 0.324528 0.026415 0.030189
182 0.459434 0.324528 0.032075 0.030189
183 0.021698 0.400000 0.013208 0.033962
184 0.046226 0.401887 0.024528 0.037736
185 0.089623 0.406604 0.028302 0.047170
186 0.122642 0.401887 0.030189 0.037736
187 0.166038 0.406604 0.030189 0.047170
188 0.197170 0.400943 0.028302 0.035849
189 0.232075 0.406604 0.030189 0.047170
190 0.277358 0.405660 0.030189 0.045283
191 0.321698 0.406604 0.028302 0.047170
192 0.354717 0.404717 0.007547 0.043396
193 0.021698 0.475472 0.016981 0.052830
194 0.060377 0.468868 0.026415 0.039623
195 0.082075 0.471698 0.005660 0.045283
196 0.116981 0.468868 0.037736 0.039623
197 0.154717 0.467925 0.026415 0.037736
198 0.188679 0.466981 0.030189 0.035849
199 0.232075 0.469811 0.030189 0.041509
200 0.266038 0.471698 0.030189 0.045283
201 0.305660 0.465094 0.022642 0.032075
202 0.332075 0.467925 0.022642 0.037736
203 0.030189 0.538679 0.026415 0.035849
204 0.074528 0.539623 0.028302 0.037736
205 0.104717 0.540566 0.028302 0.039623
206 0.142453 0.539623 0.039623 0.037736
207 0.195283 0.538679 0.032075 0.035849
208 0.224528 0.542453 0.022642 0.043396
209 0.266038 0.540566 0.030189 0.039623
210 0.309434 0.548113 0.022642 0.054717
211 0.327358 0.551887 0.005660 0.062264
212 0.345283 0.548113 0.026415 0.054717
213 0.028302 0.635849 0.030189 0.067925
