133 0.009434 0.042453 0.007547 0.047170
134 0.026415 0.042453 0.022642 0.047170
135 0.067925 0.040566 0.026415 0.043396
136 0.104717 0.040566 0.013208 0.043396
137 0.141509 0.040566 0.026415 0.043396
138 0.181132 0.040566 0.026415 0.043396
139 0.227358 0.040566 0.032075 0.043396
140 0.262264 0.040566 0.026415 0.043396
141 0.292453 0.040566 0.026415 0.043396
142 0.324528 0.040566 0.026415 0.043396
143 0.018868 0.106604 0.026415 0.043396
144 0.062264 0.106604 0.026415 0.043396
145 0.096226 0.101887 0.007547 0.033962
146 0.116981 0.106604 0.007547 0.043396
147 0.148113 0.100943 0.024528 0.032075
148 0.190566 0.091509 0.026415 0.013208
149 0.219811 0.100943 0.024528 0.032075
150 0.250943 0.106604 0.026415 0.043396
151 0.290566 0.106604 0.041509 0.043396
152 0.328302 0.106604 0.026415 0.043396
153 0.018868 0.168868 0.026415 0.043396
154 0.050943 0.168868 0.026415 0.043396
155 0.079245 0.168868 0.026415 0.043396
156 0.118868 0.168868 0.022642 0.043396
157 0.158491 0.168868 0.022642 0.043396
158 0.184906 0.168868 0.026415 0.043396
159 0.215094 0.168868 0.026415 0.043396
160 0.236792 0.168868 0.009434 0.043396
161 0.272642 0.168868 0.028302 0.043396
162 0.303774 0.168868 0.030189 0.043396
163 0.016981 0.231132 0.022642 0.043396
164 0.052830 0.231132 0.045283 0.043396
165 0.104717 0.231132 0.032075 0.043396
166 0.147170 0.231132 0.026415 0.043396
167 0.177358 0.231132 0.026415 0.043396
168 0.205660 0.233962 0.026415 0.049057
169 0.247170 0.231132 0.026415 0.043396
170 0.277358 0.230189 0.022642 0.041509
171 0.308491 0.231132 0.028302 0.043396
172 0.337736 0.231132 0.026415 0.043396
173 0.026415 0.299057 0.026415 0.043396
174 0.067925 0.299057 0.045283 0.043396
175 0.118868 0.299057 0.026415 0.043396
176 0.150943 0.299057 0.026415 0.043396
177 0.181132 0.299057 0.026415 0.043396
178 0.217925 0.303774 0.013208 0.052830
179 0.252830 0.300943 0.022642 0.047170
180 0.272642 0.303774 0.013208 0.052830
181 0.294340 0.290566 0.026415 0.026415
182 0.328302 0.300000 0.037736 0.045283
183 0.019811 0.363208 0.009434 0.028302
184 0.039623 0.366038 0.026415 0.033962
185 0.079245 0.370755 0.026415 0.043396
186 0.109434 0.366038 0.022642 0.033962
187 0.137736 0.370755 0.026415 0.043396
188 0.167925 0.366038 0.026415 0.033962
189 0.198113 0.370755 0.022642 0.043396
190 0.228302 0.373585 0.026415 0.049057
191 0.258491 0.370755 0.026415 0.043396
192 0.288679 0.370755 0.007547 0.043396
193 0.016981 0.443396 0.022642 0.052830
194 0.058491 0.438679 0.030189 0.043396
195 0.081132 0.438679 0.007547 0.043396
196 0.122642 0.433962 0.045283 0.033962
197 0.175472 0.433962 0.026415 0.033962
198 0.218868 0.433962 0.026415 0.033962
199 0.258491 0.438679 0.026415 0.043396
200 0.300000 0.438679 0.026415 0.043396
201 0.330189 0.433962 0.022642 0.033962
202 0.367925 0.433962 0.022642 0.033962
203 0.021698 0.510377 0.016981 0.043396
204 0.047170 0.505660 0.026415 0.033962
205 0.077358 0.505660 0.026415 0.033962
206 0.115094 0.505660 0.045283 0.033962
207 0.152830 0.505660 0.026415 0.033962
208 0.183019 0.513208 0.026415 0.049057
209 0.222642 0.505660 0.026415 0.033962
210 0.257547 0.515094 0.013208 0.052830
211 0.281132 0.515094 0.003774 0.052830
212 0.306604 0.515094 0.013208 0.052830
