133 0.005660 0.037736 0.007547 0.037736
134 0.037736 0.037736 0.026415 0.037736
135 0.065094 0.037736 0.024528 0.037736
136 0.094340 0.037736 0.022642 0.037736
137 0.124528 0.037736 0.026415 0.037736
138 0.155660 0.037736 0.024528 0.037736
139 0.183019 0.037736 0.026415 0.037736
140 0.222642 0.037736 0.026415 0.037736
141 0.265094 0.037736 0.024528 0.037736
142 0.301887 0.037736 0.022642 0.037736
143 0.028302 0.094340 0.026415 0.037736
144 0.056604 0.094340 0.026415 0.037736
145 0.082075 0.088679 0.013208 0.026415
146 0.099057 0.093396 0.016981 0.035849
147 0.124528 0.089623 0.030189 0.028302
148 0.167925 0.082075 0.030189 0.013208
149 0.200000 0.089623 0.030189 0.028302
150 0.242453 0.095283 0.020755 0.039623
151 0.280189 0.100943 0.047170 0.050943
152 0.328302 0.095283 0.037736 0.039623
153 0.033962 0.164151 0.037736 0.037736
154 0.076415 0.164151 0.035849 0.037736
155 0.116981 0.164151 0.041509 0.037736
156 0.163208 0.164151 0.039623 0.037736
157 0.204717 0.164151 0.039623 0.037736
158 0.258491 0.164151 0.037736 0.037736
159 0.317925 0.164151 0.050943 0.037736
160 0.372642 0.164151 0.028302 0.037736
161 0.405660 0.164151 0.033962 0.037736
162 0.461321 0.164151 0.043396 0.037736
163 0.020755 0.220755 0.033962 0.037736
164 0.081132 0.220755 0.056604 0.037736
165 0.134906 0.220755 0.047170 0.037736
166 0.189623 0.221698 0.035849 0.039623
167 0.239623 0.220755 0.037736 0.037736
168 0.280189 0.227358 0.035849 0.050943
169 0.333962 0.220755 0.037736 0.037736
170 0.372642 0.221698 0.032075 0.039623
171 0.411321 0.220755 0.033962 0.037736
172 0.463208 0.220755 0.039623 0.037736
173 0.021698 0.290566 0.035849 0.037736
174 0.079245 0.290566 0.049057 0.037736
175 0.140566 0.290566 0.047170 0.037736
176 0.184906 0.290566 0.033962 0.037736
177 0.223585 0.290566 0.039623 0.037736
178 0.262264 0.296226 0.026415 0.049057
179 0.281132 0.290566 0.007547 0.037736
180 0.300943 0.296226 0.024528 0.049057
181 0.340566 0.292453 0.024528 0.041509
182 0.373585 0.286792 0.030189 0.030189
183 0.019811 0.353774 0.009434 0.028302
184 0.042453 0.352830 0.024528 0.026415
185 0.080189 0.359434 0.024528 0.039623
186 0.118868 0.352830 0.022642 0.026415
187 0.161321 0.359434 0.028302 0.039623
188 0.192453 0.352830 0.022642 0.026415
189 0.228302 0.365094 0.037736 0.050943
190 0.267925 0.358491 0.030189 0.037736
191 0.298113 0.359434 0.026415 0.039623
192 0.320755 0.359434 0.015094 0.039623
193 0.030189 0.434906 0.026415 0.050943
194 0.072642 0.429245 0.028302 0.039623
195 0.098113 0.429245 0.015094 0.039623
196 0.128302 0.422642 0.037736 0.026415
197 0.166038 0.422642 0.026415 0.026415
198 0.197170 0.422642 0.024528 0.026415
199 0.238679 0.428302 0.032075 0.037736
200 0.280189 0.428302 0.024528 0.037736
201 0.308491 0.422642 0.020755 0.026415
202 0.346226 0.422642 0.020755 0.026415
203 0.009434 0.495283 0.015094 0.032075
204 0.047170 0.492453 0.026415 0.026415
205 0.084906 0.492453 0.022642 0.026415
206 0.127358 0.492453 0.035849 0.026415
207 0.166038 0.492453 0.030189 0.026415
208 0.200000 0.498113 0.030189 0.037736
209 0.242453 0.494340 0.020755 0.030189
210 0.266038 0.504717 0.022642 0.050943
211 0.283019 0.504717 0.003774 0.050943
212 0.311321 0.504717 0.022642 0.050943
213 0.027358 0.571698 0.028302 0.045283
