133 0.019811 0.033019 0.005660 0.028302
134 0.054717 0.037736 0.033962 0.037736
135 0.104717 0.037736 0.035849 0.037736
136 0.141509 0.037736 0.011321 0.037736
137 0.175472 0.037736 0.030189 0.037736
138 0.221698 0.037736 0.032075 0.037736
139 0.258491 0.037736 0.033962 0.037736
140 0.307547 0.038679 0.033962 0.039623
141 0.345283 0.037736 0.033962 0.037736
142 0.392453 0.038679 0.033962 0.039623
143 0.033962 0.096226 0.033962 0.037736
144 0.073585 0.096226 0.033962 0.037736
145 0.106604 0.092453 0.005660 0.030189
146 0.129245 0.095283 0.005660 0.035849
147 0.148113 0.090566 0.024528 0.026415
148 0.187736 0.084906 0.028302 0.015094
149 0.219811 0.090566 0.024528 0.026415
150 0.249057 0.096226 0.022642 0.037736
151 0.286792 0.096226 0.041509 0.037736
152 0.332075 0.096226 0.041509 0.037736
153 0.034906 0.152830 0.035849 0.037736
154 0.087736 0.152830 0.039623 0.037736
155 0.141509 0.152830 0.037736 0.037736
156 0.180189 0.154717 0.032075 0.041509
157 0.227358 0.152830 0.032075 0.037736
158 0.276415 0.152830 0.039623 0.037736
159 0.316038 0.152830 0.035849 0.037736
160 0.340566 0.152830 0.005660 0.037736
161 0.369811 0.152830 0.026415 0.037736
162 0.402830 0.152830 0.035849 0.037736
163 0.029245 0.214151 0.032075 0.039623
164 0.079245 0.213208 0.041509 0.037736
165 0.132075 0.213208 0.037736 0.037736
166 0.176415 0.213208 0.043396 0.037736
167 0.218868 0.213208 0.033962 0.037736
168 0.270755 0.215094 0.043396 0.041509
169 0.323585 0.213208 0.035849 0.037736
170 0.365094 0.213208 0.035849 0.037736
171 0.404717 0.214151 0.035849 0.039623
172 0.456604 0.213208 0.037736 0.037736
173 0.025472 0.273585 0.039623 0.037736
174 0.078302 0.273585 0.058491 0.037736
175 0.131132 0.273585 0.035849 0.037736
176 0.180189 0.273585 0.035849 0.037736
177 0.218868 0.274528 0.033962 0.039623
178 0.246226 0.277358 0.013208 0.045283
179 0.273585 0.273585 0.033962 0.037736
180 0.312264 0.279245 0.013208 0.049057
181 0.336792 0.271698 0.024528 0.033962
182 0.380189 0.269811 0.028302 0.030189
183 0.010377 0.333962 0.009434 0.022642
184 0.049057 0.337736 0.033962 0.030189
185 0.084906 0.337736 0.030189 0.030189
186 0.133019 0.337736 0.032075 0.030189
187 0.182075 0.337736 0.032075 0.030189
188 0.213208 0.337736 0.026415 0.030189
189 0.246226 0.337736 0.028302 0.030189
190 0.289623 0.337736 0.032075 0.030189
191 0.335849 0.337736 0.030189 0.030189
192 0.357547 0.337736 0.005660 0.030189
193 0.025472 0.386792 0.024528 0.030189
194 0.054717 0.386792 0.030189 0.030189
195 0.088679 0.386792 0.026415 0.030189
196 0.125472 0.386792 0.035849 0.030189
197 0.176415 0.386792 0.032075 0.030189
198 0.216981 0.386792 0.037736 0.030189
199 0.266981 0.386792 0.028302 0.030189
200 0.314151 0.387736 0.035849 0.032075
201 0.350943 0.386792 0.030189 0.030189
202 0.395283 0.386792 0.028302 0.030189
203 0.028302 0.437736 0.030189 0.030189
204 0.071698 0.437736 0.030189 0.030189
205 0.107547 0.437736 0.033962 0.030189
206 0.154717 0.437736 0.049057 0.030189
207 0.207547 0.437736 0.030189 0.030189
208 0.251887 0.437736 0.028302 0.030189
209 0.281132 0.437736 0.026415 0.030189
210 0.306604 0.445283 0.016981 0.045283
211 0.333019 0.446226 0.005660 0.047170
212 0.348113 0.447170 0.016981 0.049057
213 0.030189 0.513208 0.026415 0.045283
