133 0.019811 0.037736 0.005660 0.037736
134 0.045283 0.038679 0.018868 0.039623
135 0.084906 0.038679 0.030189 0.039623
136 0.113208 0.038679 0.015094 0.039623
137 0.150943 0.037736 0.026415 0.037736
138 0.180189 0.037736 0.024528 0.037736
139 0.209434 0.038679 0.030189 0.039623
140 0.236792 0.038679 0.020755 0.039623
141 0.261321 0.036792 0.024528 0.035849
142 0.303774 0.039623 0.026415 0.041509
143 0.017925 0.098113 0.028302 0.037736
144 0.062264 0.098113 0.026415 0.037736
145 0.092453 0.091509 0.003774 0.024528
146 0.113208 0.093396 0.003774 0.028302
147 0.131132 0.092453 0.028302 0.026415
148 0.164151 0.086792 0.030189 0.015094
149 0.197170 0.094340 0.028302 0.030189
150 0.233962 0.099057 0.011321 0.039623
151 0.268868 0.105660 0.047170 0.052830
152 0.316038 0.099057 0.039623 0.039623
153 0.031132 0.170755 0.032075 0.039623
154 0.071698 0.170755 0.037736 0.039623
155 0.124528 0.170755 0.041509 0.039623
156 0.163208 0.170755 0.024528 0.039623
157 0.203774 0.170755 0.026415 0.039623
158 0.251887 0.171698 0.039623 0.041509
159 0.295283 0.170755 0.043396 0.039623
160 0.330189 0.170755 0.015094 0.039623
161 0.366038 0.170755 0.022642 0.039623
162 0.399057 0.170755 0.039623 0.039623
163 0.029245 0.231132 0.028302 0.039623
164 0.086792 0.231132 0.052830 0.039623
165 0.148113 0.231132 0.039623 0.039623
166 0.207547 0.231132 0.045283 0.039623
167 0.259434 0.231132 0.028302 0.039623
168 0.300000 0.229245 0.041509 0.035849
169 0.345283 0.231132 0.037736 0.039623
170 0.379245 0.231132 0.022642 0.039623
171 0.424528 0.231132 0.037736 0.039623
172 0.467925 0.231132 0.037736 0.039623
173 0.025472 0.288679 0.039623 0.037736
174 0.088679 0.288679 0.052830 0.037736
175 0.152830 0.289623 0.041509 0.039623
176 0.206604 0.289623 0.039623 0.039623
177 0.260377 0.289623 0.033962 0.039623
178 0.299057 0.289623 0.009434 0.039623
179 0.315094 0.289623 0.018868 0.039623
180 0.331132 0.289623 0.009434 0.039623
181 0.364151 0.288679 0.022642 0.037736
182 0.406604 0.284906 0.028302 0.030189
183 0.014151 0.331132 0.001887 0.005660
184 0.036792 0.348113 0.039623 0.039623
185 0.078302 0.348113 0.032075 0.039623
186 0.116981 0.348113 0.037736 0.039623
187 0.162264 0.348113 0.041509 0.039623
188 0.199057 0.348113 0.024528 0.039623
189 0.241509 0.348113 0.026415 0.039623
190 0.291509 0.349057 0.039623 0.041509
191 0.350000 0.348113 0.043396 0.039623
192 0.383019 0.348113 0.015094 0.039623
193 0.016981 0.408491 0.022642 0.039623
194 0.063208 0.408491 0.039623 0.039623
195 0.112264 0.408491 0.028302 0.039623
196 0.154717 0.408491 0.052830 0.039623
197 0.214151 0.408491 0.039623 0.039623
198 0.258491 0.408491 0.045283 0.039623
199 0.297170 0.408491 0.028302 0.039623
200 0.333962 0.406604 0.041509 0.035849
201 0.377358 0.408491 0.037736 0.039623
202 0.424528 0.408491 0.022642 0.039623
203 0.033962 0.466981 0.037736 0.039623
204 0.077358 0.466981 0.037736 0.039623
205 0.119811 0.466038 0.039623 0.037736
206 0.181132 0.466038 0.052830 0.037736
207 0.243396 0.466981 0.041509 0.039623
208 0.285849 0.466981 0.039623 0.039623
209 0.339623 0.466981 0.033962 0.039623
210 0.377358 0.471698 0.015094 0.049057
211 0.403774 0.470755 0.003774 0.047170
212 0.415094 0.471698 0.015094 0.049057
213 0.032075 0.537736 0.030189 0.045283
