133 0.018868 0.042453 0.007547 0.047170
134 0.048113 0.041509 0.020755 0.045283
135 0.075472 0.041509 0.026415 0.045283
136 0.111321 0.041509 0.018868 0.045283
137 0.136792 0.041509 0.024528 0.045283
138 0.166038 0.041509 0.026415 0.045283
139 0.208491 0.041509 0.028302 0.045283
140 0.249057 0.041509 0.026415 0.045283
141 0.288679 0.041509 0.026415 0.045283
142 0.317925 0.041509 0.020755 0.045283
143 0.018868 0.107547 0.026415 0.045283
144 0.049057 0.107547 0.026415 0.045283
145 0.081132 0.099057 0.007547 0.028302
146 0.092453 0.101887 0.007547 0.033962
147 0.122642 0.099057 0.026415 0.028302
148 0.164151 0.094340 0.026415 0.018868
149 0.196226 0.099057 0.026415 0.028302
150 0.228302 0.107547 0.026415 0.045283
151 0.267925 0.108491 0.041509 0.047170
152 0.308491 0.107547 0.028302 0.045283
153 0.028302 0.173585 0.026415 0.045283
154 0.068868 0.173585 0.028302 0.045283
155 0.113208 0.173585 0.026415 0.045283
156 0.138679 0.173585 0.020755 0.045283
157 0.161321 0.173585 0.020755 0.045283
158 0.188679 0.173585 0.026415 0.045283
159 0.216981 0.173585 0.026415 0.045283
160 0.252830 0.173585 0.011321 0.045283
161 0.280189 0.173585 0.016981 0.045283
162 0.319811 0.173585 0.028302 0.045283
163 0.013208 0.237736 0.018868 0.045283
164 0.042453 0.237736 0.035849 0.045283
165 0.077358 0.237736 0.026415 0.045283
166 0.118868 0.237736 0.026415 0.045283
167 0.157547 0.237736 0.024528 0.045283
168 0.196226 0.240566 0.026415 0.050943
169 0.224528 0.237736 0.026415 0.045283
170 0.266038 0.237736 0.026415 0.045283
171 0.294340 0.237736 0.026415 0.045283
172 0.335849 0.237736 0.026415 0.045283
173 0.032075 0.307547 0.030189 0.045283
174 0.084906 0.307547 0.045283 0.045283
175 0.138679 0.307547 0.028302 0.045283
176 0.169811 0.307547 0.026415 0.045283
177 0.197170 0.307547 0.020755 0.045283
178 0.229245 0.307547 0.013208 0.045283
179 0.259434 0.307547 0.020755 0.045283
180 0.277358 0.307547 0.011321 0.045283
181 0.308491 0.307547 0.024528 0.045283
182 0.338679 0.300000 0.032075 0.030189
183 0.009434 0.360377 0.011321 0.022642
184 0.042453 0.366981 0.024528 0.035849
185 0.069811 0.371698 0.026415 0.045283
186 0.097170 0.366981 0.024528 0.035849
187 0.138679 0.371698 0.024528 0.045283
188 0.180189 0.366981 0.024528 0.035849
189 0.205660 0.371698 0.015094 0.045283
190 0.227358 0.369811 0.024528 0.041509
191 0.267925 0.371698 0.026415 0.045283
192 0.300000 0.371698 0.011321 0.045283
193 0.021698 0.438679 0.013208 0.050943
194 0.053774 0.435849 0.024528 0.045283
195 0.088679 0.435849 0.011321 0.045283
196 0.116038 0.431132 0.039623 0.035849
197 0.150943 0.431132 0.026415 0.035849
198 0.180189 0.431132 0.024528 0.035849
199 0.209434 0.433962 0.026415 0.041509
200 0.251887 0.433962 0.024528 0.041509
201 0.285849 0.431132 0.016981 0.035849
202 0.320755 0.431132 0.022642 0.035849
203 0.023585 0.503774 0.016981 0.041509
204 0.058491 0.500943 0.026415 0.035849
205 0.097170 0.500943 0.024528 0.035849
206 0.133962 0.500943 0.037736 0.035849
207 0.180189 0.500943 0.024528 0.035849
208 0.221698 0.503774 0.024528 0.041509
209 0.245283 0.500943 0.018868 0.035849
210 0.268868 0.509434 0.016981 0.052830
211 0.285849 0.509434 0.005660 0.052830
212 0.302830 0.509434 0.016981 0.052830
213 0.018868 0.588679 0.026415 0.067925
