133 0.021698 0.037736 0.009434 0.037736
134 0.052830 0.039623 0.022642 0.041509
135 0.091509 0.037736 0.020755 0.037736
136 0.127358 0.037736 0.016981 0.037736
137 0.162264 0.037736 0.041509 0.037736
138 0.213208 0.038679 0.030189 0.039623
139 0.250000 0.036792 0.035849 0.035849
140 0.297170 0.039623 0.032075 0.041509
141 0.338679 0.038679 0.020755 0.039623
142 0.378302 0.037736 0.024528 0.037736
143 0.016981 0.097170 0.030189 0.035849
144 0.046226 0.100943 0.024528 0.043396
145 0.065094 0.092453 0.009434 0.026415
146 0.078302 0.097170 0.009434 0.035849
147 0.104717 0.093396 0.032075 0.028302
148 0.140566 0.085849 0.032075 0.013208
149 0.178302 0.093396 0.032075 0.028302
150 0.213208 0.102830 0.030189 0.047170
151 0.266981 0.102830 0.047170 0.047170
152 0.319811 0.100943 0.047170 0.043396
153 0.033962 0.168868 0.037736 0.047170
154 0.077358 0.164151 0.037736 0.037736
155 0.130189 0.169811 0.041509 0.049057
156 0.171698 0.167925 0.037736 0.045283
157 0.209434 0.166981 0.033962 0.043396
158 0.258491 0.176415 0.030189 0.062264
159 0.300943 0.166038 0.043396 0.041509
160 0.348113 0.165094 0.024528 0.039623
161 0.392453 0.176415 0.037736 0.062264
162 0.450000 0.165094 0.047170 0.039623
163 0.033019 0.246226 0.039623 0.039623
164 0.081132 0.247170 0.045283 0.041509
165 0.140566 0.248113 0.047170 0.043396
166 0.191509 0.245283 0.024528 0.037736
167 0.237736 0.251887 0.041509 0.050943
168 0.286792 0.246226 0.045283 0.039623
169 0.333019 0.251887 0.035849 0.050943
170 0.370755 0.247170 0.032075 0.041509
171 0.422642 0.247170 0.037736 0.041509
172 0.464151 0.243396 0.033962 0.033962
173 0.033019 0.315094 0.035849 0.037736
174 0.098113 0.313208 0.060377 0.033962
175 0.162264 0.317925 0.033962 0.043396
176 0.198113 0.327358 0.033962 0.062264
177 0.237736 0.317925 0.037736 0.043396
178 0.272642 0.317925 0.020755 0.043396
179 0.294340 0.317925 0.018868 0.043396
180 0.329245 0.316981 0.016981 0.041509
181 0.358491 0.311321 0.030189 0.030189
182 0.400943 0.311321 0.028302 0.030189
183 0.008491 0.397170 0.009434 0.039623
184 0.035849 0.392453 0.033962 0.030189
185 0.081132 0.404717 0.026415 0.054717
186 0.121698 0.392453 0.020755 0.030189
187 0.158491 0.407547 0.026415 0.060377
188 0.186792 0.391509 0.022642 0.028302
189 0.222642 0.415094 0.041509 0.075472
190 0.272642 0.405660 0.024528 0.056604
191 0.305660 0.401887 0.033962 0.049057
192 0.337736 0.400000 0.018868 0.045283
193 0.032075 0.508491 0.030189 0.073585
194 0.083019 0.495283 0.037736 0.047170
195 0.112264 0.492453 0.016981 0.041509
196 0.150000 0.487736 0.047170 0.032075
197 0.203774 0.484906 0.033962 0.026415
198 0.233019 0.484906 0.020755 0.026415
199 0.274528 0.499057 0.032075 0.054717
200 0.316038 0.495283 0.047170 0.047170
201 0.351887 0.484906 0.020755 0.026415
202 0.373585 0.487736 0.015094 0.032075
203 0.017925 0.584906 0.024528 0.041509
204 0.063208 0.578302 0.032075 0.028302
205 0.101887 0.582075 0.033962 0.035849
206 0.158491 0.581132 0.045283 0.033962
207 0.200943 0.578302 0.028302 0.028302
208 0.235849 0.594340 0.030189 0.060377
209 0.269811 0.579245 0.030189 0.030189
210 0.297170 0.586792 0.020755 0.045283
211 0.323585 0.592453 0.001887 0.056604
212 0.350000 0.586792 0.020755 0.045283
213 0.033019 0.666038 0.035849 0.045283
