133 0.020755 0.037736 0.007547 0.037736
134 0.035849 0.043396 0.015094 0.049057
135 0.073585 0.034906 0.026415 0.032075
136 0.110377 0.034906 0.016981 0.032075
137 0.148113 0.034906 0.024528 0.032075
138 0.185849 0.039623 0.024528 0.041509
139 0.225472 0.037736 0.028302 0.037736
140 0.267925 0.039623 0.026415 0.041509
141 0.298113 0.038679 0.026415 0.039623
142 0.339623 0.038679 0.022642 0.039623
143 0.016981 0.106604 0.026415 0.039623
144 0.046226 0.107547 0.024528 0.041509
145 0.065094 0.099057 0.005660 0.024528
146 0.076415 0.102830 0.009434 0.032075
147 0.096226 0.097170 0.022642 0.020755
148 0.125472 0.093396 0.024528 0.013208
149 0.163208 0.097170 0.024528 0.020755
150 0.203774 0.106604 0.022642 0.039623
151 0.239623 0.110377 0.045283 0.047170
152 0.297170 0.106604 0.039623 0.039623
153 0.029245 0.172642 0.032075 0.039623
154 0.066038 0.172642 0.030189 0.039623
155 0.100943 0.172642 0.035849 0.039623
156 0.151887 0.172642 0.032075 0.039623
157 0.186792 0.172642 0.030189 0.039623
158 0.236792 0.172642 0.035849 0.039623
159 0.289623 0.172642 0.039623 0.039623
160 0.333019 0.172642 0.016981 0.039623
161 0.357547 0.172642 0.024528 0.039623
162 0.391509 0.172642 0.039623 0.039623
163 0.029245 0.231132 0.032075 0.039623
164 0.083019 0.231132 0.049057 0.039623
165 0.144340 0.231132 0.039623 0.039623
166 0.195283 0.231132 0.035849 0.039623
167 0.243396 0.231132 0.030189 0.039623
168 0.291509 0.236792 0.035849 0.050943
169 0.333019 0.231132 0.035849 0.039623
170 0.365094 0.231132 0.024528 0.039623
171 0.396226 0.231132 0.033962 0.039623
172 0.445283 0.231132 0.037736 0.039623
173 0.021698 0.300943 0.039623 0.039623
174 0.074528 0.300943 0.058491 0.039623
175 0.140566 0.300943 0.039623 0.039623
176 0.183019 0.300943 0.037736 0.039623
177 0.219811 0.300943 0.028302 0.039623
178 0.244340 0.333962 0.013208 0.105660
179 0.274528 0.306604 0.016981 0.050943
180 0.295283 0.333962 0.013208 0.105660
181 0.327358 0.303774 0.024528 0.045283
182 0.356604 0.288679 0.026415 0.015094
183 0.010377 0.425472 0.009434 0.039623
184 0.042453 0.416981 0.024528 0.022642
185 0.081132 0.425472 0.026415 0.039623
186 0.110377 0.416981 0.020755 0.022642
187 0.151887 0.425472 0.028302 0.039623
188 0.192453 0.416981 0.022642 0.022642
189 0.227358 0.425472 0.020755 0.039623
190 0.265094 0.424528 0.024528 0.037736
191 0.304717 0.425472 0.028302 0.039623
192 0.338679 0.424528 0.013208 0.037736
193 0.011321 0.490566 0.015094 0.052830
194 0.036792 0.483962 0.028302 0.039623
195 0.072642 0.483962 0.013208 0.039623
196 0.104717 0.475472 0.043396 0.022642
197 0.144340 0.475472 0.028302 0.022642
198 0.187736 0.475472 0.024528 0.022642
199 0.216981 0.483019 0.026415 0.037736
200 0.259434 0.483019 0.028302 0.037736
201 0.288679 0.475472 0.018868 0.022642
202 0.321698 0.475472 0.016981 0.022642
203 0.012264 0.550000 0.016981 0.028302
204 0.036792 0.547170 0.028302 0.022642
205 0.068868 0.547170 0.028302 0.022642
206 0.119811 0.547170 0.043396 0.022642
207 0.160377 0.547170 0.026415 0.022642
208 0.202830 0.554717 0.028302 0.037736
209 0.239623 0.547170 0.018868 0.022642
210 0.270755 0.590566 0.016981 0.109434
211 0.282075 0.589623 0.001887 0.107547
212 0.295283 0.590566 0.016981 0.109434
213 0.028302 0.686792 0.022642 0.045283
