133 0.018868 0.033019 0.003774 0.028302
134 0.031132 0.039623 0.013208 0.041509
135 0.050943 0.037736 0.018868 0.037736
136 0.083019 0.037736 0.011321 0.037736
137 0.100943 0.037736 0.016981 0.037736
138 0.123585 0.037736 0.016981 0.037736
139 0.143396 0.037736 0.018868 0.037736
140 0.178302 0.037736 0.016981 0.037736
141 0.209434 0.037736 0.018868 0.037736
142 0.229245 0.037736 0.016981 0.037736
143 0.026415 0.098113 0.018868 0.037736
144 0.050943 0.098113 0.018868 0.037736
145 0.079245 0.092453 0.003774 0.026415
146 0.098113 0.096226 0.007547 0.033962
147 0.130189 0.094340 0.026415 0.030189
148 0.164151 0.086792 0.030189 0.015094
149 0.209434 0.094340 0.026415 0.030189
150 0.233962 0.099057 0.011321 0.039623
151 0.258491 0.099057 0.030189 0.039623
152 0.287736 0.099057 0.020755 0.039623
153 0.012264 0.157547 0.016981 0.039623
154 0.034906 0.157547 0.016981 0.039623
155 0.058491 0.157547 0.018868 0.039623
156 0.081132 0.157547 0.015094 0.039623
157 0.112264 0.157547 0.013208 0.039623
158 0.131132 0.157547 0.020755 0.039623
159 0.164151 0.157547 0.018868 0.039623
160 0.188679 0.157547 0.003774 0.039623
161 0.209434 0.157547 0.011321 0.039623
162 0.226415 0.157547 0.018868 0.039623
163 0.024528 0.216038 0.015094 0.039623
164 0.050000 0.216038 0.028302 0.039623
165 0.079245 0.216038 0.018868 0.039623
166 0.112264 0.216038 0.020755 0.039623
167 0.134906 0.216038 0.016981 0.039623
168 0.155660 0.217925 0.020755 0.043396
169 0.187736 0.216038 0.016981 0.039623
170 0.210377 0.216038 0.016981 0.039623
171 0.242453 0.216038 0.016981 0.039623
172 0.264151 0.216038 0.018868 0.039623
173 0.014151 0.278302 0.020755 0.039623
174 0.043396 0.278302 0.033962 0.039623
175 0.084906 0.278302 0.018868 0.039623
176 0.105660 0.278302 0.018868 0.039623
177 0.140566 0.278302 0.016981 0.039623
178 0.170755 0.282075 0.009434 0.047170
179 0.187736 0.279245 0.013208 0.041509
180 0.211321 0.282075 0.007547 0.047170
181 0.230189 0.284906 0.026415 0.052830
182 0.263208 0.266038 0.028302 0.015094
183 0.006604 0.341509 0.005660 0.022642
184 0.020755 0.344340 0.015094 0.028302
185 0.050000 0.350000 0.016981 0.039623
186 0.068868 0.344340 0.013208 0.028302
187 0.085849 0.350000 0.016981 0.039623
188 0.116038 0.344340 0.016981 0.028302
189 0.145283 0.350000 0.015094 0.039623
190 0.166981 0.350000 0.016981 0.039623
191 0.186792 0.350000 0.015094 0.039623
192 0.213208 0.349057 0.003774 0.037736
193 0.006604 0.413208 0.009434 0.049057
194 0.024528 0.408491 0.015094 0.039623
195 0.035849 0.408491 0.003774 0.039623
196 0.066981 0.402830 0.028302 0.028302
197 0.094340 0.402830 0.015094 0.028302
198 0.116038 0.402830 0.016981 0.028302
199 0.134906 0.408491 0.016981 0.039623
200 0.165094 0.408491 0.016981 0.039623
201 0.182075 0.402830 0.009434 0.028302
202 0.199057 0.402830 0.013208 0.028302
203 0.008491 0.473585 0.013208 0.033962
204 0.024528 0.470755 0.015094 0.028302
205 0.057547 0.470755 0.016981 0.028302
206 0.097170 0.470755 0.028302 0.028302
207 0.136792 0.470755 0.016981 0.028302
208 0.159434 0.475472 0.016981 0.037736
209 0.181132 0.470755 0.015094 0.028302
210 0.211321 0.480189 0.011321 0.047170
211 0.235849 0.484906 0.003774 0.056604
212 0.256604 0.480189 0.011321 0.047170
213 0.026415 0.560377 0.026415 0.056604
