133 0.008491 0.037736 0.005660 0.037736
134 0.021698 0.040566 0.016981 0.043396
135 0.056604 0.039623 0.018868 0.041509
136 0.087736 0.039623 0.013208 0.041509
137 0.116981 0.039623 0.018868 0.041509
138 0.151887 0.039623 0.016981 0.041509
139 0.186792 0.039623 0.018868 0.041509
140 0.210377 0.040566 0.016981 0.043396
141 0.233962 0.039623 0.018868 0.041509
142 0.266981 0.039623 0.016981 0.041509
143 0.015094 0.101887 0.018868 0.041509
144 0.035849 0.101887 0.018868 0.041509
145 0.062264 0.094340 0.007547 0.026415
146 0.075472 0.098113 0.007547 0.033962
147 0.091509 0.091509 0.020755 0.020755
148 0.114151 0.087736 0.020755 0.013208
149 0.140566 0.091509 0.020755 0.020755
150 0.173585 0.102830 0.015094 0.043396
151 0.209434 0.102830 0.030189 0.043396
152 0.240566 0.102830 0.024528 0.043396
153 0.023585 0.165094 0.020755 0.043396
154 0.045283 0.165094 0.018868 0.043396
155 0.078302 0.165094 0.020755 0.043396
156 0.103774 0.165094 0.018868 0.043396
157 0.134906 0.165094 0.016981 0.043396
158 0.166981 0.165094 0.020755 0.043396
159 0.193396 0.165094 0.020755 0.043396
160 0.223585 0.165094 0.009434 0.043396
161 0.240566 0.165094 0.016981 0.043396
162 0.273585 0.165094 0.022642 0.043396
163 0.010377 0.227358 0.016981 0.043396
164 0.049057 0.227358 0.026415 0.043396
165 0.085849 0.227358 0.020755 0.043396
166 0.111321 0.227358 0.022642 0.043396
167 0.147170 0.227358 0.018868 0.043396
168 0.183019 0.231132 0.022642 0.050943
169 0.208491 0.227358 0.020755 0.043396
170 0.231132 0.227358 0.016981 0.043396
171 0.255660 0.227358 0.020755 0.043396
172 0.293396 0.227358 0.020755 0.043396
173 0.026415 0.297170 0.022642 0.043396
174 0.056604 0.297170 0.030189 0.043396
175 0.096226 0.297170 0.022642 0.043396
176 0.120755 0.297170 0.022642 0.043396
177 0.143396 0.297170 0.018868 0.043396
178 0.174528 0.300943 0.009434 0.050943
179 0.192453 0.297170 0.015094 0.043396
180 0.207547 0.300943 0.011321 0.050943
181 0.225472 0.288679 0.016981 0.026415
182 0.243396 0.283019 0.015094 0.015094
183 0.006604 0.359434 0.009434 0.028302
184 0.033962 0.358491 0.015094 0.026415
185 0.064151 0.366981 0.015094 0.043396
186 0.096226 0.358491 0.015094 0.026415
187 0.116038 0.366981 0.016981 0.043396
188 0.137736 0.358491 0.015094 0.026415
189 0.155660 0.366981 0.013208 0.043396
190 0.173585 0.363208 0.015094 0.035849
191 0.204717 0.366981 0.016981 0.043396
192 0.219811 0.365094 0.009434 0.039623
193 0.011321 0.432075 0.011321 0.049057
194 0.043396 0.429245 0.018868 0.043396
195 0.070755 0.429245 0.009434 0.043396
196 0.092453 0.420755 0.026415 0.026415
197 0.129245 0.420755 0.016981 0.026415
198 0.151887 0.420755 0.016981 0.026415
199 0.173585 0.425472 0.018868 0.035849
200 0.204717 0.425472 0.016981 0.035849
201 0.233019 0.420755 0.013208 0.026415
202 0.252830 0.420755 0.015094 0.026415
203 0.022642 0.493396 0.011321 0.035849
204 0.038679 0.488679 0.016981 0.026415
205 0.068868 0.488679 0.016981 0.026415
206 0.094340 0.488679 0.026415 0.026415
207 0.131132 0.488679 0.016981 0.026415
208 0.165094 0.493396 0.016981 0.035849
209 0.186792 0.488679 0.015094 0.026415
210 0.205660 0.500943 0.015094 0.050943
211 0.229245 0.501887 0.001887 0.052830
212 0.250943 0.500943 0.015094 0.050943
213 0.014151 0.564151 0.020755 0.033962
