133 0.021698 0.042453 0.009434 0.047170
134 0.045283 0.047170 0.033962 0.056604
135 0.092453 0.042453 0.033962 0.047170
136 0.131132 0.042453 0.016981 0.047170
137 0.160377 0.042453 0.030189 0.047170
138 0.207547 0.045283 0.033962 0.052830
139 0.247170 0.047170 0.037736 0.056604
140 0.298113 0.042453 0.030189 0.047170
141 0.331132 0.044340 0.032075 0.050943
142 0.365094 0.044340 0.032075 0.050943
143 0.029245 0.118868 0.032075 0.049057
144 0.064151 0.119811 0.033962 0.050943
145 0.099057 0.105660 0.009434 0.022642
146 0.111321 0.109434 0.011321 0.030189
147 0.144340 0.107547 0.020755 0.026415
148 0.180189 0.100943 0.024528 0.013208
149 0.216981 0.107547 0.018868 0.026415
150 0.253774 0.117925 0.028302 0.047170
151 0.305660 0.116981 0.041509 0.045283
152 0.351887 0.119811 0.043396 0.050943
153 0.021698 0.188679 0.032075 0.049057
154 0.062264 0.189623 0.037736 0.050943
155 0.103774 0.188679 0.033962 0.049057
156 0.137736 0.189623 0.030189 0.050943
157 0.183962 0.190566 0.028302 0.052830
158 0.231132 0.187736 0.035849 0.047170
159 0.267925 0.188679 0.030189 0.049057
160 0.306604 0.186792 0.013208 0.045283
161 0.333962 0.188679 0.033962 0.049057
162 0.383962 0.188679 0.035849 0.049057
163 0.030189 0.259434 0.033962 0.047170
164 0.088679 0.261321 0.052830 0.050943
165 0.138679 0.263208 0.043396 0.054717
166 0.191509 0.258491 0.035849 0.045283
167 0.230189 0.260377 0.033962 0.049057
168 0.275472 0.261321 0.045283 0.050943
169 0.317925 0.261321 0.035849 0.050943
170 0.352830 0.261321 0.030189 0.050943
171 0.401887 0.260377 0.037736 0.049057
172 0.439623 0.258491 0.033962 0.045283
173 0.031132 0.333019 0.035849 0.047170
174 0.084906 0.333962 0.060377 0.049057
175 0.140566 0.334906 0.043396 0.050943
176 0.183962 0.335849 0.039623 0.052830
177 0.240566 0.333019 0.039623 0.047170
178 0.290566 0.338679 0.026415 0.058491
179 0.337736 0.337736 0.033962 0.056604
180 0.372642 0.338679 0.028302 0.058491
181 0.404717 0.343396 0.024528 0.067925
182 0.436792 0.332075 0.035849 0.045283
183 0.009434 0.413208 0.011321 0.033962
184 0.033019 0.410377 0.028302 0.028302
185 0.078302 0.420755 0.028302 0.049057
186 0.110377 0.410377 0.024528 0.028302
187 0.153774 0.421698 0.032075 0.050943
188 0.198113 0.413208 0.030189 0.033962
189 0.230189 0.422642 0.026415 0.052830
190 0.274528 0.418868 0.028302 0.045283
191 0.306604 0.421698 0.032075 0.050943
192 0.341509 0.416981 0.011321 0.041509
193 0.024528 0.497170 0.022642 0.058491
194 0.054717 0.494340 0.026415 0.052830
195 0.080189 0.491509 0.013208 0.047170
196 0.112264 0.481132 0.039623 0.026415
197 0.161321 0.482075 0.028302 0.028302
198 0.207547 0.483962 0.030189 0.032075
199 0.243396 0.490566 0.030189 0.045283
200 0.274528 0.491509 0.028302 0.047170
201 0.315094 0.482075 0.026415 0.028302
202 0.345283 0.482075 0.022642 0.028302
203 0.026415 0.563208 0.018868 0.035849
204 0.054717 0.558491 0.026415 0.026415
205 0.085849 0.559434 0.028302 0.028302
206 0.137736 0.562264 0.041509 0.033962
207 0.179245 0.558491 0.030189 0.026415
208 0.221698 0.566981 0.028302 0.043396
209 0.254717 0.559434 0.030189 0.028302
210 0.300000 0.573585 0.026415 0.056604
211 0.321698 0.580189 0.005660 0.069811
212 0.351887 0.573585 0.028302 0.056604
213 0.016981 0.701887 0.026415 0.135849
