133 0.005660 0.028302 0.003774 0.018868
134 0.031132 0.035849 0.016981 0.033962
135 0.050000 0.035849 0.016981 0.033962
136 0.065094 0.035849 0.009434 0.033962
137 0.096226 0.035849 0.018868 0.033962
138 0.116981 0.035849 0.015094 0.033962
139 0.137736 0.035849 0.018868 0.033962
140 0.156604 0.035849 0.015094 0.033962
141 0.175472 0.035849 0.015094 0.033962
142 0.193396 0.035849 0.016981 0.033962
143 0.024528 0.088679 0.018868 0.033962
144 0.043396 0.088679 0.015094 0.033962
145 0.068868 0.081132 0.005660 0.018868
146 0.080189 0.082075 0.005660 0.020755
147 0.090566 0.078302 0.007547 0.013208
148 0.114151 0.075472 0.009434 0.007547
149 0.133962 0.076415 0.003774 0.009434
150 0.147170 0.089623 0.011321 0.035849
151 0.178302 0.089623 0.020755 0.035849
152 0.216038 0.089623 0.020755 0.035849
153 0.024528 0.144340 0.018868 0.035849
154 0.060377 0.144340 0.018868 0.035849
155 0.095283 0.144340 0.020755 0.035849
156 0.128302 0.144340 0.018868 0.035849
157 0.162264 0.144340 0.018868 0.035849
158 0.196226 0.144340 0.018868 0.035849
159 0.220755 0.144340 0.022642 0.035849
160 0.238679 0.144340 0.009434 0.035849
161 0.258491 0.144340 0.018868 0.035849
162 0.281132 0.144340 0.022642 0.035849
163 0.010377 0.199057 0.013208 0.035849
164 0.038679 0.199057 0.032075 0.035849
165 0.067925 0.199057 0.022642 0.035849
166 0.095283 0.199057 0.020755 0.035849
167 0.120755 0.199057 0.018868 0.035849
168 0.157547 0.200000 0.020755 0.037736
169 0.183019 0.199057 0.018868 0.035849
170 0.206604 0.199057 0.016981 0.035849
171 0.237736 0.199057 0.018868 0.035849
172 0.264151 0.199057 0.022642 0.035849
173 0.016038 0.255660 0.020755 0.035849
174 0.056604 0.255660 0.030189 0.035849
175 0.097170 0.255660 0.024528 0.035849
176 0.124528 0.255660 0.018868 0.035849
177 0.149057 0.255660 0.022642 0.035849
178 0.171698 0.261321 0.011321 0.047170
179 0.195283 0.253774 0.005660 0.032075
180 0.218868 0.261321 0.011321 0.047170
181 0.243396 0.247170 0.007547 0.018868
182 0.266038 0.245283 0.026415 0.015094
183 0.002830 0.306604 0.001887 0.005660
184 0.025472 0.316981 0.016981 0.026415
185 0.044340 0.321698 0.016981 0.035849
186 0.072642 0.316981 0.013208 0.026415
187 0.090566 0.322642 0.018868 0.037736
188 0.110377 0.316981 0.013208 0.026415
189 0.137736 0.325472 0.015094 0.043396
190 0.158491 0.321698 0.018868 0.035849
191 0.180189 0.322642 0.016981 0.037736
192 0.196226 0.320755 0.007547 0.033962
193 0.020755 0.386792 0.011321 0.041509
194 0.047170 0.384906 0.015094 0.037736
195 0.065094 0.384906 0.009434 0.037736
196 0.099057 0.379245 0.028302 0.026415
197 0.138679 0.379245 0.016981 0.026415
198 0.167925 0.379245 0.015094 0.026415
199 0.186792 0.383962 0.018868 0.035849
200 0.221698 0.383962 0.016981 0.035849
201 0.241509 0.379245 0.015094 0.026415
202 0.268868 0.379245 0.013208 0.026415
203 0.019811 0.442453 0.009434 0.032075
204 0.048113 0.439623 0.016981 0.026415
205 0.066038 0.439623 0.015094 0.026415
206 0.087736 0.439623 0.024528 0.026415
207 0.114151 0.439623 0.016981 0.026415
208 0.150943 0.444340 0.022642 0.035849
209 0.185849 0.439623 0.016981 0.026415
210 0.215094 0.448113 0.011321 0.043396
211 0.225472 0.451887 0.001887 0.050943
212 0.233019 0.448113 0.009434 0.043396
213 0.019811 0.513208 0.005660 0.033962
