133 0.006604 0.033019 0.005660 0.028302
134 0.032075 0.042453 0.033962 0.047170
135 0.062264 0.037736 0.022642 0.037736
136 0.083962 0.037736 0.013208 0.037736
137 0.114151 0.037736 0.020755 0.037736
138 0.136792 0.037736 0.020755 0.037736
139 0.175472 0.038679 0.022642 0.039623
140 0.213208 0.038679 0.026415 0.039623
141 0.250943 0.038679 0.022642 0.039623
142 0.275472 0.039623 0.018868 0.041509
143 0.026415 0.103774 0.022642 0.037736
144 0.066038 0.104717 0.022642 0.039623
145 0.095283 0.096226 0.005660 0.022642
146 0.116038 0.100943 0.005660 0.032075
147 0.135849 0.098113 0.022642 0.026415
148 0.164151 0.088679 0.022642 0.007547
149 0.192453 0.098113 0.022642 0.026415
150 0.215094 0.102830 0.011321 0.035849
151 0.243396 0.103774 0.037736 0.037736
152 0.285849 0.102830 0.035849 0.035849
153 0.018868 0.162264 0.026415 0.037736
154 0.061321 0.162264 0.032075 0.037736
155 0.107547 0.162264 0.033962 0.037736
156 0.144340 0.162264 0.028302 0.037736
157 0.186792 0.162264 0.026415 0.037736
158 0.230189 0.162264 0.033962 0.037736
159 0.269811 0.162264 0.037736 0.037736
160 0.297170 0.162264 0.013208 0.037736
161 0.326415 0.164151 0.018868 0.041509
162 0.366981 0.162264 0.035849 0.037736
163 0.030189 0.222642 0.026415 0.037736
164 0.082075 0.222642 0.043396 0.037736
165 0.125472 0.222642 0.039623 0.037736
166 0.165094 0.222642 0.035849 0.037736
167 0.197170 0.222642 0.024528 0.037736
168 0.231132 0.227358 0.035849 0.047170
169 0.276415 0.222642 0.028302 0.037736
170 0.316038 0.222642 0.020755 0.037736
171 0.347170 0.222642 0.030189 0.037736
172 0.383962 0.222642 0.035849 0.037736
173 0.034906 0.287736 0.035849 0.035849
174 0.092453 0.288679 0.049057 0.037736
175 0.136792 0.288679 0.035849 0.037736
176 0.187736 0.288679 0.032075 0.037736
177 0.222642 0.288679 0.026415 0.037736
178 0.249057 0.292453 0.015094 0.045283
179 0.268868 0.292453 0.020755 0.045283
180 0.291509 0.292453 0.013208 0.045283
181 0.325472 0.292453 0.028302 0.045283
182 0.366981 0.277358 0.024528 0.015094
183 0.004717 0.345283 0.005660 0.022642
184 0.033962 0.345283 0.018868 0.022642
185 0.056604 0.353774 0.018868 0.039623
186 0.091509 0.345283 0.016981 0.022642
187 0.127358 0.353774 0.020755 0.039623
188 0.158491 0.345283 0.015094 0.022642
189 0.177358 0.357547 0.018868 0.047170
190 0.210377 0.350000 0.020755 0.032075
191 0.233019 0.353774 0.016981 0.039623
192 0.259434 0.350000 0.009434 0.032075
193 0.023585 0.420755 0.013208 0.041509
194 0.041509 0.419811 0.018868 0.039623
195 0.071698 0.419811 0.007547 0.039623
196 0.091509 0.411321 0.028302 0.022642
197 0.129245 0.411321 0.016981 0.022642
198 0.160377 0.411321 0.018868 0.022642
199 0.194340 0.419811 0.022642 0.039623
200 0.217925 0.416981 0.020755 0.033962
201 0.239623 0.411321 0.015094 0.022642
202 0.256604 0.411321 0.015094 0.022642
203 0.009434 0.473585 0.011321 0.026415
204 0.040566 0.471698 0.020755 0.022642
205 0.066038 0.471698 0.018868 0.022642
206 0.097170 0.471698 0.032075 0.022642
207 0.138679 0.471698 0.020755 0.022642
208 0.174528 0.476415 0.016981 0.032075
209 0.193396 0.474528 0.016981 0.028302
210 0.226415 0.483019 0.015094 0.045283
211 0.248113 0.483962 0.001887 0.047170
212 0.269811 0.483019 0.015094 0.045283
213 0.028302 0.537736 0.022642 0.022642
