133 0.020755 0.037736 0.007547 0.037736
134 0.053774 0.046226 0.024528 0.054717
135 0.096226 0.037736 0.026415 0.037736
136 0.127358 0.036792 0.009434 0.035849
137 0.160377 0.037736 0.022642 0.037736
138 0.184906 0.037736 0.022642 0.037736
139 0.222642 0.036792 0.026415 0.035849
140 0.265094 0.036792 0.024528 0.035849
141 0.304717 0.037736 0.024528 0.037736
142 0.334906 0.036792 0.028302 0.035849
143 0.016038 0.111321 0.024528 0.037736
144 0.044340 0.112264 0.024528 0.039623
145 0.062264 0.101887 0.007547 0.018868
146 0.073585 0.106604 0.011321 0.028302
147 0.096226 0.106604 0.030189 0.028302
148 0.128302 0.100943 0.030189 0.016981
149 0.171698 0.106604 0.030189 0.028302
150 0.208491 0.110377 0.016981 0.035849
151 0.255660 0.118868 0.050943 0.052830
152 0.313208 0.109434 0.030189 0.033962
153 0.023585 0.182075 0.020755 0.035849
154 0.052830 0.182075 0.030189 0.035849
155 0.083962 0.182075 0.028302 0.035849
156 0.111321 0.182075 0.018868 0.035849
157 0.132075 0.182075 0.018868 0.035849
158 0.166981 0.182075 0.039623 0.035849
159 0.201887 0.182075 0.026415 0.035849
160 0.218868 0.182075 0.003774 0.035849
161 0.241509 0.182075 0.015094 0.035849
162 0.274528 0.182075 0.024528 0.035849
163 0.021698 0.236792 0.016981 0.035849
164 0.051887 0.235849 0.039623 0.033962
165 0.088679 0.236792 0.030189 0.035849
166 0.125472 0.236792 0.039623 0.035849
167 0.156604 0.236792 0.018868 0.035849
168 0.202830 0.237736 0.039623 0.037736
169 0.248113 0.236792 0.020755 0.035849
170 0.287736 0.236792 0.024528 0.035849
171 0.323585 0.236792 0.020755 0.035849
172 0.350943 0.236792 0.026415 0.035849
173 0.016981 0.292453 0.030189 0.033962
174 0.060377 0.292453 0.052830 0.033962
175 0.103774 0.293396 0.026415 0.035849
176 0.143396 0.293396 0.026415 0.035849
177 0.172642 0.293396 0.024528 0.035849
178 0.193396 0.298113 0.009434 0.045283
179 0.226415 0.302830 0.026415 0.054717
180 0.246226 0.298113 0.009434 0.045283
181 0.266038 0.298113 0.022642 0.045283
182 0.293396 0.283019 0.028302 0.015094
183 0.016981 0.360377 0.007547 0.022642
184 0.033962 0.360377 0.022642 0.022642
185 0.059434 0.366981 0.024528 0.035849
186 0.084906 0.360377 0.018868 0.022642
187 0.120755 0.366981 0.022642 0.035849
188 0.161321 0.360377 0.024528 0.022642
189 0.184906 0.366981 0.015094 0.035849
190 0.219811 0.366038 0.024528 0.033962
191 0.257547 0.366981 0.020755 0.035849
192 0.273585 0.366038 0.007547 0.033962
193 0.005660 0.426415 0.007547 0.045283
194 0.022642 0.421698 0.018868 0.035849
195 0.036792 0.421698 0.005660 0.035849
196 0.071698 0.415094 0.030189 0.022642
197 0.112264 0.415094 0.020755 0.022642
198 0.138679 0.415094 0.024528 0.022642
199 0.178302 0.420755 0.024528 0.033962
200 0.216981 0.420755 0.022642 0.033962
201 0.251887 0.415094 0.013208 0.022642
202 0.271698 0.415094 0.015094 0.022642
203 0.009434 0.482075 0.011321 0.028302
204 0.040566 0.479245 0.020755 0.022642
205 0.078302 0.478302 0.020755 0.020755
206 0.122642 0.478302 0.033962 0.020755
207 0.168868 0.479245 0.024528 0.022642
208 0.208491 0.484906 0.024528 0.033962
209 0.246226 0.479245 0.020755 0.022642
210 0.281132 0.494340 0.015094 0.052830
211 0.296226 0.491509 0.003774 0.047170
212 0.320755 0.494340 0.015094 0.052830
213 0.030189 0.562264 0.030189 0.045283
