133 0.008491 0.033019 0.005660 0.028302
134 0.024528 0.035849 0.015094 0.033962
135 0.057547 0.032075 0.016981 0.026415
136 0.077358 0.032075 0.011321 0.026415
137 0.097170 0.032075 0.016981 0.026415
138 0.131132 0.033019 0.016981 0.028302
139 0.166038 0.032075 0.018868 0.026415
140 0.185849 0.032075 0.016981 0.026415
141 0.208491 0.032075 0.016981 0.026415
142 0.229245 0.031132 0.016981 0.024528
143 0.010377 0.084906 0.016981 0.026415
144 0.042453 0.085849 0.016981 0.028302
145 0.070755 0.079245 0.005660 0.015094
146 0.079245 0.083019 0.007547 0.022642
147 0.092453 0.079245 0.015094 0.015094
148 0.122642 0.076415 0.018868 0.009434
149 0.146226 0.080189 0.016981 0.016981
150 0.165094 0.084906 0.009434 0.026415
151 0.187736 0.087736 0.032075 0.032075
152 0.220755 0.084906 0.026415 0.026415
153 0.027358 0.135849 0.020755 0.026415
154 0.065094 0.135849 0.024528 0.026415
155 0.096226 0.135849 0.026415 0.026415
156 0.133019 0.135849 0.020755 0.026415
157 0.169811 0.135849 0.018868 0.026415
158 0.205660 0.135849 0.026415 0.026415
159 0.250000 0.135849 0.028302 0.026415
160 0.284906 0.135849 0.011321 0.026415
161 0.300943 0.140566 0.016981 0.035849
162 0.339623 0.135849 0.026415 0.026415
163 0.016038 0.190566 0.020755 0.026415
164 0.058491 0.190566 0.033962 0.026415
165 0.106604 0.190566 0.028302 0.026415
166 0.151887 0.190566 0.028302 0.026415
167 0.191509 0.190566 0.020755 0.026415
168 0.225472 0.195283 0.035849 0.035849
169 0.258491 0.190566 0.026415 0.026415
170 0.285849 0.190566 0.016981 0.026415
171 0.319811 0.190566 0.024528 0.026415
172 0.360377 0.190566 0.026415 0.026415
173 0.019811 0.245283 0.028302 0.026415
174 0.067925 0.245283 0.037736 0.026415
175 0.105660 0.245283 0.026415 0.026415
176 0.148113 0.245283 0.024528 0.026415
177 0.186792 0.245283 0.022642 0.026415
178 0.207547 0.251887 0.007547 0.039623
179 0.232075 0.249057 0.015094 0.033962
180 0.246226 0.251887 0.009434 0.039623
181 0.260377 0.247170 0.015094 0.030189
182 0.297170 0.239623 0.024528 0.015094
183 0.017925 0.299057 0.005660 0.016981
184 0.029245 0.299057 0.013208 0.016981
185 0.050943 0.304717 0.018868 0.028302
186 0.084906 0.299057 0.015094 0.016981
187 0.102830 0.304717 0.016981 0.028302
188 0.124528 0.299057 0.015094 0.016981
189 0.153774 0.304717 0.013208 0.028302
190 0.182075 0.304717 0.016981 0.028302
191 0.202830 0.304717 0.020755 0.028302
192 0.218868 0.302830 0.007547 0.024528
193 0.009434 0.355660 0.007547 0.035849
194 0.039623 0.351887 0.018868 0.028302
195 0.056604 0.351887 0.007547 0.028302
196 0.088679 0.346226 0.030189 0.016981
197 0.130189 0.346226 0.018868 0.016981
198 0.151887 0.346226 0.016981 0.016981
199 0.171698 0.351887 0.018868 0.028302
200 0.207547 0.351887 0.018868 0.028302
201 0.227358 0.346226 0.013208 0.016981
202 0.254717 0.346226 0.011321 0.016981
203 0.008491 0.403774 0.009434 0.022642
204 0.027358 0.400943 0.016981 0.016981
205 0.062264 0.400943 0.018868 0.016981
206 0.102830 0.400943 0.028302 0.016981
207 0.127358 0.400943 0.016981 0.016981
208 0.162264 0.405660 0.018868 0.026415
209 0.194340 0.400943 0.015094 0.016981
210 0.221698 0.412264 0.013208 0.039623
211 0.242453 0.414151 0.001887 0.043396
212 0.250943 0.412264 0.011321 0.039623
213 0.013208 0.471698 0.018868 0.033962
