133 0.003774 0.033019 0.003774 0.028302
134 0.031132 0.040566 0.024528 0.043396
135 0.064151 0.038679 0.033962 0.039623
136 0.094340 0.038679 0.015094 0.039623
137 0.116981 0.038679 0.026415 0.039623
138 0.143396 0.038679 0.022642 0.039623
139 0.182075 0.038679 0.028302 0.039623
140 0.208491 0.038679 0.020755 0.039623
141 0.247170 0.039623 0.022642 0.041509
142 0.283962 0.039623 0.024528 0.041509
143 0.025472 0.100943 0.024528 0.039623
144 0.063208 0.101887 0.024528 0.041509
145 0.090566 0.091509 0.003774 0.020755
146 0.097170 0.094340 0.005660 0.026415
147 0.107547 0.091509 0.011321 0.020755
148 0.140566 0.087736 0.020755 0.013208
149 0.171698 0.091509 0.011321 0.020755
150 0.186792 0.101887 0.011321 0.041509
151 0.216981 0.100943 0.045283 0.039623
152 0.274528 0.101887 0.039623 0.041509
153 0.025472 0.161321 0.020755 0.039623
154 0.064151 0.162264 0.030189 0.041509
155 0.095283 0.162264 0.028302 0.041509
156 0.135849 0.161321 0.022642 0.039623
157 0.164151 0.161321 0.022642 0.039623
158 0.205660 0.161321 0.033962 0.039623
159 0.242453 0.162264 0.032075 0.041509
160 0.265094 0.160377 0.005660 0.037736
161 0.289623 0.162264 0.016981 0.041509
162 0.315094 0.161321 0.030189 0.039623
163 0.015094 0.221698 0.022642 0.039623
164 0.065094 0.221698 0.043396 0.039623
165 0.106604 0.221698 0.035849 0.039623
166 0.150000 0.221698 0.039623 0.039623
167 0.186792 0.221698 0.022642 0.039623
168 0.231132 0.221698 0.039623 0.039623
169 0.270755 0.221698 0.028302 0.039623
170 0.296226 0.221698 0.018868 0.039623
171 0.335849 0.221698 0.030189 0.039623
172 0.384906 0.221698 0.033962 0.039623
173 0.030189 0.280189 0.033962 0.039623
174 0.085849 0.280189 0.050943 0.039623
175 0.142453 0.280189 0.032075 0.039623
176 0.186792 0.280189 0.030189 0.039623
177 0.219811 0.280189 0.032075 0.039623
178 0.243396 0.283019 0.007547 0.045283
179 0.272642 0.282075 0.016981 0.043396
180 0.288679 0.283019 0.011321 0.045283
181 0.324528 0.275472 0.030189 0.030189
182 0.366981 0.275472 0.028302 0.030189
183 0.022642 0.335849 0.015094 0.022642
184 0.056604 0.341509 0.018868 0.033962
185 0.083019 0.347170 0.022642 0.045283
186 0.121698 0.337736 0.020755 0.026415
187 0.145283 0.350000 0.022642 0.050943
188 0.172642 0.337736 0.020755 0.026415
189 0.198113 0.350943 0.022642 0.052830
190 0.224528 0.348113 0.022642 0.047170
191 0.263208 0.348113 0.020755 0.047170
192 0.289623 0.342453 0.005660 0.035849
193 0.004717 0.422642 0.005660 0.052830
194 0.020755 0.417925 0.022642 0.043396
195 0.050943 0.419811 0.003774 0.047170
196 0.084906 0.411321 0.037736 0.030189
197 0.129245 0.410377 0.020755 0.028302
198 0.157547 0.409434 0.028302 0.026415
199 0.199057 0.418868 0.024528 0.045283
200 0.238679 0.420755 0.024528 0.049057
201 0.259434 0.410377 0.013208 0.028302
202 0.290566 0.409434 0.015094 0.026415
203 0.011321 0.487736 0.018868 0.039623
204 0.048113 0.481132 0.020755 0.026415
205 0.083962 0.481132 0.024528 0.026415
206 0.116981 0.481132 0.033962 0.026415
207 0.149057 0.481132 0.022642 0.026415
208 0.187736 0.489623 0.024528 0.043396
209 0.224528 0.482075 0.022642 0.028302
210 0.248113 0.490566 0.013208 0.045283
211 0.269811 0.492453 0.003774 0.049057
212 0.294340 0.490566 0.015094 0.045283
213 0.023585 0.558491 0.035849 0.045283
