133 0.020755 0.037736 0.007547 0.037736
134 0.035849 0.038679 0.015094 0.039623
135 0.060377 0.038679 0.026415 0.039623
136 0.081132 0.038679 0.007547 0.039623
137 0.099057 0.038679 0.024528 0.039623
138 0.124528 0.038679 0.022642 0.039623
139 0.150943 0.038679 0.026415 0.039623
140 0.190566 0.038679 0.022642 0.039623
141 0.220755 0.038679 0.026415 0.039623
142 0.261321 0.038679 0.024528 0.039623
143 0.027358 0.097170 0.024528 0.039623
144 0.053774 0.097170 0.024528 0.039623
145 0.073585 0.090566 0.007547 0.026415
146 0.088679 0.095283 0.011321 0.035849
147 0.122642 0.093396 0.026415 0.032075
148 0.165094 0.087736 0.028302 0.020755
149 0.195283 0.091509 0.028302 0.028302
150 0.219811 0.097170 0.016981 0.039623
151 0.256604 0.103774 0.052830 0.052830
152 0.308491 0.097170 0.043396 0.039623
153 0.029245 0.168868 0.032075 0.039623
154 0.078302 0.168868 0.035849 0.039623
155 0.128302 0.168868 0.037736 0.039623
156 0.176415 0.168868 0.028302 0.039623
157 0.207547 0.168868 0.026415 0.039623
158 0.256604 0.168868 0.037736 0.039623
159 0.312264 0.168868 0.039623 0.039623
160 0.349057 0.168868 0.007547 0.039623
161 0.365094 0.173585 0.016981 0.049057
162 0.404717 0.168868 0.035849 0.039623
163 0.028302 0.236792 0.030189 0.039623
164 0.066038 0.236792 0.041509 0.039623
165 0.119811 0.236792 0.039623 0.039623
166 0.166981 0.236792 0.043396 0.039623
167 0.204717 0.236792 0.028302 0.039623
168 0.253774 0.241509 0.043396 0.049057
169 0.309434 0.236792 0.033962 0.039623
170 0.342453 0.236792 0.028302 0.039623
171 0.392453 0.236792 0.037736 0.039623
172 0.435849 0.236792 0.037736 0.039623
173 0.021698 0.304717 0.039623 0.039623
174 0.076415 0.304717 0.066038 0.039623
175 0.148113 0.304717 0.043396 0.039623
176 0.206604 0.304717 0.039623 0.039623
177 0.248113 0.304717 0.035849 0.039623
178 0.291509 0.311321 0.016981 0.052830
179 0.309434 0.304717 0.015094 0.039623
180 0.332075 0.311321 0.018868 0.052830
181 0.357547 0.307547 0.024528 0.045283
182 0.400943 0.292453 0.028302 0.015094
183 0.018868 0.367925 0.011321 0.022642
184 0.044340 0.369811 0.028302 0.026415
185 0.073585 0.376415 0.026415 0.039623
186 0.114151 0.369811 0.024528 0.026415
187 0.153774 0.376415 0.028302 0.039623
188 0.196226 0.369811 0.026415 0.026415
189 0.222642 0.376415 0.018868 0.039623
190 0.263208 0.376415 0.028302 0.039623
191 0.296226 0.376415 0.026415 0.039623
192 0.318868 0.376415 0.007547 0.039623
193 0.009434 0.441509 0.011321 0.052830
194 0.043396 0.434906 0.026415 0.039623
195 0.073585 0.434906 0.007547 0.039623
196 0.117925 0.428302 0.047170 0.026415
197 0.169811 0.428302 0.026415 0.026415
198 0.213208 0.428302 0.030189 0.026415
199 0.247170 0.434906 0.026415 0.039623
200 0.276415 0.434906 0.028302 0.039623
201 0.317925 0.428302 0.020755 0.026415
202 0.355660 0.428302 0.020755 0.026415
203 0.015094 0.503774 0.022642 0.033962
204 0.052830 0.500000 0.026415 0.026415
205 0.082075 0.500000 0.028302 0.026415
206 0.121698 0.500000 0.043396 0.026415
207 0.159434 0.500000 0.028302 0.026415
208 0.200943 0.506604 0.028302 0.039623
209 0.243396 0.500000 0.026415 0.026415
210 0.267925 0.513208 0.018868 0.052830
211 0.295283 0.513208 0.005660 0.052830
212 0.309434 0.513208 0.018868 0.052830
213 0.018868 0.592453 0.030189 0.067925
