133 0.016981 0.042453 0.007547 0.047170
134 0.038679 0.045283 0.024528 0.052830
135 0.076415 0.037736 0.024528 0.037736
136 0.113208 0.037736 0.022642 0.037736
137 0.140566 0.037736 0.024528 0.037736
138 0.168868 0.037736 0.024528 0.037736
139 0.198113 0.037736 0.026415 0.037736
140 0.229245 0.037736 0.024528 0.037736
141 0.270755 0.037736 0.024528 0.037736
142 0.309434 0.037736 0.026415 0.037736
143 0.016038 0.109434 0.024528 0.037736
144 0.044340 0.109434 0.024528 0.037736
145 0.062264 0.103774 0.007547 0.026415
146 0.074528 0.108491 0.013208 0.035849
147 0.109434 0.104717 0.026415 0.028302
148 0.141509 0.099057 0.026415 0.016981
149 0.171698 0.104717 0.026415 0.028302
150 0.197170 0.109434 0.020755 0.037736
151 0.243396 0.109434 0.037736 0.037736
152 0.296226 0.109434 0.041509 0.037736
153 0.017925 0.166038 0.032075 0.037736
154 0.067925 0.166038 0.037736 0.037736
155 0.125472 0.166038 0.043396 0.037736
156 0.166038 0.166038 0.030189 0.037736
157 0.208491 0.166038 0.028302 0.037736
158 0.257547 0.166038 0.039623 0.037736
159 0.314151 0.166038 0.043396 0.037736
160 0.360377 0.166038 0.018868 0.037736
161 0.383962 0.171698 0.020755 0.049057
162 0.420755 0.166038 0.041509 0.037736
163 0.020755 0.233962 0.030189 0.037736
164 0.075472 0.233962 0.052830 0.037736
165 0.136792 0.233962 0.043396 0.037736
166 0.182075 0.233962 0.043396 0.037736
167 0.234906 0.233962 0.032075 0.037736
168 0.286792 0.239623 0.045283 0.049057
169 0.333962 0.233962 0.037736 0.037736
170 0.370755 0.233962 0.028302 0.037736
171 0.405660 0.233962 0.033962 0.037736
172 0.460377 0.233962 0.041509 0.037736
173 0.026415 0.301887 0.041509 0.037736
174 0.079245 0.301887 0.056604 0.037736
175 0.139623 0.301887 0.033962 0.037736
176 0.189623 0.301887 0.035849 0.037736
177 0.241509 0.301887 0.033962 0.037736
178 0.268868 0.308491 0.013208 0.050943
179 0.302830 0.309434 0.028302 0.052830
180 0.340566 0.308491 0.013208 0.050943
181 0.375472 0.305660 0.026415 0.045283
182 0.417925 0.298113 0.028302 0.030189
183 0.009434 0.368868 0.011321 0.028302
184 0.042453 0.367925 0.024528 0.026415
185 0.071698 0.375472 0.030189 0.041509
186 0.099057 0.367925 0.020755 0.026415
187 0.141509 0.375472 0.030189 0.041509
188 0.182075 0.367925 0.024528 0.026415
189 0.221698 0.375472 0.020755 0.041509
190 0.250000 0.375472 0.028302 0.041509
191 0.282075 0.375472 0.032075 0.041509
192 0.309434 0.374528 0.015094 0.039623
193 0.008491 0.442453 0.013208 0.054717
194 0.036792 0.435849 0.032075 0.041509
195 0.075472 0.435849 0.015094 0.041509
196 0.108491 0.428302 0.047170 0.026415
197 0.163208 0.428302 0.032075 0.026415
198 0.194340 0.428302 0.026415 0.026415
199 0.235849 0.435849 0.030189 0.041509
200 0.267925 0.435849 0.030189 0.041509
201 0.295283 0.428302 0.020755 0.026415
202 0.319811 0.428302 0.020755 0.026415
203 0.012264 0.506604 0.016981 0.035849
204 0.050943 0.501887 0.030189 0.026415
205 0.084906 0.501887 0.030189 0.026415
206 0.126415 0.501887 0.045283 0.026415
207 0.180189 0.501887 0.028302 0.026415
208 0.213208 0.509434 0.030189 0.041509
209 0.242453 0.501887 0.024528 0.026415
210 0.275472 0.516038 0.011321 0.054717
211 0.284906 0.515094 0.003774 0.052830
212 0.305660 0.516038 0.011321 0.054717
213 0.028302 0.590566 0.030189 0.056604
