33 0.009434 0.034906 0.011321 0.032075
34 0.024528 0.034906 0.011321 0.032075
35 0.052830 0.034906 0.011321 0.032075
36 0.067925 0.034906 0.011321 0.032075
37 0.081132 0.034906 0.011321 0.032075
38 0.109434 0.034906 0.011321 0.032075
39 0.124528 0.034906 0.011321 0.032075
40 0.149057 0.034906 0.011321 0.032075
41 0.162264 0.034906 0.011321 0.032075
42 0.188679 0.034906 0.011321 0.032075
43 0.011321 0.085849 0.011321 0.032075
44 0.035849 0.085849 0.011321 0.032075
45 0.050943 0.085849 0.011321 0.032075
46 0.067925 0.085849 0.011321 0.032075
47 0.096226 0.085849 0.011321 0.032075
48 0.111321 0.085849 0.011321 0.032075
49 0.135849 0.085849 0.011321 0.032075
50 0.149057 0.085849 0.011321 0.032075
51 0.162264 0.085849 0.011321 0.032075
52 0.175472 0.085849 0.011321 0.032075
53 0.022642 0.136792 0.011321 0.032075
54 0.047170 0.136792 0.011321 0.032075
55 0.064151 0.136792 0.011321 0.032075
56 0.090566 0.136792 0.011321 0.032075
57 0.116981 0.136792 0.011321 0.032075
58 0.143396 0.136792 0.011321 0.032075
59 0.171698 0.136792 0.011321 0.032075
60 0.188679 0.136792 0.011321 0.032075
61 0.205660 0.136792 0.011321 0.032075
62 0.222642 0.136792 0.011321 0.032075
63 0.020755 0.187736 0.011321 0.032075
64 0.049057 0.187736 0.011321 0.032075
65 0.075472 0.187736 0.011321 0.032075
66 0.101887 0.187736 0.011321 0.032075
67 0.128302 0.187736 0.011321 0.032075
68 0.141509 0.187736 0.011321 0.032075
69 0.158491 0.187736 0.011321 0.032075
70 0.175472 0.187736 0.011321 0.032075
71 0.188679 0.187736 0.011321 0.032075
72 0.203774 0.187736 0.011321 0.032075
73 0.022642 0.238679 0.011321 0.032075
74 0.035849 0.238679 0.011321 0.032075
75 0.064151 0.238679 0.011321 0.032075
76 0.092453 0.238679 0.011321 0.032075
77 0.107547 0.238679 0.011321 0.032075
78 0.135849 0.238679 0.011321 0.032075
79 0.160377 0.238679 0.011321 0.032075
80 0.173585 0.238679 0.011321 0.032075
81 0.190566 0.238679 0.011321 0.032075
82 0.203774 0.238679 0.011321 0.032075
83 0.009434 0.289623 0.011321 0.032075
84 0.024528 0.289623 0.011321 0.032075
85 0.037736 0.289623 0.011321 0.032075
86 0.066038 0.289623 0.011321 0.032075
87 0.084906 0.273585 0.000000 0.000000
88 0.088679 0.273585 0.000000 0.000000
89 0.101887 0.273585 0.000000 0.000000
90 0.105660 0.273585 0.000000 0.000000
91 0.111321 0.273585 0.000000 0.000000
92 0.124528 0.273585 0.000000 0.000000
93 0.013208 0.324528 0.000000 0.000000
94 0.018868 0.324528 0.000000 0.000000
95 0.035849 0.324528 0.000000 0.000000
96 0.050943 0.324528 0.000000 0.000000
97 0.064151 0.324528 0.000000 0.000000
98 0.077358 0.324528 0.000000 0.000000
99 0.079245 0.324528 0.000000 0.000000
100 0.081132 0.324528 0.000000 0.000000
101 0.096226 0.324528 0.000000 0.000000
102 0.100000 0.324528 0.000000 0.000000
103 0.015094 0.343396 0.000000 0.000000
104 0.028302 0.343396 0.000000 0.000000
105 0.041509 0.343396 0.000000 0.000000
106 0.058491 0.343396 0.000000 0.000000
107 0.060377 0.343396 0.000000 0.000000
108 0.062264 0.343396 0.000000 0.000000
109 0.077358 0.343396 0.000000 0.000000
110 0.079245 0.343396 0.000000 0.000000
111 0.084906 0.343396 0.000000 0.000000
112 0.090566 0.343396 0.000000 0.000000
113 0.016981 0.362264 0.000000 0.000000
114 0.020755 0.362264 0.000000 0.000000
115 0.037736 0.362264 0.000000 0.000000
116 0.050943 0.362264 0.000000 0.000000
117 0.052830 0.362264 0.000000 0.000000
118 0.066038 0.362264 0.000000 0.000000
119 0.079245 0.362264 0.000000 0.000000
120 0.094340 0.374528 0.003774 0.024528
121 0.107547 0.376415 0.011321 0.028302
122 0.135849 0.374528 0.018868 0.024528
123 0.011321 0.421698 0.015094 0.024528
124 0.034906 0.421698 0.028302 0.024528
125 0.064151 0.421698 0.026415 0.024528
126 0.092453 0.423585 0.003774 0.028302
127 0.104717 0.424528 0.009434 0.030189
128 0.129245 0.423585 0.009434 0.028302
129 0.143396 0.416981 0.011321 0.015094
130 0.176415 0.419811 0.020755 0.020755
131 0.191509 0.423585 0.005660 0.028302
132 0.212264 0.420755 0.009434 0.022642
