133 0.018868 0.037736 0.007547 0.037736
134 0.045283 0.038679 0.018868 0.039623
135 0.073585 0.038679 0.026415 0.039623
136 0.099057 0.038679 0.013208 0.039623
137 0.121698 0.038679 0.024528 0.039623
138 0.149057 0.038679 0.022642 0.039623
139 0.178302 0.038679 0.028302 0.039623
140 0.218868 0.038679 0.022642 0.039623
141 0.259434 0.038679 0.024528 0.039623
142 0.300000 0.038679 0.026415 0.039623
143 0.017925 0.097170 0.024528 0.039623
144 0.046226 0.097170 0.024528 0.039623
145 0.064151 0.092453 0.007547 0.030189
146 0.075472 0.097170 0.007547 0.039623
147 0.106604 0.088679 0.020755 0.022642
148 0.145283 0.083962 0.022642 0.013208
149 0.183962 0.088679 0.020755 0.022642
150 0.216038 0.097170 0.016981 0.039623
151 0.247170 0.097170 0.037736 0.039623
152 0.297170 0.097170 0.032075 0.039623
153 0.028302 0.155660 0.026415 0.039623
154 0.068868 0.155660 0.028302 0.039623
155 0.110377 0.155660 0.028302 0.039623
156 0.142453 0.155660 0.024528 0.039623
157 0.170755 0.155660 0.024528 0.039623
158 0.212264 0.155660 0.032075 0.039623
159 0.248113 0.155660 0.028302 0.039623
160 0.270755 0.155660 0.005660 0.039623
161 0.299057 0.155660 0.020755 0.039623
162 0.338679 0.155660 0.028302 0.039623
163 0.016038 0.214151 0.024528 0.039623
164 0.063208 0.214151 0.039623 0.039623
165 0.112264 0.214151 0.028302 0.039623
166 0.158491 0.214151 0.033962 0.039623
167 0.189623 0.214151 0.024528 0.039623
168 0.225472 0.218868 0.039623 0.049057
169 0.263208 0.214151 0.028302 0.039623
170 0.305660 0.214151 0.022642 0.039623
171 0.348113 0.214151 0.032075 0.039623
172 0.382075 0.214151 0.028302 0.039623
173 0.017925 0.282075 0.032075 0.039623
174 0.063208 0.282075 0.047170 0.039623
175 0.117925 0.282075 0.028302 0.039623
176 0.162264 0.282075 0.030189 0.039623
177 0.202830 0.282075 0.024528 0.039623
178 0.223585 0.288679 0.013208 0.052830
179 0.253774 0.282075 0.016981 0.039623
180 0.274528 0.288679 0.013208 0.052830
181 0.303774 0.277358 0.018868 0.030189
182 0.330189 0.277358 0.030189 0.030189
183 0.010377 0.348113 0.009434 0.028302
184 0.040566 0.349057 0.024528 0.030189
185 0.070755 0.354717 0.024528 0.041509
186 0.100943 0.349057 0.024528 0.030189
187 0.130189 0.354717 0.026415 0.041509
188 0.158491 0.349057 0.026415 0.030189
189 0.186792 0.354717 0.018868 0.041509
190 0.212264 0.355660 0.024528 0.043396
191 0.252830 0.354717 0.022642 0.041509
192 0.283962 0.353774 0.009434 0.039623
193 0.013208 0.421698 0.015094 0.050943
194 0.038679 0.416981 0.024528 0.041509
195 0.071698 0.416981 0.011321 0.041509
196 0.114151 0.411321 0.039623 0.030189
197 0.147170 0.411321 0.022642 0.030189
198 0.184906 0.411321 0.026415 0.030189
199 0.215094 0.416981 0.026415 0.041509
200 0.245283 0.416981 0.026415 0.041509
201 0.272642 0.411321 0.016981 0.030189
202 0.294340 0.411321 0.018868 0.030189
203 0.013208 0.484906 0.018868 0.037736
204 0.035849 0.481132 0.022642 0.030189
205 0.077358 0.481132 0.026415 0.030189
206 0.113208 0.481132 0.041509 0.030189
207 0.163208 0.481132 0.024528 0.030189
208 0.205660 0.486792 0.026415 0.041509
209 0.233019 0.481132 0.024528 0.030189
210 0.270755 0.491509 0.016981 0.050943
211 0.286792 0.489623 0.003774 0.047170
212 0.300943 0.491509 0.016981 0.050943
213 0.011321 0.552830 0.018868 0.033962
