133 0.018868 0.028302 0.003774 0.018868
134 0.042453 0.036792 0.013208 0.035849
135 0.063208 0.035849 0.016981 0.033962
136 0.088679 0.034906 0.007547 0.032075
137 0.116981 0.035849 0.015094 0.033962
138 0.136792 0.035849 0.013208 0.033962
139 0.153774 0.035849 0.016981 0.033962
140 0.184906 0.035849 0.015094 0.033962
141 0.214151 0.035849 0.016981 0.033962
142 0.248113 0.035849 0.016981 0.033962
143 0.014151 0.090566 0.016981 0.033962
144 0.033019 0.090566 0.016981 0.033962
145 0.047170 0.083019 0.003774 0.018868
146 0.067925 0.084906 0.003774 0.022642
147 0.089623 0.079245 0.005660 0.011321
148 0.100000 0.077358 0.011321 0.007547
149 0.110377 0.080189 0.005660 0.013208
150 0.121698 0.091509 0.009434 0.035849
151 0.154717 0.091509 0.022642 0.035849
152 0.194340 0.091509 0.022642 0.035849
153 0.022642 0.146226 0.018868 0.035849
154 0.055660 0.146226 0.016981 0.035849
155 0.076415 0.146226 0.020755 0.035849
156 0.109434 0.146226 0.015094 0.035849
157 0.139623 0.146226 0.015094 0.035849
158 0.158491 0.146226 0.018868 0.035849
159 0.183962 0.146226 0.020755 0.035849
160 0.214151 0.146226 0.005660 0.035849
161 0.228302 0.146226 0.015094 0.035849
162 0.248113 0.146226 0.020755 0.035849
163 0.024528 0.200943 0.015094 0.035849
164 0.052830 0.200943 0.030189 0.035849
165 0.091509 0.200943 0.020755 0.035849
166 0.127358 0.200943 0.020755 0.035849
167 0.160377 0.200943 0.018868 0.035849
168 0.195283 0.201887 0.020755 0.037736
169 0.219811 0.200943 0.020755 0.035849
170 0.239623 0.200943 0.015094 0.035849
171 0.259434 0.200943 0.020755 0.035849
172 0.282075 0.200943 0.020755 0.035849
173 0.014151 0.257547 0.020755 0.035849
174 0.044340 0.257547 0.032075 0.035849
175 0.075472 0.257547 0.022642 0.035849
176 0.115094 0.257547 0.022642 0.035849
177 0.137736 0.257547 0.018868 0.035849
178 0.166038 0.263208 0.003774 0.047170
179 0.188679 0.256604 0.015094 0.033962
180 0.211321 0.263208 0.003774 0.047170
181 0.234906 0.249057 0.009434 0.018868
182 0.257547 0.247170 0.028302 0.015094
183 0.003774 0.314151 0.003774 0.016981
184 0.016981 0.318868 0.015094 0.026415
185 0.034906 0.324528 0.016981 0.037736
186 0.053774 0.318868 0.013208 0.026415
187 0.083962 0.324528 0.016981 0.037736
188 0.116981 0.318868 0.015094 0.026415
189 0.133019 0.324528 0.013208 0.037736
190 0.153774 0.323585 0.020755 0.035849
191 0.175472 0.324528 0.018868 0.037736
192 0.190566 0.322642 0.003774 0.033962
193 0.008491 0.383962 0.013208 0.043396
194 0.026415 0.381132 0.018868 0.037736
195 0.042453 0.381132 0.005660 0.037736
196 0.061321 0.375472 0.028302 0.026415
197 0.085849 0.375472 0.016981 0.026415
198 0.108491 0.375472 0.016981 0.026415
199 0.140566 0.380189 0.016981 0.035849
200 0.159434 0.380189 0.016981 0.035849
201 0.191509 0.375472 0.013208 0.026415
202 0.209434 0.375472 0.011321 0.026415
203 0.020755 0.440566 0.011321 0.032075
204 0.051887 0.437736 0.016981 0.026415
205 0.083019 0.437736 0.018868 0.026415
206 0.110377 0.437736 0.028302 0.026415
207 0.150943 0.437736 0.018868 0.026415
208 0.186792 0.442453 0.018868 0.035849
209 0.207547 0.437736 0.015094 0.026415
210 0.235849 0.447170 0.007547 0.045283
211 0.246226 0.452830 0.001887 0.056604
212 0.266038 0.447170 0.007547 0.045283
213 0.005660 0.516981 0.007547 0.033962
