133 0.010377 0.042453 0.009434 0.047170
134 0.046226 0.044340 0.032075 0.050943
135 0.082075 0.037736 0.032075 0.037736
136 0.111321 0.037736 0.018868 0.037736
137 0.140566 0.037736 0.032075 0.037736
138 0.177358 0.037736 0.030189 0.037736
139 0.210377 0.037736 0.032075 0.037736
140 0.254717 0.037736 0.030189 0.037736
141 0.300943 0.037736 0.032075 0.037736
142 0.347170 0.037736 0.030189 0.037736
143 0.029245 0.107547 0.032075 0.037736
144 0.065094 0.107547 0.032075 0.037736
145 0.087736 0.102830 0.009434 0.028302
146 0.115094 0.105660 0.015094 0.033962
147 0.148113 0.106604 0.024528 0.035849
148 0.191509 0.098113 0.032075 0.018868
149 0.236792 0.106604 0.024528 0.035849
150 0.277358 0.107547 0.026415 0.037736
151 0.317925 0.107547 0.043396 0.037736
152 0.380189 0.107547 0.047170 0.037736
153 0.018868 0.164151 0.033962 0.037736
154 0.056604 0.164151 0.033962 0.037736
155 0.098113 0.164151 0.037736 0.037736
156 0.148113 0.164151 0.032075 0.037736
157 0.183019 0.164151 0.030189 0.037736
158 0.219811 0.164151 0.039623 0.037736
159 0.272642 0.164151 0.039623 0.037736
160 0.300943 0.164151 0.013208 0.037736
161 0.325472 0.164151 0.028302 0.037736
162 0.371698 0.164151 0.037736 0.037736
163 0.018868 0.220755 0.030189 0.037736
164 0.061321 0.220755 0.047170 0.037736
165 0.108491 0.220755 0.039623 0.037736
166 0.154717 0.220755 0.045283 0.037736
167 0.206604 0.220755 0.032075 0.037736
168 0.260377 0.220755 0.045283 0.037736
169 0.305660 0.220755 0.033962 0.037736
170 0.341509 0.220755 0.026415 0.037736
171 0.375472 0.220755 0.033962 0.037736
172 0.416981 0.220755 0.037736 0.037736
173 0.024528 0.277358 0.045283 0.037736
174 0.082075 0.277358 0.058491 0.037736
175 0.149057 0.277358 0.041509 0.037736
176 0.190566 0.277358 0.037736 0.037736
177 0.232075 0.277358 0.033962 0.037736
178 0.261321 0.283962 0.016981 0.050943
179 0.298113 0.283962 0.026415 0.050943
180 0.321698 0.283962 0.016981 0.050943
181 0.357547 0.277358 0.024528 0.037736
182 0.387736 0.281132 0.028302 0.045283
183 0.018868 0.336792 0.011321 0.016981
184 0.052830 0.342453 0.030189 0.028302
185 0.088679 0.347170 0.033962 0.037736
186 0.121698 0.342453 0.024528 0.028302
187 0.166038 0.347170 0.033962 0.037736
188 0.203774 0.342453 0.030189 0.028302
189 0.244340 0.348113 0.020755 0.039623
190 0.285849 0.349057 0.032075 0.041509
191 0.320755 0.347170 0.033962 0.037736
192 0.348113 0.347170 0.013208 0.037736
193 0.023585 0.414151 0.020755 0.050943
194 0.053774 0.407547 0.032075 0.037736
195 0.080189 0.407547 0.013208 0.037736
196 0.112264 0.402830 0.047170 0.028302
197 0.169811 0.402830 0.033962 0.028302
198 0.206604 0.402830 0.032075 0.028302
199 0.254717 0.409434 0.033962 0.041509
200 0.304717 0.409434 0.032075 0.041509
201 0.334906 0.402830 0.020755 0.028302
202 0.358491 0.402830 0.022642 0.028302
203 0.023585 0.476415 0.020755 0.035849
204 0.052830 0.472642 0.030189 0.028302
205 0.087736 0.472642 0.032075 0.028302
206 0.145283 0.472642 0.049057 0.028302
207 0.201887 0.472642 0.033962 0.028302
208 0.241509 0.479245 0.033962 0.041509
209 0.272642 0.472642 0.024528 0.028302
210 0.298113 0.483962 0.018868 0.050943
211 0.325472 0.482075 0.009434 0.047170
212 0.354717 0.483962 0.018868 0.050943
213 0.015094 0.567925 0.026415 0.079245
