133 0.006604 0.042453 0.009434 0.047170
134 0.033962 0.045283 0.041509 0.052830
135 0.086792 0.040566 0.033962 0.043396
136 0.133019 0.040566 0.028302 0.043396
137 0.177358 0.041509 0.030189 0.045283
138 0.219811 0.039623 0.028302 0.041509
139 0.254717 0.039623 0.033962 0.041509
140 0.290566 0.039623 0.033962 0.041509
141 0.325472 0.040566 0.032075 0.043396
142 0.359434 0.041509 0.028302 0.045283
143 0.016981 0.112264 0.030189 0.043396
144 0.052830 0.112264 0.030189 0.043396
145 0.076415 0.103774 0.013208 0.026415
146 0.108491 0.107547 0.016981 0.033962
147 0.132075 0.102830 0.022642 0.024528
148 0.171698 0.099057 0.026415 0.016981
149 0.216981 0.100943 0.030189 0.020755
150 0.258491 0.114151 0.026415 0.047170
151 0.304717 0.108491 0.032075 0.035849
152 0.351887 0.113208 0.035849 0.045283
153 0.020755 0.179245 0.037736 0.045283
154 0.073585 0.179245 0.033962 0.045283
155 0.122642 0.179245 0.037736 0.045283
156 0.174528 0.180189 0.035849 0.047170
157 0.215094 0.179245 0.033962 0.045283
158 0.266038 0.179245 0.033962 0.045283
159 0.309434 0.179245 0.041509 0.045283
160 0.356604 0.178302 0.018868 0.043396
161 0.396226 0.181132 0.033962 0.049057
162 0.450000 0.179245 0.043396 0.045283
163 0.015094 0.247170 0.022642 0.045283
164 0.069811 0.247170 0.052830 0.045283
165 0.132075 0.247170 0.041509 0.045283
166 0.173585 0.247170 0.037736 0.045283
167 0.223585 0.247170 0.035849 0.045283
168 0.275472 0.251887 0.041509 0.054717
169 0.317925 0.247170 0.035849 0.045283
170 0.369811 0.247170 0.037736 0.045283
171 0.421698 0.247170 0.032075 0.045283
172 0.470755 0.247170 0.035849 0.045283
173 0.031132 0.320755 0.032075 0.045283
174 0.089623 0.320755 0.050943 0.045283
175 0.139623 0.320755 0.037736 0.045283
176 0.180189 0.320755 0.032075 0.045283
177 0.235849 0.323585 0.049057 0.050943
178 0.290566 0.323585 0.030189 0.050943
179 0.320755 0.324528 0.018868 0.052830
180 0.350943 0.323585 0.030189 0.050943
181 0.378302 0.313208 0.013208 0.030189
182 0.414151 0.328302 0.028302 0.060377
183 0.011321 0.394340 0.011321 0.033962
184 0.033962 0.390566 0.022642 0.026415
185 0.063208 0.400943 0.024528 0.047170
186 0.087736 0.391509 0.020755 0.028302
187 0.126415 0.400943 0.022642 0.047170
188 0.160377 0.391509 0.018868 0.028302
189 0.200000 0.405660 0.030189 0.056604
190 0.248113 0.400943 0.032075 0.047170
191 0.282075 0.400943 0.028302 0.047170
192 0.309434 0.396226 0.018868 0.037736
193 0.022642 0.483962 0.033962 0.062264
194 0.053774 0.479245 0.024528 0.052830
195 0.079245 0.478302 0.022642 0.050943
196 0.125472 0.466981 0.039623 0.028302
197 0.175472 0.466981 0.030189 0.028302
198 0.216981 0.466981 0.022642 0.028302
199 0.250000 0.478302 0.032075 0.050943
200 0.280189 0.476415 0.024528 0.047170
201 0.309434 0.466981 0.022642 0.028302
202 0.333962 0.469811 0.022642 0.033962
203 0.023585 0.551887 0.016981 0.035849
204 0.058491 0.548113 0.026415 0.028302
205 0.085849 0.548113 0.024528 0.028302
206 0.121698 0.548113 0.035849 0.028302
207 0.156604 0.548113 0.026415 0.028302
208 0.202830 0.557547 0.035849 0.047170
209 0.246226 0.548113 0.024528 0.028302
210 0.270755 0.560377 0.020755 0.052830
211 0.293396 0.560377 0.020755 0.052830
212 0.328302 0.560377 0.018868 0.052830
213 0.011321 0.622642 0.018868 0.033962
