133 0.019811 0.042453 0.009434 0.047170
134 0.055660 0.039623 0.028302 0.041509
135 0.087736 0.038679 0.028302 0.039623
136 0.128302 0.038679 0.022642 0.039623
137 0.171698 0.038679 0.030189 0.039623
138 0.206604 0.038679 0.028302 0.039623
139 0.251887 0.038679 0.028302 0.039623
140 0.285849 0.038679 0.028302 0.039623
141 0.316038 0.038679 0.028302 0.039623
142 0.347170 0.039623 0.026415 0.041509
143 0.017925 0.104717 0.028302 0.039623
144 0.050000 0.104717 0.028302 0.039623
145 0.087736 0.098113 0.013208 0.026415
146 0.108491 0.102830 0.016981 0.035849
147 0.150000 0.100000 0.032075 0.030189
148 0.185849 0.094340 0.032075 0.018868
149 0.219811 0.100000 0.032075 0.030189
150 0.261321 0.105660 0.024528 0.041509
151 0.311321 0.106604 0.041509 0.043396
152 0.366981 0.105660 0.043396 0.041509
153 0.036792 0.167925 0.043396 0.041509
154 0.083019 0.167925 0.037736 0.041509
155 0.140566 0.167925 0.047170 0.041509
156 0.202830 0.167925 0.043396 0.041509
157 0.263208 0.167925 0.043396 0.041509
158 0.307547 0.167925 0.041509 0.041509
159 0.358491 0.167925 0.052830 0.041509
160 0.402830 0.167925 0.028302 0.041509
161 0.438679 0.167925 0.039623 0.041509
162 0.499057 0.167925 0.047170 0.041509
163 0.033962 0.228302 0.037736 0.041509
164 0.097170 0.228302 0.058491 0.041509
165 0.154717 0.228302 0.049057 0.041509
166 0.206604 0.228302 0.043396 0.041509
167 0.253774 0.228302 0.043396 0.041509
168 0.314151 0.233019 0.043396 0.050943
169 0.374528 0.228302 0.043396 0.041509
170 0.430189 0.228302 0.033962 0.041509
171 0.470755 0.228302 0.039623 0.041509
172 0.517925 0.228302 0.043396 0.041509
173 0.037736 0.298113 0.041509 0.041509
174 0.087736 0.298113 0.054717 0.041509
175 0.139623 0.298113 0.045283 0.041509
176 0.194340 0.298113 0.037736 0.041509
177 0.250000 0.298113 0.039623 0.041509
178 0.287736 0.302830 0.024528 0.050943
179 0.314151 0.298113 0.024528 0.041509
180 0.352830 0.302830 0.026415 0.050943
181 0.393396 0.298113 0.024528 0.041509
182 0.423585 0.284906 0.028302 0.015094
183 0.022642 0.361321 0.011321 0.028302
184 0.058491 0.360377 0.030189 0.026415
185 0.100943 0.367925 0.028302 0.041509
186 0.144340 0.360377 0.024528 0.026415
187 0.191509 0.367925 0.035849 0.041509
188 0.226415 0.360377 0.026415 0.026415
189 0.271698 0.373585 0.030189 0.052830
190 0.321698 0.366981 0.035849 0.039623
191 0.357547 0.367925 0.032075 0.041509
192 0.386792 0.367925 0.015094 0.041509
193 0.028302 0.445283 0.026415 0.052830
194 0.062264 0.439623 0.030189 0.041509
195 0.089623 0.439623 0.016981 0.041509
196 0.135849 0.432075 0.049057 0.026415
197 0.193396 0.432075 0.032075 0.026415
198 0.227358 0.432075 0.028302 0.026415
199 0.266038 0.437736 0.037736 0.037736
200 0.301887 0.437736 0.030189 0.037736
201 0.345283 0.432075 0.026415 0.026415
202 0.383962 0.432075 0.024528 0.026415
203 0.011321 0.508491 0.018868 0.035849
204 0.050000 0.503774 0.032075 0.026415
205 0.083019 0.503774 0.026415 0.026415
206 0.120755 0.503774 0.041509 0.026415
207 0.161321 0.503774 0.032075 0.026415
208 0.208491 0.509434 0.032075 0.037736
209 0.255660 0.503774 0.028302 0.026415
210 0.298113 0.516038 0.022642 0.050943
211 0.326415 0.516981 0.003774 0.052830
212 0.352830 0.516038 0.022642 0.050943
213 0.029245 0.590566 0.032075 0.056604
