33 0.028302 0.033019 0.022642 0.028302
34 0.066981 0.033019 0.020755 0.028302
35 0.090566 0.038679 0.022642 0.039623
36 0.131132 0.033019 0.024528 0.028302
37 0.164151 0.038679 0.030189 0.039623
38 0.194340 0.033019 0.018868 0.028302
39 0.220755 0.035849 0.026415 0.033962
40 0.266038 0.033019 0.033962 0.028302
41 0.300943 0.035849 0.024528 0.033962
42 0.329245 0.033019 0.028302 0.028302
43 0.021698 0.097170 0.039623 0.039623
44 0.066038 0.091509 0.022642 0.028302
45 0.104717 0.092453 0.028302 0.030189
46 0.131132 0.091509 0.020755 0.028302
47 0.163208 0.091509 0.016981 0.028302
48 0.184906 0.082075 0.015094 0.009434
49 0.215094 0.091509 0.018868 0.028302
50 0.244340 0.096226 0.032075 0.037736
51 0.283962 0.080189 0.016981 0.005660
52 0.304717 0.082075 0.016981 0.009434
53 0.022642 0.139623 0.018868 0.007547
54 0.046226 0.140566 0.016981 0.009434
55 0.061321 0.139623 0.005660 0.007547
56 0.072642 0.140566 0.013208 0.009434
57 0.083962 0.137736 0.005660 0.003774
58 0.093396 0.150000 0.009434 0.028302
59 0.123585 0.150000 0.024528 0.028302
60 0.164151 0.158491 0.022642 0.045283
61 0.189623 0.158491 0.020755 0.045283
62 0.216038 0.158491 0.024528 0.045283
63 0.024528 0.219811 0.018868 0.039623
64 0.059434 0.219811 0.020755 0.039623
65 0.092453 0.205660 0.015094 0.011321
66 0.103774 0.203774 0.003774 0.007547
67 0.114151 0.203774 0.013208 0.007547
68 0.145283 0.203774 0.018868 0.007547
69 0.160377 0.203774 0.007547 0.007547
70 0.186792 0.204717 0.011321 0.009434
71 0.213208 0.202830 0.007547 0.005660
72 0.235849 0.205660 0.007547 0.011321
73 0.028302 0.272642 0.030189 0.028302
74 0.069811 0.269811 0.026415 0.022642
75 0.112264 0.269811 0.024528 0.022642
76 0.145283 0.272642 0.030189 0.028302
77 0.193396 0.269811 0.032075 0.022642
78 0.239623 0.273585 0.030189 0.030189
79 0.273585 0.273585 0.030189 0.030189
80 0.305660 0.273585 0.026415 0.030189
81 0.350943 0.275472 0.037736 0.033962
82 0.392453 0.275472 0.033962 0.033962
83 0.030189 0.325472 0.030189 0.028302
84 0.076415 0.325472 0.028302 0.028302
85 0.133019 0.325472 0.058491 0.028302
86 0.189623 0.335849 0.024528 0.049057
87 0.207547 0.311321 0.000000 0.000000
88 0.211321 0.311321 0.000000 0.000000
89 0.215094 0.311321 0.000000 0.000000
90 0.218868 0.311321 0.000000 0.000000
91 0.235849 0.311321 0.000000 0.000000
92 0.249057 0.311321 0.000000 0.000000
93 0.005660 0.379245 0.000000 0.000000
94 0.011321 0.379245 0.000000 0.000000
95 0.026415 0.379245 0.000000 0.000000
96 0.030189 0.379245 0.000000 0.000000
97 0.033962 0.379245 0.000000 0.000000
98 0.037736 0.379245 0.000000 0.000000
99 0.041509 0.379245 0.000000 0.000000
100 0.056604 0.379245 0.000000 0.000000
101 0.069811 0.379245 0.000000 0.000000
102 0.071698 0.379245 0.000000 0.000000
103 0.005660 0.398113 0.000000 0.000000
104 0.022642 0.398113 0.000000 0.000000
105 0.039623 0.398113 0.000000 0.000000
106 0.045283 0.398113 0.000000 0.000000
107 0.047170 0.398113 0.000000 0.000000
108 0.050943 0.398113 0.000000 0.000000
109 0.064151 0.398113 0.000000 0.000000
110 0.077358 0.398113 0.000000 0.000000
111 0.083019 0.398113 0.000000 0.000000
112 0.086792 0.398113 0.000000 0.000000
113 0.001887 0.416981 0.000000 0.000000
114 0.015094 0.416981 0.000000 0.000000
115 0.030189 0.416981 0.000000 0.000000
116 0.033962 0.416981 0.000000 0.000000
117 0.049057 0.416981 0.000000 0.000000
118 0.064151 0.416981 0.000000 0.000000
119 0.066038 0.416981 0.000000 0.000000
120 0.084906 0.438679 0.003774 0.043396
121 0.097170 0.433962 0.013208 0.033962
122 0.133019 0.437736 0.032075 0.041509
123 0.031132 0.502830 0.028302 0.047170
124 0.067925 0.500000 0.041509 0.041509
125 0.109434 0.500000 0.033962 0.041509
126 0.143396 0.496226 0.003774 0.033962
127 0.156604 0.504717 0.011321 0.050943
128 0.182075 0.504717 0.009434 0.050943
129 0.210377 0.489623 0.020755 0.020755
130 0.234906 0.490566 0.024528 0.022642
131 0.267925 0.496226 0.007547 0.033962
132 0.284906 0.490566 0.018868 0.022642
