133 0.010377 0.051887 0.013208 0.066038
134 0.033962 0.043396 0.026415 0.049057
135 0.075472 0.034906 0.030189 0.032075
136 0.119811 0.034906 0.028302 0.032075
137 0.164151 0.035849 0.030189 0.033962
138 0.199057 0.037736 0.032075 0.037736
139 0.244340 0.038679 0.032075 0.039623
140 0.279245 0.037736 0.030189 0.037736
141 0.323585 0.036792 0.032075 0.035849
142 0.358491 0.039623 0.030189 0.041509
143 0.020755 0.121698 0.033962 0.035849
144 0.066981 0.123585 0.032075 0.039623
145 0.102830 0.118868 0.013208 0.030189
146 0.129245 0.123585 0.013208 0.039623
147 0.150000 0.123585 0.024528 0.039623
148 0.190566 0.111321 0.026415 0.015094
149 0.219811 0.123585 0.024528 0.039623
150 0.258491 0.122642 0.026415 0.037736
151 0.296226 0.122642 0.041509 0.037736
152 0.344340 0.122642 0.047170 0.037736
153 0.033962 0.181132 0.037736 0.037736
154 0.086792 0.181132 0.037736 0.037736
155 0.130189 0.181132 0.041509 0.037736
156 0.172642 0.181132 0.035849 0.037736
157 0.214151 0.181132 0.035849 0.037736
158 0.256604 0.181132 0.041509 0.037736
159 0.303774 0.181132 0.041509 0.037736
160 0.338679 0.181132 0.020755 0.037736
161 0.369811 0.181132 0.033962 0.037736
162 0.415094 0.181132 0.045283 0.037736
163 0.020755 0.237736 0.033962 0.037736
164 0.076415 0.237736 0.047170 0.037736
165 0.138679 0.237736 0.043396 0.037736
166 0.184906 0.237736 0.041509 0.037736
167 0.229245 0.237736 0.035849 0.037736
168 0.281132 0.242453 0.041509 0.047170
169 0.326415 0.237736 0.041509 0.037736
170 0.379245 0.237736 0.033962 0.037736
171 0.419811 0.237736 0.039623 0.037736
172 0.463208 0.237736 0.043396 0.037736
173 0.024528 0.303774 0.045283 0.037736
174 0.078302 0.303774 0.058491 0.037736
175 0.147170 0.303774 0.045283 0.037736
176 0.197170 0.303774 0.043396 0.037736
177 0.254717 0.303774 0.037736 0.037736
178 0.288679 0.309434 0.018868 0.049057
179 0.324528 0.309434 0.026415 0.049057
180 0.362264 0.309434 0.018868 0.049057
181 0.389623 0.303774 0.028302 0.037736
182 0.433019 0.315094 0.028302 0.060377
183 0.011321 0.378302 0.015094 0.028302
184 0.050000 0.378302 0.028302 0.028302
185 0.084906 0.383019 0.033962 0.037736
186 0.130189 0.378302 0.026415 0.028302
187 0.164151 0.383019 0.033962 0.037736
188 0.198113 0.378302 0.026415 0.028302
189 0.227358 0.383019 0.024528 0.037736
190 0.260377 0.384906 0.030189 0.041509
191 0.296226 0.383019 0.037736 0.037736
192 0.337736 0.383019 0.018868 0.037736
193 0.012264 0.449057 0.016981 0.049057
194 0.043396 0.443396 0.041509 0.037736
195 0.091509 0.443396 0.020755 0.037736
196 0.143396 0.438679 0.052830 0.028302
197 0.192453 0.438679 0.037736 0.028302
198 0.241509 0.438679 0.030189 0.028302
199 0.287736 0.443396 0.035849 0.037736
200 0.337736 0.444340 0.033962 0.039623
201 0.375472 0.438679 0.030189 0.028302
202 0.407547 0.438679 0.022642 0.028302
203 0.016981 0.510377 0.026415 0.035849
204 0.052830 0.506604 0.037736 0.028302
205 0.102830 0.506604 0.035849 0.028302
206 0.166038 0.506604 0.056604 0.028302
207 0.213208 0.506604 0.033962 0.028302
208 0.264151 0.511321 0.033962 0.037736
209 0.310377 0.506604 0.028302 0.028302
210 0.353774 0.516981 0.024528 0.049057
211 0.378302 0.516038 0.013208 0.047170
212 0.400943 0.516981 0.024528 0.049057
213 0.016981 0.600000 0.026415 0.079245
