133 0.011321 0.047170 0.011321 0.056604
134 0.037736 0.024528 0.011321 0.011321
135 0.054717 0.024528 0.011321 0.011321
136 0.071698 0.024528 0.011321 0.011321
137 0.084906 0.024528 0.011321 0.011321
138 0.101887 0.024528 0.011321 0.011321
139 0.128302 0.024528 0.011321 0.011321
140 0.154717 0.024528 0.011321 0.011321
141 0.169811 0.024528 0.011321 0.011321
142 0.198113 0.024528 0.011321 0.011321
143 0.018868 0.100000 0.011321 0.011321
144 0.043396 0.100000 0.011321 0.011321
145 0.058491 0.100000 0.011321 0.011321
146 0.071698 0.100000 0.011321 0.011321
147 0.098113 0.100000 0.011321 0.011321
148 0.111321 0.100000 0.011321 0.011321
149 0.139623 0.100000 0.011321 0.011321
150 0.167925 0.100000 0.011321 0.011321
151 0.184906 0.100000 0.011321 0.011321
152 0.209434 0.100000 0.011321 0.011321
153 0.009434 0.130189 0.011321 0.011321
154 0.026415 0.130189 0.011321 0.011321
155 0.050943 0.130189 0.011321 0.011321
156 0.075472 0.130189 0.011321 0.011321
157 0.103774 0.130189 0.011321 0.011321
158 0.128302 0.130189 0.011321 0.011321
159 0.156604 0.130189 0.011321 0.011321
160 0.169811 0.130189 0.011321 0.011321
161 0.183019 0.130189 0.011321 0.011321
162 0.198113 0.130189 0.011321 0.011321
163 0.022642 0.160377 0.011321 0.011321
164 0.035849 0.160377 0.011321 0.011321
165 0.064151 0.160377 0.011321 0.011321
166 0.081132 0.160377 0.011321 0.011321
167 0.098113 0.160377 0.011321 0.011321
168 0.113208 0.160377 0.011321 0.011321
169 0.141509 0.160377 0.011321 0.011321
170 0.154717 0.160377 0.011321 0.011321
171 0.183019 0.160377 0.011321 0.011321
172 0.207547 0.160377 0.011321 0.011321
173 0.011321 0.190566 0.011321 0.011321
174 0.026415 0.190566 0.011321 0.011321
175 0.052830 0.190566 0.011321 0.011321
176 0.066038 0.190566 0.011321 0.011321
177 0.083019 0.190566 0.011321 0.011321
178 0.107547 0.190566 0.011321 0.011321
179 0.135849 0.190566 0.011321 0.011321
180 0.160377 0.190566 0.011321 0.011321
181 0.173585 0.196226 0.011321 0.022642
182 0.198113 0.230189 0.011321 0.090566
183 0.018868 0.311321 0.011321 0.033962
184 0.047170 0.300000 0.011321 0.011321
185 0.071698 0.300000 0.011321 0.011321
186 0.084906 0.300000 0.011321 0.011321
187 0.109434 0.300000 0.011321 0.011321
188 0.135849 0.300000 0.011321 0.011321
189 0.149057 0.300000 0.011321 0.011321
190 0.162264 0.300000 0.011321 0.011321
191 0.188679 0.300000 0.011321 0.011321
192 0.203774 0.300000 0.011321 0.011321
193 0.022642 0.352830 0.011321 0.011321
194 0.035849 0.352830 0.011321 0.011321
195 0.062264 0.352830 0.011321 0.011321
196 0.077358 0.352830 0.011321 0.011321
197 0.101887 0.352830 0.011321 0.011321
198 0.130189 0.352830 0.011321 0.011321
199 0.143396 0.352830 0.011321 0.011321
200 0.160377 0.352830 0.011321 0.011321
201 0.177358 0.352830 0.011321 0.011321
202 0.194340 0.352830 0.011321 0.011321
203 0.022642 0.383019 0.011321 0.011321
204 0.039623 0.383019 0.011321 0.011321
205 0.056604 0.383019 0.011321 0.011321
206 0.083019 0.383019 0.011321 0.011321
207 0.096226 0.383019 0.011321 0.011321
208 0.122642 0.383019 0.011321 0.011321
209 0.150943 0.383019 0.011321 0.011321
210 0.179245 0.383019 0.011321 0.011321
211 0.196226 0.383019 0.011321 0.011321
212 0.224528 0.383019 0.011321 0.011321
213 0.011321 0.441509 0.011321 0.067925
