133 0.020755 0.033019 0.007547 0.028302
134 0.035849 0.041509 0.015094 0.045283
135 0.067925 0.041509 0.015094 0.045283
136 0.083019 0.041509 0.007547 0.045283
137 0.096226 0.041509 0.011321 0.045283
138 0.110377 0.041509 0.009434 0.045283
139 0.141509 0.041509 0.018868 0.045283
140 0.162264 0.041509 0.011321 0.045283
141 0.177358 0.040566 0.015094 0.043396
142 0.203774 0.041509 0.011321 0.045283
143 0.019811 0.105660 0.013208 0.045283
144 0.035849 0.105660 0.015094 0.045283
145 0.052830 0.095283 0.007547 0.024528
146 0.073585 0.099057 0.007547 0.032075
147 0.102830 0.095283 0.020755 0.024528
148 0.138679 0.092453 0.024528 0.018868
149 0.165094 0.095283 0.020755 0.024528
150 0.193396 0.105660 0.009434 0.045283
151 0.222642 0.106604 0.041509 0.047170
152 0.253774 0.105660 0.016981 0.045283
153 0.024528 0.171698 0.015094 0.045283
154 0.054717 0.171698 0.011321 0.045283
155 0.081132 0.171698 0.015094 0.045283
156 0.106604 0.171698 0.009434 0.045283
157 0.119811 0.171698 0.009434 0.045283
158 0.145283 0.171698 0.015094 0.045283
159 0.164151 0.171698 0.015094 0.045283
160 0.178302 0.171698 0.005660 0.045283
161 0.198113 0.175472 0.007547 0.052830
162 0.213208 0.171698 0.015094 0.045283
163 0.019811 0.243396 0.009434 0.045283
164 0.052830 0.243396 0.022642 0.045283
165 0.073585 0.243396 0.015094 0.045283
166 0.103774 0.243396 0.015094 0.045283
167 0.122642 0.243396 0.015094 0.045283
168 0.150943 0.246226 0.015094 0.050943
169 0.170755 0.243396 0.016981 0.045283
170 0.189623 0.243396 0.013208 0.045283
171 0.205660 0.243396 0.015094 0.045283
172 0.224528 0.243396 0.015094 0.045283
173 0.021698 0.313208 0.016981 0.045283
174 0.046226 0.313208 0.024528 0.045283
175 0.081132 0.313208 0.015094 0.045283
176 0.101887 0.313208 0.015094 0.045283
177 0.128302 0.313208 0.011321 0.045283
178 0.143396 0.316981 0.007547 0.052830
179 0.171698 0.313208 0.015094 0.045283
180 0.200000 0.316981 0.007547 0.052830
181 0.217925 0.313208 0.020755 0.045283
182 0.248113 0.305660 0.028302 0.030189
183 0.008491 0.373585 0.005660 0.022642
184 0.023585 0.379245 0.013208 0.033962
185 0.053774 0.384906 0.013208 0.045283
186 0.066981 0.379245 0.009434 0.033962
187 0.095283 0.384906 0.013208 0.045283
188 0.120755 0.379245 0.011321 0.033962
189 0.136792 0.388679 0.009434 0.052830
190 0.162264 0.383019 0.011321 0.041509
191 0.189623 0.384906 0.013208 0.045283
192 0.201887 0.383962 0.003774 0.043396
193 0.007547 0.459434 0.007547 0.050943
194 0.033019 0.456604 0.013208 0.045283
195 0.059434 0.456604 0.005660 0.045283
196 0.087736 0.450943 0.020755 0.033962
197 0.117925 0.450943 0.013208 0.033962
198 0.133962 0.450943 0.011321 0.033962
199 0.152830 0.454717 0.015094 0.041509
200 0.167925 0.454717 0.011321 0.041509
201 0.181132 0.450943 0.011321 0.033962
202 0.206604 0.450943 0.009434 0.033962
203 0.007547 0.523585 0.011321 0.039623
204 0.023585 0.520755 0.013208 0.033962
205 0.053774 0.520755 0.013208 0.033962
206 0.074528 0.520755 0.020755 0.033962
207 0.094340 0.520755 0.011321 0.033962
208 0.112264 0.524528 0.013208 0.041509
209 0.136792 0.520755 0.009434 0.033962
210 0.165094 0.530189 0.013208 0.052830
211 0.190566 0.530189 0.003774 0.052830
212 0.203774 0.530189 0.011321 0.052830
213 0.027358 0.598113 0.024528 0.045283
