133 0.015094 0.028302 0.003774 0.018868
134 0.042453 0.038679 0.020755 0.039623
135 0.083019 0.038679 0.026415 0.039623
136 0.115094 0.038679 0.007547 0.039623
137 0.136792 0.038679 0.024528 0.039623
138 0.161321 0.039623 0.020755 0.041509
139 0.185849 0.037736 0.024528 0.037736
140 0.225472 0.039623 0.020755 0.041509
141 0.261321 0.038679 0.024528 0.039623
142 0.300000 0.038679 0.022642 0.039623
143 0.029245 0.099057 0.024528 0.039623
144 0.055660 0.100000 0.024528 0.041509
145 0.075472 0.092453 0.003774 0.026415
146 0.085849 0.094340 0.005660 0.030189
147 0.103774 0.090566 0.022642 0.022642
148 0.128302 0.084906 0.022642 0.011321
149 0.167925 0.090566 0.022642 0.022642
150 0.201887 0.099057 0.018868 0.039623
151 0.248113 0.102830 0.047170 0.047170
152 0.306604 0.099057 0.035849 0.039623
153 0.027358 0.165094 0.024528 0.039623
154 0.072642 0.165094 0.035849 0.039623
155 0.115094 0.165094 0.037736 0.039623
156 0.147170 0.165094 0.022642 0.039623
157 0.174528 0.165094 0.020755 0.039623
158 0.205660 0.165094 0.037736 0.039623
159 0.245283 0.165094 0.033962 0.039623
160 0.281132 0.165094 0.007547 0.039623
161 0.292453 0.170755 0.011321 0.050943
162 0.316981 0.165094 0.030189 0.039623
163 0.016981 0.234906 0.022642 0.039623
164 0.056604 0.234906 0.045283 0.039623
165 0.110377 0.234906 0.035849 0.039623
166 0.150943 0.234906 0.041509 0.039623
167 0.187736 0.234906 0.024528 0.039623
168 0.236792 0.241509 0.069811 0.052830
169 0.290566 0.234906 0.030189 0.039623
170 0.330189 0.234906 0.018868 0.039623
171 0.368868 0.234906 0.032075 0.039623
172 0.407547 0.234906 0.033962 0.039623
173 0.022642 0.305660 0.037736 0.037736
174 0.068868 0.306604 0.050943 0.039623
175 0.115094 0.306604 0.033962 0.039623
176 0.150943 0.306604 0.033962 0.039623
177 0.200000 0.306604 0.030189 0.039623
178 0.234906 0.310377 0.005660 0.047170
179 0.253774 0.306604 0.020755 0.039623
180 0.280189 0.310377 0.005660 0.047170
181 0.310377 0.296226 0.020755 0.018868
182 0.340566 0.294340 0.028302 0.015094
183 0.004717 0.361321 0.005660 0.016981
184 0.026415 0.368868 0.033962 0.032075
185 0.068868 0.369811 0.024528 0.033962
186 0.111321 0.369811 0.033962 0.033962
187 0.150943 0.369811 0.033962 0.033962
188 0.181132 0.369811 0.022642 0.033962
189 0.219811 0.369811 0.020755 0.033962
190 0.252830 0.369811 0.033962 0.033962
191 0.291509 0.369811 0.032075 0.033962
192 0.316981 0.369811 0.007547 0.033962
193 0.019811 0.427358 0.009434 0.043396
194 0.052830 0.422642 0.026415 0.033962
195 0.090566 0.422642 0.022642 0.033962
196 0.127358 0.422642 0.043396 0.033962
197 0.183962 0.422642 0.035849 0.033962
198 0.235849 0.422642 0.037736 0.033962
199 0.269811 0.422642 0.022642 0.033962
200 0.329245 0.428302 0.062264 0.045283
201 0.391509 0.422642 0.028302 0.033962
202 0.416981 0.422642 0.018868 0.033962
203 0.032075 0.486792 0.030189 0.033962
204 0.065094 0.486792 0.032075 0.033962
205 0.111321 0.485849 0.033962 0.032075
206 0.168868 0.486792 0.047170 0.033962
207 0.213208 0.486792 0.030189 0.033962
208 0.260377 0.486792 0.030189 0.033962
209 0.295283 0.486792 0.028302 0.033962
210 0.319811 0.493396 0.009434 0.047170
211 0.327358 0.494340 0.001887 0.049057
212 0.348113 0.493396 0.009434 0.047170
213 0.029245 0.560377 0.024528 0.045283
