133 0.006604 0.028302 0.005660 0.018868
134 0.029245 0.038679 0.013208 0.039623
135 0.061321 0.038679 0.020755 0.039623
136 0.092453 0.038679 0.011321 0.039623
137 0.123585 0.038679 0.020755 0.039623
138 0.146226 0.038679 0.020755 0.039623
139 0.183019 0.038679 0.022642 0.039623
140 0.209434 0.038679 0.022642 0.039623
141 0.244340 0.038679 0.020755 0.039623
142 0.278302 0.038679 0.020755 0.039623
143 0.025472 0.097170 0.020755 0.039623
144 0.048113 0.097170 0.020755 0.039623
145 0.076415 0.092453 0.005660 0.030189
146 0.083962 0.095283 0.005660 0.035849
147 0.103774 0.091509 0.022642 0.028302
148 0.132075 0.084906 0.022642 0.015094
149 0.158491 0.089623 0.022642 0.024528
150 0.195283 0.097170 0.020755 0.039623
151 0.242453 0.102830 0.043396 0.050943
152 0.281132 0.097170 0.030189 0.039623
153 0.027358 0.166981 0.024528 0.039623
154 0.071698 0.166981 0.030189 0.039623
155 0.113208 0.166981 0.026415 0.039623
156 0.153774 0.166981 0.024528 0.039623
157 0.190566 0.166981 0.022642 0.039623
158 0.221698 0.166981 0.032075 0.039623
159 0.252830 0.166981 0.026415 0.039623
160 0.270755 0.166981 0.005660 0.039623
161 0.295283 0.166981 0.016981 0.039623
162 0.330189 0.166981 0.026415 0.039623
163 0.012264 0.225472 0.020755 0.039623
164 0.042453 0.225472 0.032075 0.039623
165 0.084906 0.225472 0.026415 0.039623
166 0.131132 0.225472 0.032075 0.039623
167 0.176415 0.225472 0.024528 0.039623
168 0.208491 0.227358 0.032075 0.043396
169 0.253774 0.225472 0.028302 0.039623
170 0.286792 0.225472 0.026415 0.039623
171 0.325472 0.225472 0.024528 0.039623
172 0.356604 0.225472 0.026415 0.039623
173 0.020755 0.287736 0.030189 0.039623
174 0.069811 0.287736 0.041509 0.039623
175 0.106604 0.287736 0.028302 0.039623
176 0.139623 0.287736 0.030189 0.039623
177 0.180189 0.287736 0.024528 0.039623
178 0.211321 0.293396 0.007547 0.050943
179 0.234906 0.287736 0.013208 0.039623
180 0.262264 0.293396 0.007547 0.050943
181 0.277358 0.290566 0.018868 0.045283
182 0.301887 0.283019 0.026415 0.030189
183 0.006604 0.349057 0.005660 0.022642
184 0.025472 0.352830 0.020755 0.030189
185 0.060377 0.357547 0.018868 0.039623
186 0.083962 0.352830 0.020755 0.030189
187 0.119811 0.357547 0.020755 0.039623
188 0.144340 0.352830 0.020755 0.030189
189 0.166038 0.357547 0.015094 0.039623
190 0.189623 0.358491 0.020755 0.041509
191 0.224528 0.357547 0.018868 0.039623
192 0.252830 0.357547 0.003774 0.039623
193 0.008491 0.423585 0.009434 0.050943
194 0.026415 0.417925 0.018868 0.039623
195 0.054717 0.417925 0.003774 0.039623
196 0.076415 0.413208 0.032075 0.030189
197 0.103774 0.413208 0.018868 0.030189
198 0.139623 0.413208 0.022642 0.030189
199 0.165094 0.418868 0.020755 0.041509
200 0.199057 0.418868 0.020755 0.041509
201 0.228302 0.413208 0.011321 0.030189
202 0.249057 0.413208 0.018868 0.030189
203 0.020755 0.486792 0.011321 0.037736
204 0.050943 0.483019 0.018868 0.030189
205 0.083962 0.483019 0.020755 0.030189
206 0.127358 0.483019 0.032075 0.030189
207 0.168868 0.483019 0.020755 0.030189
208 0.191509 0.488679 0.020755 0.041509
209 0.229245 0.483019 0.020755 0.030189
210 0.261321 0.493396 0.013208 0.050943
211 0.275472 0.494340 0.003774 0.052830
212 0.298113 0.493396 0.011321 0.050943
213 0.028302 0.562264 0.022642 0.045283
