133 0.016038 0.033019 0.005660 0.028302
134 0.043396 0.041509 0.018868 0.045283
135 0.083019 0.032075 0.026415 0.026415
136 0.116981 0.032075 0.015094 0.026415
137 0.149057 0.032075 0.022642 0.026415
138 0.185849 0.038679 0.024528 0.039623
139 0.228302 0.037736 0.026415 0.037736
140 0.258491 0.038679 0.026415 0.039623
141 0.301887 0.037736 0.026415 0.037736
142 0.331132 0.037736 0.024528 0.037736
143 0.019811 0.101887 0.028302 0.037736
144 0.053774 0.102830 0.028302 0.039623
145 0.087736 0.095283 0.009434 0.024528
146 0.100000 0.099057 0.011321 0.032075
147 0.133962 0.096226 0.026415 0.026415
148 0.166038 0.089623 0.026415 0.013208
149 0.198113 0.096226 0.026415 0.026415
150 0.237736 0.101887 0.018868 0.037736
151 0.272642 0.104717 0.043396 0.043396
152 0.329245 0.102830 0.039623 0.039623
153 0.018868 0.165094 0.030189 0.039623
154 0.064151 0.165094 0.033962 0.039623
155 0.106604 0.165094 0.039623 0.039623
156 0.160377 0.165094 0.033962 0.039623
157 0.196226 0.165094 0.033962 0.039623
158 0.233962 0.165094 0.033962 0.039623
159 0.286792 0.165094 0.045283 0.039623
160 0.325472 0.165094 0.020755 0.039623
161 0.366038 0.170755 0.026415 0.050943
162 0.404717 0.165094 0.039623 0.039623
163 0.031132 0.234906 0.028302 0.039623
164 0.088679 0.234906 0.052830 0.039623
165 0.142453 0.234906 0.043396 0.039623
166 0.186792 0.234906 0.037736 0.039623
167 0.228302 0.234906 0.033962 0.039623
168 0.277358 0.240566 0.037736 0.050943
169 0.330189 0.234906 0.033962 0.039623
170 0.366981 0.234906 0.028302 0.039623
171 0.410377 0.234906 0.032075 0.039623
172 0.450943 0.234906 0.037736 0.039623
173 0.034906 0.304717 0.039623 0.039623
174 0.086792 0.304717 0.056604 0.039623
175 0.149057 0.304717 0.041509 0.039623
176 0.204717 0.304717 0.035849 0.039623
177 0.252830 0.304717 0.033962 0.039623
178 0.297170 0.311321 0.020755 0.052830
179 0.329245 0.307547 0.013208 0.045283
180 0.348113 0.311321 0.020755 0.052830
181 0.387736 0.305660 0.024528 0.041509
182 0.431132 0.292453 0.028302 0.015094
183 0.017925 0.370755 0.005660 0.028302
184 0.036792 0.368868 0.024528 0.024528
185 0.075472 0.377358 0.022642 0.041509
186 0.101887 0.368868 0.022642 0.024528
187 0.133019 0.377358 0.028302 0.041509
188 0.160377 0.368868 0.022642 0.024528
189 0.190566 0.383962 0.033962 0.054717
190 0.226415 0.375472 0.026415 0.037736
191 0.268868 0.377358 0.024528 0.041509
192 0.290566 0.375472 0.011321 0.037736
193 0.027358 0.455660 0.020755 0.050943
194 0.055660 0.450943 0.028302 0.041509
195 0.092453 0.450943 0.011321 0.041509
196 0.123585 0.442453 0.039623 0.024528
197 0.159434 0.442453 0.024528 0.024528
198 0.197170 0.442453 0.024528 0.024528
199 0.228302 0.449057 0.030189 0.037736
200 0.257547 0.449057 0.024528 0.037736
201 0.284906 0.442453 0.018868 0.024528
202 0.307547 0.442453 0.022642 0.024528
203 0.023585 0.516038 0.016981 0.032075
204 0.057547 0.512264 0.024528 0.024528
205 0.094340 0.512264 0.022642 0.024528
206 0.125472 0.512264 0.035849 0.024528
207 0.170755 0.512264 0.028302 0.024528
208 0.214151 0.518868 0.028302 0.037736
209 0.258491 0.512264 0.026415 0.024528
210 0.283019 0.526415 0.018868 0.052830
211 0.310377 0.527358 0.001887 0.054717
212 0.322642 0.526415 0.018868 0.052830
213 0.018868 0.590566 0.026415 0.033962
