133 0.004717 0.028302 0.001887 0.018868
134 0.033962 0.040566 0.022642 0.043396
135 0.062264 0.037736 0.026415 0.037736
136 0.088679 0.037736 0.018868 0.037736
137 0.114151 0.037736 0.020755 0.037736
138 0.136792 0.038679 0.020755 0.039623
139 0.174528 0.037736 0.024528 0.037736
140 0.213208 0.039623 0.022642 0.041509
141 0.238679 0.037736 0.024528 0.037736
142 0.264151 0.037736 0.018868 0.037736
143 0.027358 0.099057 0.020755 0.035849
144 0.050943 0.100000 0.022642 0.037736
145 0.069811 0.094340 0.003774 0.026415
146 0.076415 0.094340 0.005660 0.026415
147 0.097170 0.096226 0.028302 0.030189
148 0.131132 0.087736 0.028302 0.013208
149 0.166038 0.097170 0.030189 0.032075
150 0.205660 0.100000 0.018868 0.037736
151 0.230189 0.096226 0.026415 0.030189
152 0.266981 0.100943 0.035849 0.039623
153 0.031132 0.160377 0.028302 0.041509
154 0.062264 0.158491 0.026415 0.037736
155 0.108491 0.159434 0.035849 0.039623
156 0.156604 0.158491 0.030189 0.037736
157 0.185849 0.157547 0.024528 0.035849
158 0.219811 0.163208 0.032075 0.047170
159 0.269811 0.165094 0.037736 0.050943
160 0.310377 0.158491 0.013208 0.037736
161 0.332075 0.160377 0.022642 0.041509
162 0.373585 0.158491 0.033962 0.037736
163 0.014151 0.228302 0.024528 0.037736
164 0.051887 0.228302 0.043396 0.037736
165 0.109434 0.228302 0.045283 0.037736
166 0.151887 0.227358 0.035849 0.035849
167 0.186792 0.232075 0.030189 0.045283
168 0.238679 0.233019 0.039623 0.047170
169 0.291509 0.232075 0.032075 0.045283
170 0.319811 0.229245 0.020755 0.039623
171 0.360377 0.232075 0.030189 0.045283
172 0.392453 0.227358 0.030189 0.035849
173 0.036792 0.293396 0.039623 0.035849
174 0.095283 0.294340 0.050943 0.037736
175 0.152830 0.297170 0.033962 0.043396
176 0.193396 0.296226 0.039623 0.041509
177 0.242453 0.294340 0.028302 0.037736
178 0.278302 0.296226 0.009434 0.041509
179 0.307547 0.297170 0.022642 0.043396
180 0.340566 0.296226 0.009434 0.041509
181 0.370755 0.301887 0.024528 0.052830
182 0.400943 0.290566 0.028302 0.030189
183 0.004717 0.352830 0.005660 0.011321
184 0.033019 0.360377 0.016981 0.026415
185 0.068868 0.368868 0.020755 0.043396
186 0.092453 0.360377 0.018868 0.026415
187 0.115094 0.366981 0.022642 0.039623
188 0.140566 0.359434 0.020755 0.024528
189 0.173585 0.367925 0.015094 0.041509
190 0.199057 0.369811 0.024528 0.045283
191 0.242453 0.369811 0.028302 0.045283
192 0.267925 0.366038 0.011321 0.037736
193 0.011321 0.437736 0.015094 0.052830
194 0.035849 0.433019 0.022642 0.043396
195 0.066038 0.433962 0.011321 0.045283
196 0.096226 0.424528 0.037736 0.026415
197 0.130189 0.425472 0.026415 0.028302
198 0.156604 0.424528 0.022642 0.026415
199 0.185849 0.430189 0.024528 0.037736
200 0.214151 0.433019 0.024528 0.043396
201 0.247170 0.425472 0.015094 0.028302
202 0.265094 0.426415 0.013208 0.030189
203 0.021698 0.500000 0.016981 0.033962
204 0.058491 0.498113 0.022642 0.030189
205 0.087736 0.497170 0.024528 0.028302
206 0.123585 0.497170 0.035849 0.028302
207 0.167925 0.496226 0.026415 0.026415
208 0.207547 0.502830 0.022642 0.039623
209 0.233962 0.498113 0.018868 0.030189
210 0.252830 0.501887 0.015094 0.037736
211 0.278302 0.508491 0.001887 0.050943
212 0.300000 0.501887 0.011321 0.037736
213 0.020755 0.586792 0.030189 0.067925
