33 0.009434 0.024528 0.011321 0.011321
34 0.024528 0.024528 0.011321 0.011321
35 0.052830 0.024528 0.011321 0.011321
36 0.067925 0.024528 0.011321 0.011321
37 0.083019 0.024528 0.011321 0.011321
38 0.109434 0.024528 0.011321 0.011321
39 0.122642 0.024528 0.011321 0.011321
40 0.150943 0.024528 0.011321 0.011321
41 0.166038 0.024528 0.011321 0.011321
42 0.194340 0.024528 0.011321 0.011321
43 0.011321 0.054717 0.011321 0.011321
44 0.024528 0.054717 0.011321 0.011321
45 0.052830 0.054717 0.011321 0.011321
46 0.077358 0.054717 0.011321 0.011321
47 0.092453 0.054717 0.011321 0.011321
48 0.105660 0.054717 0.011321 0.011321
49 0.130189 0.054717 0.011321 0.011321
50 0.145283 0.054717 0.011321 0.011321
51 0.160377 0.054717 0.011321 0.011321
52 0.173585 0.054717 0.011321 0.011321
53 0.018868 0.084906 0.011321 0.011321
54 0.045283 0.084906 0.011321 0.011321
55 0.071698 0.084906 0.011321 0.011321
56 0.088679 0.084906 0.011321 0.011321
57 0.115094 0.084906 0.011321 0.011321
58 0.139623 0.084906 0.011321 0.011321
59 0.156604 0.084906 0.011321 0.011321
60 0.171698 0.084906 0.011321 0.011321
61 0.186792 0.084906 0.011321 0.011321
62 0.203774 0.084906 0.011321 0.011321
63 0.018868 0.115094 0.011321 0.011321
64 0.032075 0.115094 0.011321 0.011321
65 0.056604 0.115094 0.011321 0.011321
66 0.073585 0.115094 0.011321 0.011321
67 0.086792 0.115094 0.011321 0.011321
68 0.113208 0.115094 0.011321 0.011321
69 0.141509 0.115094 0.011321 0.011321
70 0.169811 0.115094 0.011321 0.011321
71 0.184906 0.115094 0.011321 0.011321
72 0.198113 0.115094 0.011321 0.011321
73 0.020755 0.145283 0.011321 0.011321
74 0.037736 0.145283 0.011321 0.011321
75 0.050943 0.145283 0.011321 0.011321
76 0.067925 0.145283 0.011321 0.011321
77 0.094340 0.145283 0.011321 0.011321
78 0.109434 0.145283 0.011321 0.011321
79 0.135849 0.145283 0.011321 0.011321
80 0.160377 0.145283 0.011321 0.011321
81 0.175472 0.145283 0.011321 0.011321
82 0.192453 0.145283 0.011321 0.011321
83 0.007547 0.175472 0.011321 0.011321
84 0.033962 0.175472 0.011321 0.011321
85 0.062264 0.175472 0.011321 0.011321
86 0.086792 0.175472 0.011321 0.011321
87 0.107547 0.169811 0.000000 0.000000
88 0.111321 0.169811 0.000000 0.000000
89 0.128302 0.169811 0.000000 0.000000
90 0.145283 0.169811 0.000000 0.000000
91 0.162264 0.169811 0.000000 0.000000
92 0.179245 0.169811 0.000000 0.000000
93 0.001887 0.200000 0.000000 0.000000
94 0.007547 0.200000 0.000000 0.000000
95 0.013208 0.200000 0.000000 0.000000
96 0.018868 0.200000 0.000000 0.000000
97 0.020755 0.200000 0.000000 0.000000
98 0.033962 0.200000 0.000000 0.000000
99 0.050943 0.200000 0.000000 0.000000
100 0.066038 0.200000 0.000000 0.000000
101 0.071698 0.200000 0.000000 0.000000
102 0.077358 0.200000 0.000000 0.000000
103 0.015094 0.218868 0.000000 0.000000
104 0.030189 0.218868 0.000000 0.000000
105 0.035849 0.218868 0.000000 0.000000
106 0.049057 0.218868 0.000000 0.000000
107 0.050943 0.218868 0.000000 0.000000
108 0.052830 0.218868 0.000000 0.000000
109 0.067925 0.218868 0.000000 0.000000
110 0.081132 0.218868 0.000000 0.000000
111 0.096226 0.218868 0.000000 0.000000
112 0.100000 0.218868 0.000000 0.000000
113 0.016981 0.237736 0.000000 0.000000
114 0.022642 0.237736 0.000000 0.000000
115 0.037736 0.237736 0.000000 0.000000
116 0.041509 0.237736 0.000000 0.000000
117 0.054717 0.237736 0.000000 0.000000
118 0.060377 0.237736 0.000000 0.000000
119 0.073585 0.237736 0.000000 0.000000
120 0.081132 0.243396 0.011321 0.011321
121 0.107547 0.254717 0.011321 0.033962
122 0.133962 0.243396 0.011321 0.011321
123 0.022642 0.296226 0.011321 0.011321
124 0.047170 0.296226 0.011321 0.011321
125 0.075472 0.296226 0.011321 0.011321
126 0.101887 0.307547 0.011321 0.033962
127 0.115094 0.296226 0.011321 0.011321
128 0.141509 0.296226 0.011321 0.011321
129 0.154717 0.296226 0.011321 0.011321
130 0.169811 0.296226 0.011321 0.011321
131 0.194340 0.307547 0.011321 0.033962
132 0.207547 0.324528 0.011321 0.067925
