133 0.019811 0.047170 0.009434 0.056604
134 0.039623 0.041509 0.018868 0.045283
135 0.066038 0.035849 0.030189 0.033962
136 0.105660 0.035849 0.018868 0.033962
137 0.144340 0.035849 0.024528 0.033962
138 0.185849 0.035849 0.024528 0.033962
139 0.219811 0.035849 0.032075 0.033962
140 0.261321 0.035849 0.024528 0.033962
141 0.304717 0.035849 0.028302 0.033962
142 0.333019 0.035849 0.024528 0.033962
143 0.016038 0.111321 0.028302 0.033962
144 0.057547 0.111321 0.028302 0.033962
145 0.090566 0.108491 0.011321 0.028302
146 0.117925 0.111321 0.013208 0.033962
147 0.152830 0.108491 0.022642 0.028302
148 0.178302 0.103774 0.024528 0.018868
149 0.216981 0.108491 0.022642 0.028302
150 0.242453 0.111321 0.024528 0.033962
151 0.283962 0.119811 0.054717 0.050943
152 0.342453 0.111321 0.032075 0.033962
153 0.029245 0.181132 0.028302 0.033962
154 0.059434 0.181132 0.028302 0.033962
155 0.106604 0.181132 0.032075 0.033962
156 0.150000 0.181132 0.024528 0.033962
157 0.189623 0.181132 0.024528 0.033962
158 0.221698 0.181132 0.032075 0.033962
159 0.267925 0.181132 0.030189 0.033962
160 0.304717 0.181132 0.009434 0.033962
161 0.319811 0.181132 0.016981 0.033962
162 0.347170 0.181132 0.030189 0.033962
163 0.028302 0.233962 0.022642 0.033962
164 0.060377 0.233962 0.037736 0.033962
165 0.098113 0.233962 0.030189 0.033962
166 0.133019 0.233962 0.035849 0.033962
167 0.170755 0.233962 0.028302 0.033962
168 0.207547 0.237736 0.037736 0.041509
169 0.257547 0.233962 0.028302 0.033962
170 0.298113 0.233962 0.026415 0.033962
171 0.340566 0.233962 0.028302 0.033962
172 0.375472 0.233962 0.030189 0.033962
173 0.033019 0.294340 0.032075 0.033962
174 0.088679 0.294340 0.045283 0.033962
175 0.132075 0.294340 0.030189 0.033962
176 0.175472 0.294340 0.030189 0.033962
177 0.219811 0.294340 0.028302 0.033962
178 0.243396 0.300000 0.015094 0.045283
179 0.276415 0.300000 0.020755 0.045283
180 0.311321 0.300000 0.015094 0.045283
181 0.343396 0.296226 0.022642 0.037736
182 0.374528 0.307547 0.028302 0.060377
183 0.010377 0.373585 0.013208 0.033962
184 0.035849 0.370755 0.026415 0.028302
185 0.080189 0.375472 0.028302 0.037736
186 0.110377 0.370755 0.024528 0.028302
187 0.150000 0.375472 0.028302 0.037736
188 0.194340 0.370755 0.026415 0.028302
189 0.233962 0.376415 0.018868 0.039623
190 0.271698 0.375472 0.026415 0.037736
191 0.315094 0.375472 0.026415 0.037736
192 0.346226 0.376415 0.009434 0.039623
193 0.012264 0.439623 0.013208 0.049057
194 0.049057 0.433962 0.026415 0.037736
195 0.082075 0.433962 0.009434 0.037736
196 0.124528 0.429245 0.041509 0.028302
197 0.164151 0.429245 0.026415 0.028302
198 0.198113 0.429245 0.030189 0.028302
199 0.241509 0.433962 0.026415 0.037736
200 0.285849 0.433962 0.028302 0.037736
201 0.311321 0.429245 0.018868 0.028302
202 0.348113 0.429245 0.024528 0.028302
203 0.010377 0.500000 0.016981 0.033962
204 0.033962 0.497170 0.026415 0.028302
205 0.077358 0.497170 0.026415 0.028302
206 0.113208 0.497170 0.041509 0.028302
207 0.149057 0.497170 0.026415 0.028302
208 0.182075 0.501887 0.028302 0.037736
209 0.225472 0.497170 0.024528 0.028302
210 0.250943 0.505660 0.015094 0.045283
211 0.266038 0.506604 0.007547 0.047170
212 0.279245 0.505660 0.015094 0.045283
213 0.014151 0.583019 0.024528 0.067925
