133 0.016038 0.037736 0.005660 0.037736
134 0.047170 0.039623 0.022642 0.041509
135 0.083962 0.038679 0.024528 0.039623
136 0.119811 0.038679 0.016981 0.039623
137 0.155660 0.038679 0.024528 0.039623
138 0.180189 0.038679 0.020755 0.039623
139 0.207547 0.037736 0.026415 0.037736
140 0.234906 0.038679 0.020755 0.039623
141 0.274528 0.038679 0.024528 0.039623
142 0.304717 0.038679 0.024528 0.039623
143 0.029245 0.099057 0.024528 0.039623
144 0.054717 0.099057 0.022642 0.039623
145 0.082075 0.091509 0.005660 0.024528
146 0.091509 0.096226 0.005660 0.033962
147 0.110377 0.091509 0.028302 0.024528
148 0.154717 0.085849 0.030189 0.013208
149 0.187736 0.092453 0.028302 0.026415
150 0.214151 0.100000 0.013208 0.041509
151 0.248113 0.105660 0.043396 0.052830
152 0.302830 0.099057 0.039623 0.039623
153 0.033019 0.170755 0.035849 0.039623
154 0.084906 0.170755 0.033962 0.039623
155 0.124528 0.170755 0.041509 0.039623
156 0.180189 0.170755 0.035849 0.039623
157 0.229245 0.170755 0.035849 0.039623
158 0.283019 0.170755 0.037736 0.039623
159 0.337736 0.170755 0.045283 0.039623
160 0.375472 0.170755 0.018868 0.039623
161 0.408491 0.177358 0.020755 0.052830
162 0.444340 0.170755 0.043396 0.039623
163 0.031132 0.242453 0.035849 0.039623
164 0.075472 0.242453 0.049057 0.039623
165 0.134906 0.242453 0.043396 0.039623
166 0.179245 0.242453 0.037736 0.039623
167 0.230189 0.242453 0.033962 0.039623
168 0.279245 0.248113 0.037736 0.050943
169 0.322642 0.242453 0.041509 0.039623
170 0.361321 0.242453 0.028302 0.039623
171 0.396226 0.242453 0.037736 0.039623
172 0.450000 0.242453 0.043396 0.039623
173 0.021698 0.312264 0.039623 0.039623
174 0.087736 0.312264 0.058491 0.039623
175 0.139623 0.312264 0.041509 0.039623
176 0.184906 0.312264 0.037736 0.039623
177 0.226415 0.312264 0.033962 0.039623
178 0.265094 0.318868 0.013208 0.052830
179 0.284906 0.311321 0.015094 0.037736
180 0.315094 0.318868 0.011321 0.052830
181 0.337736 0.313208 0.022642 0.041509
182 0.365094 0.307547 0.028302 0.030189
183 0.021698 0.378302 0.009434 0.028302
184 0.042453 0.376415 0.020755 0.024528
185 0.071698 0.383962 0.026415 0.039623
186 0.100000 0.376415 0.022642 0.024528
187 0.128302 0.383962 0.026415 0.039623
188 0.157547 0.376415 0.020755 0.024528
189 0.183962 0.383962 0.020755 0.039623
190 0.211321 0.383019 0.026415 0.037736
191 0.243396 0.383962 0.030189 0.039623
192 0.280189 0.383019 0.013208 0.037736
193 0.013208 0.448113 0.015094 0.050943
194 0.050943 0.442453 0.026415 0.039623
195 0.072642 0.442453 0.013208 0.039623
196 0.104717 0.434906 0.047170 0.024528
197 0.158491 0.434906 0.030189 0.024528
198 0.198113 0.434906 0.022642 0.024528
199 0.237736 0.441509 0.030189 0.037736
200 0.283019 0.441509 0.026415 0.037736
201 0.322642 0.434906 0.018868 0.024528
202 0.342453 0.434906 0.016981 0.024528
203 0.020755 0.508491 0.015094 0.032075
204 0.047170 0.504717 0.030189 0.024528
205 0.093396 0.503774 0.028302 0.022642
206 0.145283 0.504717 0.041509 0.024528
207 0.193396 0.504717 0.028302 0.024528
208 0.227358 0.511321 0.028302 0.037736
209 0.266038 0.504717 0.022642 0.024528
210 0.301887 0.518868 0.015094 0.052830
211 0.316981 0.516981 0.003774 0.049057
212 0.339623 0.518868 0.015094 0.052830
213 0.016981 0.592453 0.030189 0.056604
