133 0.011321 0.047170 0.011321 0.056604
134 0.043396 0.043396 0.022642 0.049057
135 0.089623 0.039623 0.039623 0.041509
136 0.126415 0.039623 0.026415 0.041509
137 0.161321 0.039623 0.035849 0.041509
138 0.214151 0.039623 0.035849 0.041509
139 0.254717 0.039623 0.037736 0.041509
140 0.305660 0.039623 0.033962 0.041509
141 0.346226 0.039623 0.035849 0.041509
142 0.388679 0.043396 0.037736 0.049057
143 0.032075 0.115094 0.033962 0.041509
144 0.070755 0.115094 0.035849 0.041509
145 0.110377 0.107547 0.009434 0.026415
146 0.124528 0.111321 0.011321 0.033962
147 0.151887 0.108491 0.032075 0.028302
148 0.199057 0.101887 0.032075 0.015094
149 0.236792 0.108491 0.032075 0.028302
150 0.283962 0.115094 0.028302 0.041509
151 0.337736 0.118868 0.049057 0.049057
152 0.386792 0.115094 0.045283 0.041509
153 0.028302 0.183019 0.045283 0.041509
154 0.086792 0.183019 0.037736 0.041509
155 0.147170 0.183019 0.049057 0.041509
156 0.206604 0.183019 0.043396 0.041509
157 0.262264 0.183019 0.041509 0.041509
158 0.321698 0.183019 0.047170 0.041509
159 0.377358 0.183019 0.052830 0.041509
160 0.418868 0.183019 0.026415 0.041509
161 0.453774 0.183019 0.035849 0.041509
162 0.500943 0.183019 0.054717 0.041509
163 0.034906 0.243396 0.043396 0.041509
164 0.103774 0.243396 0.060377 0.041509
165 0.163208 0.243396 0.050943 0.041509
166 0.213208 0.243396 0.045283 0.041509
167 0.270755 0.243396 0.043396 0.041509
168 0.329245 0.248113 0.047170 0.050943
169 0.390566 0.243396 0.049057 0.041509
170 0.449057 0.243396 0.033962 0.041509
171 0.492453 0.243396 0.045283 0.041509
172 0.553774 0.243396 0.047170 0.041509
173 0.025472 0.313208 0.047170 0.041509
174 0.099057 0.313208 0.069811 0.041509
175 0.169811 0.313208 0.045283 0.041509
176 0.231132 0.313208 0.047170 0.041509
177 0.278302 0.313208 0.043396 0.041509
178 0.316038 0.316981 0.020755 0.049057
179 0.343396 0.316981 0.022642 0.049057
180 0.369811 0.318868 0.022642 0.052830
181 0.412264 0.320755 0.028302 0.056604
182 0.455660 0.307547 0.028302 0.030189
183 0.011321 0.382075 0.011321 0.028302
184 0.049057 0.381132 0.030189 0.026415
185 0.084906 0.388679 0.033962 0.041509
186 0.129245 0.381132 0.028302 0.026415
187 0.175472 0.388679 0.033962 0.041509
188 0.218868 0.381132 0.026415 0.026415
189 0.263208 0.388679 0.028302 0.041509
190 0.305660 0.387736 0.030189 0.039623
191 0.355660 0.388679 0.035849 0.041509
192 0.400000 0.388679 0.018868 0.041509
193 0.013208 0.455660 0.022642 0.054717
194 0.049057 0.449057 0.037736 0.041509
195 0.090566 0.449057 0.018868 0.041509
196 0.139623 0.441509 0.052830 0.026415
197 0.187736 0.441509 0.035849 0.026415
198 0.233019 0.441509 0.028302 0.026415
199 0.281132 0.448113 0.033962 0.039623
200 0.330189 0.448113 0.033962 0.039623
201 0.366981 0.441509 0.028302 0.026415
202 0.397170 0.441509 0.024528 0.026415
203 0.014151 0.520755 0.020755 0.037736
204 0.055660 0.515094 0.035849 0.026415
205 0.101887 0.515094 0.030189 0.026415
206 0.155660 0.515094 0.047170 0.026415
207 0.199057 0.515094 0.032075 0.026415
208 0.246226 0.521698 0.032075 0.039623
209 0.291509 0.515094 0.028302 0.026415
210 0.328302 0.528302 0.015094 0.052830
211 0.343396 0.530189 0.003774 0.056604
212 0.371698 0.528302 0.018868 0.052830
213 0.021698 0.611321 0.032075 0.067925
