133 0.018868 0.033019 0.003774 0.028302
134 0.051887 0.040566 0.032075 0.043396
135 0.091509 0.028302 0.016981 0.018868
136 0.106604 0.028302 0.009434 0.018868
137 0.121698 0.028302 0.016981 0.018868
138 0.157547 0.033019 0.024528 0.028302
139 0.191509 0.034906 0.016981 0.032075
140 0.223585 0.031132 0.020755 0.024528
141 0.246226 0.030189 0.016981 0.022642
142 0.269811 0.033019 0.026415 0.028302
143 0.010377 0.094340 0.016981 0.026415
144 0.049057 0.096226 0.026415 0.030189
145 0.069811 0.090566 0.007547 0.018868
146 0.083962 0.093396 0.009434 0.024528
147 0.097170 0.090566 0.009434 0.018868
148 0.119811 0.084906 0.024528 0.007547
149 0.152830 0.091509 0.011321 0.020755
150 0.174528 0.100000 0.020755 0.037736
151 0.206604 0.100000 0.039623 0.037736
152 0.266981 0.103774 0.050943 0.045283
153 0.036792 0.168868 0.047170 0.047170
154 0.083019 0.164151 0.041509 0.037736
155 0.128302 0.168868 0.041509 0.047170
156 0.175472 0.166981 0.041509 0.043396
157 0.229245 0.166038 0.035849 0.041509
158 0.269811 0.168868 0.041509 0.047170
159 0.321698 0.169811 0.058491 0.049057
160 0.386792 0.166981 0.037736 0.043396
161 0.441509 0.178302 0.060377 0.066038
162 0.504717 0.170755 0.058491 0.050943
163 0.023585 0.251887 0.039623 0.043396
164 0.084906 0.255660 0.079245 0.050943
165 0.170755 0.253774 0.062264 0.047170
166 0.237736 0.249057 0.041509 0.037736
167 0.287736 0.253774 0.047170 0.047170
168 0.362264 0.257547 0.067925 0.054717
169 0.445283 0.260377 0.064151 0.060377
170 0.512264 0.250000 0.035849 0.039623
171 0.567925 0.249057 0.041509 0.037736
172 0.630189 0.250000 0.056604 0.039623
173 0.027358 0.330189 0.050943 0.041509
174 0.102830 0.330189 0.066038 0.041509
175 0.175472 0.331132 0.049057 0.043396
176 0.229245 0.338679 0.050943 0.058491
177 0.283019 0.330189 0.049057 0.041509
178 0.330189 0.335849 0.033962 0.052830
179 0.355660 0.331132 0.009434 0.043396
180 0.392453 0.335849 0.033962 0.052830
181 0.427358 0.322642 0.024528 0.026415
182 0.470755 0.316981 0.028302 0.015094
183 0.018868 0.398113 0.007547 0.022642
184 0.047170 0.394340 0.018868 0.015094
185 0.071698 0.401887 0.026415 0.030189
186 0.110377 0.395283 0.016981 0.016981
187 0.138679 0.401887 0.032075 0.030189
188 0.177358 0.395283 0.015094 0.016981
189 0.220755 0.411321 0.037736 0.049057
190 0.268868 0.402830 0.028302 0.032075
191 0.300943 0.402830 0.028302 0.032075
192 0.334906 0.400000 0.013208 0.026415
193 0.016981 0.477358 0.026415 0.045283
194 0.050943 0.472642 0.030189 0.035849
195 0.083019 0.470755 0.022642 0.032075
196 0.121698 0.462264 0.028302 0.015094
197 0.151887 0.463208 0.020755 0.016981
198 0.183019 0.462264 0.015094 0.015094
199 0.209434 0.470755 0.033962 0.032075
200 0.250000 0.470755 0.016981 0.032075
201 0.281132 0.462264 0.015094 0.015094
202 0.301887 0.463208 0.018868 0.016981
203 0.013208 0.531132 0.015094 0.024528
204 0.045283 0.526415 0.022642 0.015094
205 0.084906 0.528302 0.022642 0.018868
206 0.123585 0.527358 0.028302 0.016981
207 0.152830 0.526415 0.022642 0.015094
208 0.195283 0.536792 0.032075 0.035849
209 0.226415 0.528302 0.022642 0.018868
210 0.256604 0.541509 0.026415 0.045283
211 0.277358 0.547170 0.003774 0.056604
212 0.294340 0.541509 0.026415 0.045283
213 0.034906 0.616981 0.035849 0.045283
