133 0.016981 0.037736 0.007547 0.037736
134 0.044340 0.039623 0.020755 0.041509
135 0.069811 0.032075 0.022642 0.026415
136 0.094340 0.032075 0.018868 0.026415
137 0.120755 0.032075 0.022642 0.026415
138 0.147170 0.036792 0.022642 0.035849
139 0.172642 0.036792 0.024528 0.035849
140 0.202830 0.036792 0.024528 0.035849
141 0.240566 0.036792 0.024528 0.035849
142 0.283019 0.035849 0.026415 0.033962
143 0.016038 0.097170 0.024528 0.035849
144 0.054717 0.097170 0.026415 0.035849
145 0.089623 0.091509 0.009434 0.024528
146 0.101887 0.094340 0.011321 0.030189
147 0.124528 0.093396 0.026415 0.028302
148 0.166981 0.086792 0.028302 0.015094
149 0.198113 0.093396 0.026415 0.028302
150 0.235849 0.098113 0.018868 0.037736
151 0.277358 0.098113 0.037736 0.037736
152 0.317925 0.098113 0.035849 0.037736
153 0.033962 0.154717 0.033962 0.037736
154 0.073585 0.155660 0.033962 0.039623
155 0.128302 0.154717 0.041509 0.037736
156 0.168868 0.154717 0.032075 0.037736
157 0.207547 0.154717 0.033962 0.037736
158 0.259434 0.155660 0.035849 0.039623
159 0.316038 0.154717 0.047170 0.037736
160 0.354717 0.154717 0.022642 0.037736
161 0.383019 0.158491 0.022642 0.045283
162 0.417925 0.154717 0.039623 0.037736
163 0.018868 0.218868 0.030189 0.037736
164 0.066038 0.218868 0.052830 0.037736
165 0.132075 0.218868 0.045283 0.037736
166 0.175472 0.219811 0.037736 0.039623
167 0.228302 0.218868 0.033962 0.037736
168 0.266038 0.223585 0.037736 0.047170
169 0.316981 0.218868 0.033962 0.037736
170 0.359434 0.218868 0.024528 0.037736
171 0.389623 0.219811 0.032075 0.039623
172 0.427358 0.218868 0.039623 0.037736
173 0.024528 0.284906 0.037736 0.037736
174 0.084906 0.284906 0.052830 0.037736
175 0.145283 0.284906 0.041509 0.037736
176 0.188679 0.284906 0.033962 0.037736
177 0.225472 0.285849 0.035849 0.039623
178 0.254717 0.290566 0.018868 0.049057
179 0.274528 0.286792 0.013208 0.041509
180 0.296226 0.290566 0.018868 0.049057
181 0.322642 0.288679 0.022642 0.045283
182 0.351887 0.273585 0.028302 0.015094
183 0.009434 0.350943 0.007547 0.033962
184 0.042453 0.346226 0.024528 0.024528
185 0.082075 0.353774 0.024528 0.039623
186 0.119811 0.346226 0.020755 0.024528
187 0.159434 0.353774 0.028302 0.039623
188 0.199057 0.346226 0.020755 0.024528
189 0.229245 0.360377 0.032075 0.052830
190 0.273585 0.352830 0.030189 0.037736
191 0.305660 0.353774 0.026415 0.039623
192 0.328302 0.352830 0.011321 0.037736
193 0.016038 0.431132 0.020755 0.050943
194 0.051887 0.425472 0.024528 0.039623
195 0.084906 0.425472 0.011321 0.039623
196 0.112264 0.417925 0.039623 0.024528
197 0.150000 0.417925 0.024528 0.024528
198 0.189623 0.417925 0.024528 0.024528
199 0.231132 0.426415 0.032075 0.041509
200 0.263208 0.424528 0.024528 0.037736
201 0.300000 0.417925 0.018868 0.024528
202 0.322642 0.417925 0.018868 0.024528
203 0.009434 0.491509 0.015094 0.032075
204 0.033019 0.487736 0.024528 0.024528
205 0.060377 0.487736 0.022642 0.024528
206 0.106604 0.487736 0.035849 0.024528
207 0.140566 0.487736 0.028302 0.024528
208 0.174528 0.494340 0.028302 0.037736
209 0.213208 0.487736 0.022642 0.024528
210 0.234906 0.500943 0.016981 0.050943
211 0.247170 0.503774 0.003774 0.056604
212 0.270755 0.500943 0.016981 0.050943
213 0.028302 0.579245 0.026415 0.056604
