133 0.021698 0.042453 0.009434 0.047170
134 0.034906 0.038679 0.013208 0.039623
135 0.066981 0.038679 0.024528 0.039623
136 0.091509 0.038679 0.013208 0.039623
137 0.114151 0.038679 0.024528 0.039623
138 0.152830 0.038679 0.026415 0.039623
139 0.192453 0.038679 0.026415 0.039623
140 0.234906 0.038679 0.024528 0.039623
141 0.262264 0.038679 0.026415 0.039623
142 0.301887 0.038679 0.022642 0.039623
143 0.028302 0.104717 0.026415 0.039623
144 0.055660 0.104717 0.024528 0.039623
145 0.080189 0.098113 0.013208 0.026415
146 0.111321 0.101887 0.015094 0.033962
147 0.137736 0.099057 0.026415 0.028302
148 0.178302 0.095283 0.028302 0.020755
149 0.209434 0.100943 0.026415 0.032075
150 0.249057 0.104717 0.018868 0.039623
151 0.286792 0.111321 0.052830 0.052830
152 0.331132 0.104717 0.032075 0.039623
153 0.017925 0.176415 0.032075 0.039623
154 0.064151 0.176415 0.033962 0.039623
155 0.105660 0.176415 0.037736 0.039623
156 0.143396 0.176415 0.030189 0.039623
157 0.178302 0.176415 0.028302 0.039623
158 0.228302 0.176415 0.037736 0.039623
159 0.273585 0.176415 0.041509 0.039623
160 0.303774 0.176415 0.011321 0.039623
161 0.322642 0.183019 0.018868 0.052830
162 0.352830 0.176415 0.037736 0.039623
163 0.018868 0.248113 0.026415 0.039623
164 0.074528 0.248113 0.050943 0.039623
165 0.137736 0.248113 0.041509 0.039623
166 0.192453 0.248113 0.041509 0.039623
167 0.243396 0.248113 0.030189 0.039623
168 0.281132 0.253774 0.041509 0.050943
169 0.323585 0.248113 0.032075 0.039623
170 0.367925 0.248113 0.026415 0.039623
171 0.401887 0.248113 0.033962 0.039623
172 0.441509 0.248113 0.037736 0.039623
173 0.028302 0.317925 0.030189 0.039623
174 0.075472 0.317925 0.052830 0.039623
175 0.136792 0.317925 0.043396 0.039623
176 0.190566 0.317925 0.030189 0.039623
177 0.239623 0.317925 0.037736 0.039623
178 0.270755 0.324528 0.020755 0.052830
179 0.304717 0.317925 0.013208 0.039623
180 0.336792 0.324528 0.020755 0.052830
181 0.377358 0.320755 0.026415 0.045283
182 0.419811 0.313208 0.028302 0.030189
183 0.010377 0.386792 0.013208 0.033962
184 0.032075 0.383019 0.026415 0.026415
185 0.060377 0.389623 0.026415 0.039623
186 0.100000 0.383019 0.022642 0.026415
187 0.140566 0.389623 0.028302 0.039623
188 0.170755 0.383019 0.024528 0.026415
189 0.196226 0.395283 0.022642 0.050943
190 0.225472 0.389623 0.028302 0.039623
191 0.267925 0.389623 0.026415 0.039623
192 0.290566 0.388679 0.011321 0.037736
193 0.012264 0.465094 0.016981 0.050943
194 0.037736 0.459434 0.026415 0.039623
195 0.070755 0.459434 0.013208 0.039623
196 0.103774 0.452830 0.041509 0.026415
197 0.139623 0.452830 0.026415 0.026415
198 0.170755 0.452830 0.028302 0.026415
199 0.203774 0.461321 0.030189 0.043396
200 0.247170 0.459434 0.026415 0.039623
201 0.274528 0.452830 0.020755 0.026415
202 0.300000 0.452830 0.018868 0.026415
203 0.026415 0.525472 0.018868 0.032075
204 0.053774 0.522642 0.024528 0.026415
205 0.082075 0.522642 0.024528 0.026415
206 0.127358 0.522642 0.039623 0.026415
207 0.164151 0.522642 0.030189 0.026415
208 0.194340 0.529245 0.026415 0.039623
209 0.236792 0.522642 0.024528 0.026415
210 0.262264 0.534906 0.018868 0.050943
211 0.287736 0.535849 0.005660 0.052830
212 0.313208 0.534906 0.018868 0.050943
213 0.030189 0.615094 0.030189 0.067925
