133 0.007547 0.037736 0.007547 0.037736
134 0.033019 0.040566 0.013208 0.043396
135 0.058491 0.035849 0.030189 0.033962
136 0.083962 0.035849 0.013208 0.033962
137 0.109434 0.035849 0.026415 0.033962
138 0.135849 0.035849 0.022642 0.033962
139 0.177358 0.035849 0.026415 0.033962
140 0.216038 0.035849 0.024528 0.033962
141 0.242453 0.035849 0.024528 0.033962
142 0.270755 0.035849 0.024528 0.033962
143 0.029245 0.098113 0.024528 0.033962
144 0.055660 0.098113 0.024528 0.033962
145 0.084906 0.092453 0.007547 0.022642
146 0.106604 0.095283 0.009434 0.028302
147 0.121698 0.093396 0.016981 0.024528
148 0.157547 0.086792 0.020755 0.011321
149 0.178302 0.092453 0.016981 0.022642
150 0.209434 0.100000 0.018868 0.037736
151 0.239623 0.100943 0.030189 0.039623
152 0.289623 0.100943 0.035849 0.039623
153 0.031132 0.159434 0.028302 0.039623
154 0.066038 0.159434 0.030189 0.039623
155 0.112264 0.159434 0.032075 0.039623
156 0.144340 0.159434 0.024528 0.039623
157 0.170755 0.159434 0.024528 0.039623
158 0.213208 0.159434 0.033962 0.039623
159 0.250943 0.159434 0.033962 0.039623
160 0.285849 0.159434 0.005660 0.039623
161 0.295283 0.161321 0.009434 0.043396
162 0.328302 0.159434 0.030189 0.039623
163 0.014151 0.221698 0.024528 0.039623
164 0.060377 0.221698 0.037736 0.039623
165 0.100000 0.221698 0.033962 0.039623
166 0.150943 0.221698 0.037736 0.039623
167 0.200000 0.221698 0.030189 0.039623
168 0.247170 0.225472 0.037736 0.047170
169 0.282075 0.221698 0.028302 0.039623
170 0.321698 0.221698 0.020755 0.039623
171 0.351887 0.221698 0.028302 0.039623
172 0.383019 0.221698 0.030189 0.039623
173 0.029245 0.287736 0.032075 0.039623
174 0.083962 0.287736 0.047170 0.039623
175 0.134906 0.287736 0.028302 0.039623
176 0.166038 0.287736 0.030189 0.039623
177 0.195283 0.287736 0.024528 0.039623
178 0.228302 0.292453 0.015094 0.049057
179 0.259434 0.289623 0.013208 0.043396
180 0.288679 0.292453 0.015094 0.049057
181 0.311321 0.288679 0.022642 0.041509
182 0.336792 0.290566 0.024528 0.045283
183 0.019811 0.350000 0.013208 0.028302
184 0.044340 0.349057 0.028302 0.026415
185 0.074528 0.355660 0.028302 0.039623
186 0.100000 0.349057 0.018868 0.026415
187 0.124528 0.355660 0.026415 0.039623
188 0.165094 0.349057 0.024528 0.026415
189 0.200943 0.356604 0.016981 0.041509
190 0.225472 0.352830 0.024528 0.033962
191 0.253774 0.355660 0.024528 0.039623
192 0.275472 0.354717 0.007547 0.037736
193 0.018868 0.418868 0.011321 0.045283
194 0.039623 0.416981 0.026415 0.041509
195 0.072642 0.416038 0.005660 0.039623
196 0.102830 0.409434 0.043396 0.026415
197 0.151887 0.409434 0.024528 0.026415
198 0.179245 0.409434 0.026415 0.026415
199 0.212264 0.414151 0.028302 0.035849
200 0.255660 0.414151 0.028302 0.035849
201 0.282075 0.409434 0.016981 0.026415
202 0.312264 0.409434 0.013208 0.026415
203 0.013208 0.478302 0.018868 0.035849
204 0.051887 0.473585 0.024528 0.026415
205 0.080189 0.473585 0.024528 0.026415
206 0.113208 0.473585 0.037736 0.026415
207 0.148113 0.473585 0.020755 0.026415
208 0.172642 0.478302 0.024528 0.035849
209 0.199057 0.473585 0.020755 0.026415
210 0.231132 0.484906 0.016981 0.049057
211 0.244340 0.482075 0.005660 0.043396
212 0.258491 0.484906 0.015094 0.049057
213 0.017925 0.550943 0.024528 0.045283
