100 0.020755 0.029245 0.015094 0.020755
101 0.037736 0.029245 0.015094 0.020755
102 0.059434 0.029245 0.020755 0.020755
103 0.083019 0.030189 0.018868 0.022642
104 0.115094 0.030189 0.018868 0.022642
105 0.142453 0.029245 0.028302 0.020755
106 0.186792 0.033019 0.026415 0.028302
107 0.215094 0.033019 0.018868 0.028302
108 0.247170 0.033019 0.018868 0.028302
109 0.280189 0.033019 0.016981 0.028302
110 0.026415 0.076415 0.018868 0.020755
111 0.063208 0.076415 0.028302 0.020755
112 0.105660 0.076415 0.030189 0.020755
113 0.148113 0.076415 0.020755 0.020755
114 0.173585 0.076415 0.018868 0.020755
115 0.204717 0.076415 0.016981 0.020755
116 0.227358 0.076415 0.020755 0.020755
117 0.261321 0.076415 0.016981 0.020755
118 0.287736 0.076415 0.024528 0.020755
119 0.314151 0.076415 0.020755 0.020755
120 0.014151 0.117925 0.020755 0.024528
121 0.035849 0.116038 0.018868 0.020755
122 0.058491 0.117925 0.018868 0.024528
123 0.084906 0.116038 0.022642 0.020755
124 0.109434 0.117925 0.022642 0.024528
125 0.133019 0.116038 0.020755 0.020755
126 0.166981 0.116038 0.020755 0.020755
127 0.187736 0.116038 0.016981 0.020755
128 0.217925 0.116038 0.016981 0.020755
129 0.248113 0.119811 0.016981 0.028302
130 0.015094 0.163208 0.018868 0.020755
131 0.048113 0.166981 0.020755 0.028302
132 0.079245 0.163208 0.015094 0.020755
133 0.101887 0.164151 0.018868 0.022642
134 0.125472 0.163208 0.024528 0.020755
135 0.150943 0.164151 0.018868 0.022642
136 0.177358 0.163208 0.022642 0.020755
137 0.216981 0.166981 0.022642 0.028302
138 0.250000 0.163208 0.016981 0.020755
139 0.268868 0.164151 0.016981 0.022642
140 0.010377 0.210377 0.013208 0.020755
141 0.029245 0.209434 0.013208 0.018868
142 0.058491 0.203774 0.018868 0.007547
143 0.079245 0.210377 0.015094 0.020755
144 0.100943 0.215094 0.024528 0.030189
145 0.138679 0.202830 0.016981 0.005660
146 0.172642 0.203774 0.016981 0.007547
147 0.196226 0.203774 0.018868 0.007547
148 0.230189 0.203774 0.018868 0.007547
149 0.249057 0.203774 0.007547 0.007547
150 0.020755 0.252830 0.011321 0.007547
151 0.044340 0.251887 0.005660 0.005660
152 0.069811 0.264151 0.018868 0.030189
153 0.089623 0.259434 0.009434 0.020755
154 0.107547 0.259434 0.022642 0.020755
155 0.130189 0.265094 0.018868 0.032075
156 0.154717 0.266038 0.018868 0.033962
157 0.178302 0.265094 0.020755 0.032075
158 0.200000 0.262264 0.015094 0.026415
159 0.219811 0.259434 0.013208 0.020755
160 0.024528 0.306604 0.015094 0.009434
161 0.039623 0.305660 0.003774 0.007547
162 0.050000 0.305660 0.013208 0.007547
163 0.079245 0.305660 0.015094 0.007547
164 0.108491 0.304717 0.009434 0.005660
165 0.131132 0.305660 0.009434 0.007547
166 0.156604 0.305660 0.007547 0.007547
167 0.172642 0.307547 0.016981 0.011321
168 0.195283 0.310377 0.016981 0.016981
169 0.225472 0.310377 0.016981 0.016981
170 0.025472 0.346226 0.016981 0.016981
171 0.049057 0.349057 0.022642 0.022642
172 0.071698 0.346226 0.018868 0.016981
173 0.098113 0.350943 0.022642 0.026415
174 0.125472 0.351887 0.020755 0.028302
175 0.149057 0.349057 0.018868 0.022642
176 0.171698 0.349057 0.022642 0.022642
177 0.197170 0.350000 0.020755 0.024528
178 0.218868 0.350000 0.018868 0.024528
179 0.243396 0.348113 0.022642 0.020755
180 0.036792 0.391509 0.043396 0.013208
