100 0.007547 0.030189 0.007547 0.022642
101 0.024528 0.030189 0.015094 0.022642
102 0.041509 0.029245 0.015094 0.020755
103 0.074528 0.030189 0.016981 0.022642
104 0.095283 0.030189 0.020755 0.022642
105 0.131132 0.030189 0.024528 0.022642
106 0.168868 0.034906 0.024528 0.032075
107 0.194340 0.034906 0.015094 0.032075
108 0.214151 0.034906 0.016981 0.032075
109 0.233962 0.034906 0.015094 0.032075
110 0.012264 0.081132 0.020755 0.022642
111 0.035849 0.081132 0.022642 0.022642
112 0.061321 0.080189 0.024528 0.020755
113 0.098113 0.081132 0.015094 0.022642
114 0.128302 0.081132 0.015094 0.022642
115 0.160377 0.079245 0.015094 0.018868
116 0.189623 0.081132 0.016981 0.022642
117 0.211321 0.081132 0.015094 0.022642
118 0.244340 0.081132 0.016981 0.022642
119 0.265094 0.081132 0.016981 0.022642
120 0.014151 0.122642 0.016981 0.022642
121 0.034906 0.121698 0.016981 0.020755
122 0.053774 0.127358 0.016981 0.032075
123 0.075472 0.122642 0.018868 0.022642
124 0.111321 0.128302 0.018868 0.033962
125 0.132075 0.121698 0.015094 0.020755
126 0.163208 0.122642 0.016981 0.022642
127 0.194340 0.122642 0.015094 0.022642
128 0.223585 0.120755 0.013208 0.018868
129 0.239623 0.120755 0.015094 0.018868
130 0.008491 0.174528 0.013208 0.020755
131 0.026415 0.179245 0.015094 0.030189
132 0.057547 0.174528 0.013208 0.020755
133 0.090566 0.176415 0.018868 0.024528
134 0.113208 0.175472 0.018868 0.022642
135 0.133962 0.172642 0.015094 0.016981
136 0.156604 0.172642 0.018868 0.016981
137 0.187736 0.175472 0.016981 0.022642
138 0.204717 0.175472 0.013208 0.022642
139 0.224528 0.175472 0.015094 0.022642
140 0.011321 0.222642 0.015094 0.018868
141 0.030189 0.222642 0.011321 0.018868
142 0.046226 0.216038 0.013208 0.005660
143 0.071698 0.223585 0.011321 0.020755
144 0.094340 0.228302 0.026415 0.030189
145 0.132075 0.216981 0.015094 0.007547
146 0.151887 0.216981 0.016981 0.007547
147 0.174528 0.216981 0.016981 0.007547
148 0.208491 0.216981 0.016981 0.007547
149 0.232075 0.216981 0.003774 0.007547
150 0.016981 0.266981 0.007547 0.009434
151 0.023585 0.263208 0.001887 0.001887
152 0.034906 0.277358 0.016981 0.030189
153 0.049057 0.270755 0.003774 0.016981
154 0.060377 0.270755 0.015094 0.016981
155 0.081132 0.280189 0.015094 0.035849
156 0.098113 0.277358 0.015094 0.030189
157 0.115094 0.278302 0.011321 0.032075
158 0.132075 0.265094 0.011321 0.005660
159 0.150943 0.276415 0.015094 0.028302
160 0.021698 0.321698 0.013208 0.009434
161 0.046226 0.318868 0.001887 0.003774
162 0.064151 0.319811 0.003774 0.005660
163 0.083019 0.319811 0.007547 0.005660
164 0.096226 0.317925 0.007547 0.001887
165 0.108491 0.318868 0.005660 0.003774
166 0.128302 0.320755 0.007547 0.007547
167 0.151887 0.323585 0.005660 0.013208
168 0.177358 0.326415 0.018868 0.018868
169 0.212264 0.325472 0.016981 0.016981
170 0.014151 0.362264 0.016981 0.015094
171 0.035849 0.364151 0.018868 0.018868
172 0.059434 0.362264 0.016981 0.015094
173 0.090566 0.364151 0.018868 0.018868
174 0.124528 0.364151 0.018868 0.018868
175 0.161321 0.366038 0.020755 0.022642
176 0.187736 0.363208 0.020755 0.016981
177 0.224528 0.363208 0.018868 0.016981
178 0.249057 0.363208 0.018868 0.016981
179 0.270755 0.365094 0.016981 0.020755
180 0.032075 0.402830 0.033962 0.013208
