0 0.008491 0.032075 0.005660 0.026415
1 0.023585 0.038679 0.013208 0.039623
2 0.043396 0.032075 0.018868 0.026415
3 0.064151 0.033019 0.015094 0.028302
4 0.089623 0.032075 0.028302 0.026415
5 0.115094 0.032075 0.018868 0.026415
6 0.144340 0.038679 0.005660 0.039623
7 0.155660 0.031132 0.005660 0.024528
8 0.175472 0.029245 0.003774 0.020755
9 0.198113 0.027358 0.015094 0.016981
10 0.012264 0.085849 0.016981 0.016981
11 0.029245 0.094340 0.005660 0.033962
12 0.051887 0.088679 0.009434 0.022642
13 0.061321 0.091509 0.005660 0.028302
14 0.072642 0.090566 0.009434 0.026415
15 0.100000 0.088679 0.018868 0.022642
16 0.129245 0.089623 0.013208 0.024528
17 0.146226 0.089623 0.016981 0.024528
18 0.180189 0.089623 0.016981 0.024528
19 0.201887 0.089623 0.018868 0.024528
20 0.025472 0.142453 0.016981 0.024528
21 0.055660 0.142453 0.016981 0.024528
22 0.089623 0.142453 0.016981 0.024528
23 0.113208 0.141509 0.018868 0.022642
24 0.146226 0.142453 0.016981 0.024528
25 0.174528 0.142453 0.005660 0.024528
26 0.196226 0.143396 0.003774 0.026415
27 0.217925 0.139623 0.013208 0.018868
28 0.233019 0.134906 0.013208 0.009434
29 0.250000 0.139623 0.013208 0.018868
30 0.019811 0.188679 0.013208 0.026415
31 0.056604 0.190566 0.026415 0.030189
32 0.082075 0.187736 0.020755 0.024528
33 0.118868 0.187736 0.018868 0.024528
34 0.140566 0.187736 0.016981 0.024528
35 0.164151 0.187736 0.018868 0.024528
36 0.199057 0.187736 0.016981 0.024528
37 0.231132 0.187736 0.016981 0.024528
38 0.263208 0.187736 0.016981 0.024528
39 0.293396 0.187736 0.016981 0.024528
40 0.023585 0.236792 0.013208 0.024528
41 0.051887 0.236792 0.016981 0.024528
42 0.083962 0.236792 0.016981 0.024528
43 0.114151 0.236792 0.013208 0.024528
44 0.146226 0.236792 0.020755 0.024528
45 0.170755 0.236792 0.016981 0.024528
46 0.194340 0.236792 0.018868 0.024528
47 0.215094 0.236792 0.018868 0.024528
48 0.250943 0.238679 0.018868 0.028302
49 0.271698 0.236792 0.018868 0.024528
50 0.024528 0.283962 0.018868 0.024528
51 0.045283 0.283962 0.018868 0.024528
52 0.078302 0.283962 0.016981 0.024528
53 0.111321 0.283962 0.018868 0.024528
54 0.137736 0.283962 0.022642 0.024528
55 0.173585 0.283962 0.018868 0.024528
56 0.196226 0.283962 0.018868 0.024528
57 0.218868 0.283962 0.018868 0.024528
58 0.245283 0.287736 0.007547 0.032075
59 0.270755 0.285849 0.009434 0.028302
60 0.005660 0.338679 0.007547 0.032075
61 0.019811 0.337736 0.013208 0.030189
62 0.041509 0.337736 0.018868 0.030189
63 0.057547 0.331132 0.005660 0.016981
64 0.074528 0.332075 0.016981 0.018868
65 0.095283 0.335849 0.016981 0.026415
66 0.125472 0.332075 0.013208 0.018868
67 0.155660 0.335849 0.016981 0.026415
68 0.185849 0.332075 0.016981 0.018868
69 0.218868 0.335849 0.015094 0.026415
70 0.021698 0.386792 0.016981 0.026415
71 0.054717 0.386792 0.015094 0.026415
72 0.072642 0.386792 0.013208 0.026415
73 0.101887 0.389623 0.011321 0.032075
74 0.129245 0.386792 0.016981 0.026415
75 0.148113 0.386792 0.013208 0.026415
76 0.168868 0.383019 0.020755 0.018868
77 0.188679 0.383019 0.015094 0.018868
78 0.206604 0.383019 0.016981 0.018868
79 0.227358 0.385849 0.016981 0.024528
80 0.010377 0.437736 0.016981 0.026415
81 0.028302 0.433962 0.011321 0.018868
82 0.043396 0.433962 0.015094 0.018868
83 0.073585 0.435849 0.015094 0.022642
84 0.101887 0.433962 0.015094 0.018868
85 0.134906 0.433962 0.016981 0.018868
86 0.166981 0.433962 0.020755 0.018868
87 0.198113 0.433962 0.015094 0.018868
88 0.230189 0.437736 0.018868 0.026415
89 0.252830 0.433962 0.015094 0.018868
90 0.009434 0.485849 0.011321 0.032075
91 0.021698 0.487736 0.001887 0.035849
92 0.033962 0.485849 0.011321 0.032075
93 0.061321 0.492453 0.016981 0.045283
94 0.093396 0.480189 0.016981 0.020755
95 0.116038 0.481132 0.016981 0.022642
96 0.147170 0.481132 0.018868 0.022642
97 0.171698 0.481132 0.018868 0.022642
98 0.207547 0.481132 0.018868 0.022642
99 0.242453 0.481132 0.020755 0.022642
