0 0.004717 0.031132 0.005660 0.024528
1 0.012264 0.027358 0.005660 0.016981
2 0.027358 0.031132 0.020755 0.024528
3 0.051887 0.032075 0.016981 0.026415
4 0.077358 0.031132 0.022642 0.024528
5 0.110377 0.031132 0.016981 0.024528
6 0.136792 0.024528 0.001887 0.011321
7 0.158491 0.031132 0.007547 0.024528
8 0.168868 0.031132 0.009434 0.024528
9 0.193396 0.027358 0.013208 0.016981
10 0.011321 0.070755 0.011321 0.013208
11 0.024528 0.069811 0.003774 0.011321
12 0.033019 0.069811 0.009434 0.011321
13 0.055660 0.073585 0.001887 0.018868
14 0.072642 0.068868 0.005660 0.009434
15 0.086792 0.076415 0.018868 0.024528
16 0.107547 0.076415 0.011321 0.024528
17 0.135849 0.076415 0.018868 0.024528
18 0.158491 0.076415 0.018868 0.024528
19 0.193396 0.076415 0.016981 0.024528
20 0.013208 0.119811 0.018868 0.024528
21 0.034906 0.119811 0.016981 0.024528
22 0.065094 0.118868 0.016981 0.022642
23 0.099057 0.119811 0.016981 0.024528
24 0.117925 0.119811 0.016981 0.024528
25 0.142453 0.116038 0.005660 0.016981
26 0.164151 0.116038 0.007547 0.016981
27 0.176415 0.113208 0.013208 0.011321
28 0.202830 0.111321 0.009434 0.007547
29 0.226415 0.113208 0.011321 0.011321
30 0.019811 0.163208 0.013208 0.024528
31 0.051887 0.166038 0.024528 0.030189
32 0.085849 0.162264 0.016981 0.022642
33 0.119811 0.163208 0.020755 0.024528
34 0.145283 0.163208 0.018868 0.024528
35 0.168868 0.163208 0.020755 0.024528
36 0.195283 0.163208 0.020755 0.024528
37 0.228302 0.162264 0.018868 0.022642
38 0.249057 0.163208 0.018868 0.024528
39 0.285849 0.162264 0.020755 0.022642
40 0.020755 0.212264 0.015094 0.024528
41 0.052830 0.212264 0.018868 0.024528
42 0.076415 0.210377 0.016981 0.020755
43 0.103774 0.210377 0.011321 0.020755
44 0.122642 0.211321 0.022642 0.022642
45 0.149057 0.212264 0.018868 0.024528
46 0.169811 0.212264 0.018868 0.024528
47 0.191509 0.211321 0.020755 0.022642
48 0.213208 0.215094 0.018868 0.030189
49 0.248113 0.211321 0.020755 0.022642
50 0.023585 0.261321 0.016981 0.024528
51 0.042453 0.260377 0.013208 0.022642
52 0.073585 0.259434 0.018868 0.020755
53 0.106604 0.260377 0.016981 0.022642
54 0.129245 0.260377 0.020755 0.022642
55 0.165094 0.261321 0.016981 0.024528
56 0.195283 0.258491 0.016981 0.018868
57 0.231132 0.261321 0.020755 0.024528
58 0.259434 0.264151 0.009434 0.030189
59 0.280189 0.253774 0.001887 0.009434
60 0.010377 0.313208 0.009434 0.030189
61 0.028302 0.313208 0.015094 0.030189
62 0.046226 0.305660 0.016981 0.015094
63 0.072642 0.306604 0.005660 0.016981
64 0.096226 0.307547 0.015094 0.018868
65 0.114151 0.309434 0.016981 0.022642
66 0.134906 0.308491 0.016981 0.020755
67 0.166981 0.309434 0.016981 0.022642
68 0.200943 0.308491 0.016981 0.020755
69 0.232075 0.310377 0.015094 0.024528
70 0.013208 0.360377 0.018868 0.026415
71 0.046226 0.356604 0.016981 0.018868
72 0.072642 0.360377 0.009434 0.026415
73 0.099057 0.364151 0.016981 0.033962
74 0.116981 0.357547 0.015094 0.020755
75 0.145283 0.360377 0.011321 0.026415
76 0.175472 0.355660 0.022642 0.016981
77 0.212264 0.356604 0.016981 0.018868
78 0.233019 0.357547 0.016981 0.020755
79 0.253774 0.358491 0.016981 0.022642
80 0.012264 0.411321 0.016981 0.022642
81 0.030189 0.408491 0.015094 0.016981
82 0.059434 0.409434 0.013208 0.018868
83 0.088679 0.409434 0.011321 0.018868
84 0.107547 0.406604 0.015094 0.013208
85 0.128302 0.408491 0.015094 0.016981
86 0.151887 0.409434 0.020755 0.018868
87 0.184906 0.407547 0.015094 0.015094
88 0.204717 0.412264 0.016981 0.024528
89 0.224528 0.409434 0.018868 0.018868
90 0.006604 0.459434 0.009434 0.032075
91 0.029245 0.454717 0.005660 0.022642
92 0.038679 0.457547 0.005660 0.028302
93 0.051887 0.454717 0.016981 0.022642
94 0.083962 0.453774 0.016981 0.020755
95 0.112264 0.454717 0.013208 0.022642
96 0.145283 0.454717 0.018868 0.022642
97 0.181132 0.454717 0.018868 0.022642
98 0.215094 0.454717 0.018868 0.022642
99 0.251887 0.454717 0.020755 0.022642
