100 0.011321 0.033019 0.018868 0.028302
101 0.042453 0.033019 0.016981 0.028302
102 0.065094 0.032075 0.024528 0.026415
103 0.089623 0.034906 0.016981 0.032075
104 0.112264 0.034906 0.016981 0.032075
105 0.140566 0.032075 0.028302 0.026415
106 0.171698 0.034906 0.030189 0.032075
107 0.211321 0.034906 0.018868 0.032075
108 0.232075 0.035849 0.018868 0.033962
109 0.263208 0.037736 0.016981 0.037736
110 0.018868 0.088679 0.026415 0.026415
111 0.066038 0.088679 0.033962 0.026415
112 0.101887 0.088679 0.033962 0.026415
113 0.148113 0.089623 0.024528 0.028302
114 0.178302 0.089623 0.024528 0.028302
115 0.214151 0.088679 0.016981 0.026415
116 0.252830 0.088679 0.026415 0.026415
117 0.278302 0.089623 0.016981 0.028302
118 0.303774 0.089623 0.026415 0.028302
119 0.329245 0.089623 0.020755 0.028302
120 0.014151 0.141509 0.020755 0.037736
121 0.053774 0.135849 0.024528 0.026415
122 0.092453 0.142453 0.022642 0.039623
123 0.130189 0.136792 0.026415 0.028302
124 0.158491 0.142453 0.026415 0.039623
125 0.187736 0.135849 0.020755 0.026415
126 0.222642 0.135849 0.022642 0.026415
127 0.249057 0.135849 0.018868 0.026415
128 0.280189 0.135849 0.016981 0.026415
129 0.316038 0.139623 0.020755 0.033962
130 0.029245 0.195283 0.024528 0.028302
131 0.055660 0.198113 0.020755 0.033962
132 0.090566 0.195283 0.018868 0.028302
133 0.127358 0.197170 0.024528 0.032075
134 0.164151 0.195283 0.022642 0.028302
135 0.191509 0.197170 0.024528 0.032075
136 0.233962 0.195283 0.026415 0.028302
137 0.262264 0.200000 0.026415 0.037736
138 0.290566 0.195283 0.018868 0.028302
139 0.324528 0.196226 0.018868 0.030189
140 0.021698 0.250943 0.016981 0.026415
141 0.034906 0.249057 0.005660 0.022642
142 0.062264 0.241509 0.018868 0.007547
143 0.081132 0.250943 0.011321 0.026415
144 0.116981 0.257547 0.026415 0.039623
145 0.155660 0.240566 0.016981 0.005660
146 0.178302 0.241509 0.016981 0.007547
147 0.211321 0.242453 0.018868 0.009434
148 0.246226 0.241509 0.016981 0.007547
149 0.275472 0.243396 0.007547 0.011321
150 0.015094 0.301887 0.018868 0.011321
151 0.045283 0.301887 0.011321 0.011321
152 0.065094 0.315094 0.016981 0.037736
153 0.090566 0.309434 0.007547 0.026415
154 0.119811 0.309434 0.016981 0.026415
155 0.147170 0.317925 0.011321 0.043396
156 0.166981 0.318868 0.016981 0.045283
157 0.183962 0.316981 0.013208 0.041509
158 0.201887 0.313208 0.011321 0.033962
159 0.217925 0.309434 0.016981 0.026415
160 0.023585 0.365094 0.016981 0.009434
161 0.040566 0.364151 0.005660 0.007547
162 0.056604 0.364151 0.018868 0.007547
163 0.090566 0.363208 0.018868 0.005660
164 0.119811 0.364151 0.009434 0.007547
165 0.144340 0.364151 0.013208 0.007547
166 0.158491 0.365094 0.011321 0.009434
167 0.179245 0.364151 0.018868 0.007547
168 0.212264 0.368868 0.016981 0.016981
169 0.232075 0.373585 0.018868 0.026415
170 0.019811 0.418868 0.009434 0.026415
171 0.046226 0.418868 0.016981 0.026415
172 0.076415 0.418868 0.016981 0.026415
173 0.107547 0.418868 0.018868 0.026415
174 0.127358 0.418868 0.016981 0.026415
175 0.149057 0.418868 0.018868 0.026415
176 0.180189 0.418868 0.016981 0.026415
177 0.214151 0.418868 0.016981 0.026415
178 0.234906 0.419811 0.016981 0.028302
179 0.273585 0.418868 0.026415 0.026415
180 0.028302 0.462264 0.049057 0.018868
