100 0.011321 0.030189 0.015094 0.022642
101 0.034906 0.030189 0.020755 0.022642
102 0.072642 0.030189 0.020755 0.022642
103 0.111321 0.032075 0.022642 0.026415
104 0.136792 0.032075 0.024528 0.026415
105 0.178302 0.030189 0.032075 0.022642
106 0.213208 0.035849 0.030189 0.033962
107 0.245283 0.035849 0.022642 0.033962
108 0.283019 0.035849 0.022642 0.033962
109 0.321698 0.035849 0.020755 0.033962
110 0.025472 0.083019 0.024528 0.022642
111 0.070755 0.083019 0.032075 0.022642
112 0.106604 0.083019 0.032075 0.022642
113 0.150943 0.083019 0.022642 0.022642
114 0.179245 0.083019 0.022642 0.022642
115 0.217925 0.083019 0.020755 0.022642
116 0.255660 0.083019 0.024528 0.022642
117 0.279245 0.083019 0.018868 0.022642
118 0.317925 0.083019 0.024528 0.022642
119 0.357547 0.082075 0.024528 0.020755
120 0.018868 0.130189 0.026415 0.033962
121 0.048113 0.124528 0.020755 0.022642
122 0.085849 0.131132 0.020755 0.035849
123 0.126415 0.124528 0.026415 0.022642
124 0.166981 0.131132 0.028302 0.035849
125 0.195283 0.124528 0.020755 0.022642
126 0.233962 0.124528 0.022642 0.022642
127 0.270755 0.123585 0.020755 0.020755
128 0.305660 0.124528 0.018868 0.022642
129 0.340566 0.130189 0.020755 0.033962
130 0.025472 0.179245 0.020755 0.022642
131 0.064151 0.183962 0.022642 0.032075
132 0.087736 0.179245 0.016981 0.022642
133 0.109434 0.180189 0.022642 0.024528
134 0.147170 0.177358 0.026415 0.018868
135 0.183962 0.180189 0.020755 0.024528
136 0.223585 0.179245 0.024528 0.022642
137 0.252830 0.180189 0.026415 0.024528
138 0.282075 0.179245 0.020755 0.022642
139 0.316981 0.179245 0.018868 0.022642
140 0.026415 0.230189 0.018868 0.022642
141 0.057547 0.228302 0.013208 0.018868
142 0.088679 0.222642 0.015094 0.007547
143 0.110377 0.230189 0.016981 0.022642
144 0.137736 0.236792 0.026415 0.035849
145 0.161321 0.221698 0.016981 0.005660
146 0.182075 0.223585 0.016981 0.009434
147 0.202830 0.223585 0.016981 0.009434
148 0.234906 0.223585 0.016981 0.009434
149 0.249057 0.222642 0.003774 0.007547
150 0.020755 0.277358 0.011321 0.007547
151 0.033019 0.276415 0.005660 0.005660
152 0.064151 0.287736 0.026415 0.028302
153 0.083019 0.284906 0.007547 0.022642
154 0.098113 0.284906 0.018868 0.022642
155 0.130189 0.292453 0.011321 0.037736
156 0.159434 0.293396 0.013208 0.039623
157 0.177358 0.292453 0.011321 0.037736
158 0.203774 0.289623 0.015094 0.032075
159 0.237736 0.289623 0.018868 0.032075
160 0.009434 0.338679 0.015094 0.013208
161 0.034906 0.334906 0.001887 0.005660
162 0.044340 0.335849 0.013208 0.007547
163 0.072642 0.334906 0.013208 0.005660
164 0.095283 0.335849 0.001887 0.007547
165 0.117925 0.337736 0.009434 0.011321
166 0.128302 0.336792 0.007547 0.009434
167 0.150000 0.338679 0.009434 0.013208
168 0.171698 0.343396 0.022642 0.022642
169 0.199057 0.338679 0.020755 0.013208
170 0.014151 0.383019 0.020755 0.018868
171 0.040566 0.385849 0.020755 0.024528
172 0.078302 0.382075 0.020755 0.016981
173 0.116038 0.383962 0.020755 0.020755
174 0.140566 0.384906 0.020755 0.022642
175 0.175472 0.384906 0.022642 0.022642
176 0.199057 0.384906 0.020755 0.022642
177 0.223585 0.384906 0.020755 0.022642
178 0.249057 0.385849 0.022642 0.024528
179 0.286792 0.384906 0.026415 0.022642
180 0.028302 0.426415 0.052830 0.018868
