0 0.007547 0.033019 0.003774 0.028302
1 0.016981 0.035849 0.011321 0.033962
2 0.034906 0.033019 0.020755 0.028302
3 0.069811 0.036792 0.018868 0.035849
4 0.108491 0.033019 0.032075 0.028302
5 0.141509 0.033019 0.022642 0.028302
6 0.158491 0.030189 0.003774 0.022642
7 0.181132 0.037736 0.007547 0.037736
8 0.205660 0.037736 0.007547 0.037736
9 0.232075 0.025472 0.011321 0.013208
10 0.026415 0.084906 0.018868 0.018868
11 0.050943 0.089623 0.003774 0.028302
12 0.064151 0.086792 0.018868 0.022642
13 0.081132 0.084906 0.003774 0.018868
14 0.091509 0.089623 0.009434 0.028302
15 0.118868 0.090566 0.018868 0.030189
16 0.136792 0.089623 0.009434 0.028302
17 0.154717 0.089623 0.018868 0.028302
18 0.190566 0.090566 0.018868 0.030189
19 0.227358 0.089623 0.020755 0.028302
20 0.011321 0.138679 0.018868 0.028302
21 0.035849 0.139623 0.018868 0.030189
22 0.069811 0.138679 0.018868 0.028302
23 0.094340 0.138679 0.018868 0.028302
24 0.130189 0.139623 0.018868 0.030189
25 0.154717 0.134906 0.003774 0.020755
26 0.160377 0.137736 0.003774 0.026415
27 0.186792 0.133962 0.018868 0.018868
28 0.207547 0.130189 0.018868 0.011321
29 0.233019 0.133962 0.020755 0.018868
30 0.012264 0.188679 0.016981 0.030189
31 0.044340 0.191509 0.035849 0.035849
32 0.088679 0.187736 0.026415 0.028302
33 0.127358 0.188679 0.020755 0.030189
34 0.163208 0.189623 0.024528 0.032075
35 0.192453 0.188679 0.022642 0.030189
36 0.217925 0.188679 0.020755 0.030189
37 0.250943 0.188679 0.018868 0.030189
38 0.275472 0.188679 0.026415 0.030189
39 0.315094 0.187736 0.022642 0.028302
40 0.007547 0.242453 0.003774 0.028302
41 0.021698 0.242453 0.016981 0.028302
42 0.047170 0.242453 0.022642 0.028302
43 0.073585 0.242453 0.018868 0.028302
44 0.110377 0.242453 0.028302 0.028302
45 0.149057 0.242453 0.022642 0.028302
46 0.189623 0.244340 0.028302 0.032075
47 0.229245 0.242453 0.020755 0.028302
48 0.259434 0.244340 0.028302 0.032075
49 0.300000 0.243396 0.022642 0.030189
50 0.026415 0.295283 0.022642 0.032075
51 0.066038 0.294340 0.022642 0.030189
52 0.090566 0.294340 0.022642 0.030189
53 0.119811 0.293396 0.024528 0.028302
54 0.166981 0.293396 0.035849 0.028302
55 0.213208 0.293396 0.022642 0.028302
56 0.253774 0.293396 0.024528 0.028302
57 0.290566 0.294340 0.022642 0.030189
58 0.307547 0.299057 0.007547 0.039623
59 0.318868 0.293396 0.011321 0.028302
60 0.007547 0.357547 0.007547 0.039623
61 0.019811 0.352830 0.013208 0.030189
62 0.039623 0.352830 0.018868 0.030189
63 0.067925 0.351887 0.003774 0.028302
64 0.093396 0.349057 0.020755 0.022642
65 0.116981 0.352830 0.018868 0.030189
66 0.140566 0.350000 0.016981 0.024528
67 0.164151 0.351887 0.018868 0.028302
68 0.200000 0.348113 0.018868 0.020755
69 0.229245 0.352830 0.009434 0.030189
70 0.022642 0.411321 0.018868 0.030189
71 0.042453 0.411321 0.016981 0.030189
72 0.054717 0.410377 0.003774 0.028302
73 0.077358 0.415094 0.007547 0.037736
74 0.093396 0.410377 0.016981 0.028302
75 0.107547 0.410377 0.003774 0.028302
76 0.140566 0.407547 0.028302 0.022642
77 0.168868 0.407547 0.016981 0.022642
78 0.201887 0.408491 0.018868 0.024528
79 0.224528 0.411321 0.018868 0.030189
80 0.011321 0.467925 0.018868 0.030189
81 0.040566 0.463208 0.009434 0.020755
82 0.055660 0.464151 0.016981 0.022642
83 0.082075 0.466038 0.009434 0.026415
84 0.108491 0.463208 0.016981 0.020755
85 0.130189 0.463208 0.018868 0.020755
86 0.157547 0.463208 0.028302 0.020755
87 0.196226 0.463208 0.015094 0.020755
88 0.218868 0.467925 0.018868 0.030189
89 0.238679 0.463208 0.016981 0.020755
90 0.021698 0.520755 0.009434 0.037736
91 0.041509 0.520755 0.003774 0.037736
92 0.050000 0.520755 0.009434 0.037736
93 0.076415 0.524528 0.016981 0.045283
94 0.100943 0.514151 0.024528 0.024528
95 0.126415 0.514151 0.018868 0.024528
96 0.160377 0.514151 0.022642 0.024528
97 0.189623 0.514151 0.024528 0.024528
98 0.216038 0.514151 0.024528 0.024528
99 0.244340 0.514151 0.028302 0.024528
