100 0.024528 0.030189 0.015094 0.022642
101 0.045283 0.030189 0.015094 0.022642
102 0.078302 0.030189 0.024528 0.022642
103 0.116038 0.033019 0.020755 0.028302
104 0.150000 0.033019 0.020755 0.028302
105 0.194340 0.030189 0.033962 0.022642
106 0.231132 0.034906 0.032075 0.032075
107 0.261321 0.034906 0.020755 0.032075
108 0.295283 0.034906 0.020755 0.032075
109 0.329245 0.034906 0.020755 0.032075
110 0.025472 0.082075 0.024528 0.024528
111 0.071698 0.081132 0.033962 0.022642
112 0.111321 0.081132 0.037736 0.022642
113 0.144340 0.082075 0.020755 0.024528
114 0.170755 0.081132 0.020755 0.022642
115 0.196226 0.081132 0.018868 0.022642
116 0.231132 0.082075 0.020755 0.024528
117 0.266038 0.081132 0.018868 0.022642
118 0.289623 0.082075 0.024528 0.024528
119 0.326415 0.081132 0.022642 0.022642
120 0.028302 0.127358 0.022642 0.028302
121 0.053774 0.125472 0.020755 0.024528
122 0.080189 0.128302 0.020755 0.030189
123 0.119811 0.124528 0.024528 0.022642
124 0.148113 0.127358 0.024528 0.028302
125 0.177358 0.124528 0.022642 0.022642
126 0.204717 0.124528 0.020755 0.022642
127 0.231132 0.125472 0.020755 0.024528
128 0.251887 0.124528 0.016981 0.022642
129 0.276415 0.128302 0.020755 0.030189
130 0.011321 0.173585 0.018868 0.022642
131 0.035849 0.177358 0.022642 0.030189
132 0.071698 0.173585 0.018868 0.022642
133 0.097170 0.175472 0.020755 0.026415
134 0.133019 0.174528 0.024528 0.024528
135 0.158491 0.175472 0.018868 0.026415
136 0.194340 0.174528 0.022642 0.024528
137 0.234906 0.179245 0.024528 0.033962
138 0.270755 0.173585 0.020755 0.022642
139 0.293396 0.175472 0.020755 0.026415
140 0.014151 0.227358 0.016981 0.024528
141 0.032075 0.224528 0.015094 0.018868
142 0.050000 0.217925 0.013208 0.005660
143 0.080189 0.226415 0.016981 0.022642
144 0.107547 0.231132 0.026415 0.032075
145 0.146226 0.219811 0.016981 0.009434
146 0.180189 0.218868 0.016981 0.007547
147 0.199057 0.218868 0.016981 0.007547
148 0.229245 0.219811 0.016981 0.009434
149 0.244340 0.218868 0.005660 0.007547
150 0.009434 0.270755 0.011321 0.009434
151 0.023585 0.269811 0.005660 0.007547
152 0.043396 0.283962 0.026415 0.035849
153 0.075472 0.277358 0.007547 0.022642
154 0.101887 0.277358 0.018868 0.022642
155 0.133962 0.283962 0.015094 0.035849
156 0.164151 0.283962 0.015094 0.035849
157 0.183962 0.283019 0.016981 0.033962
158 0.216038 0.281132 0.016981 0.030189
159 0.250000 0.280189 0.016981 0.028302
160 0.011321 0.325472 0.015094 0.009434
161 0.021698 0.324528 0.001887 0.007547
162 0.044340 0.324528 0.013208 0.007547
163 0.061321 0.324528 0.016981 0.007547
164 0.078302 0.324528 0.009434 0.007547
165 0.092453 0.323585 0.007547 0.005660
166 0.102830 0.323585 0.005660 0.005660
167 0.127358 0.325472 0.016981 0.009434
168 0.158491 0.331132 0.018868 0.020755
169 0.180189 0.328302 0.016981 0.015094
170 0.026415 0.367925 0.018868 0.015094
171 0.050000 0.368868 0.020755 0.016981
172 0.074528 0.367925 0.016981 0.015094
173 0.107547 0.369811 0.022642 0.018868
174 0.132075 0.370755 0.022642 0.020755
175 0.157547 0.369811 0.020755 0.018868
176 0.186792 0.368868 0.026415 0.016981
177 0.223585 0.368868 0.020755 0.016981
178 0.260377 0.368868 0.022642 0.016981
179 0.285849 0.372642 0.024528 0.024528
180 0.029245 0.414151 0.050943 0.020755
