0 0.009434 0.036792 0.007547 0.035849
1 0.026415 0.035849 0.015094 0.033962
2 0.067925 0.036792 0.033962 0.035849
3 0.100000 0.043396 0.026415 0.049057
4 0.144340 0.036792 0.035849 0.035849
5 0.192453 0.036792 0.033962 0.035849
6 0.218868 0.035849 0.007547 0.033962
7 0.231132 0.042453 0.013208 0.047170
8 0.257547 0.042453 0.013208 0.047170
9 0.275472 0.028302 0.018868 0.018868
10 0.016038 0.100000 0.028302 0.026415
11 0.040566 0.106604 0.009434 0.039623
12 0.067925 0.109434 0.018868 0.045283
13 0.096226 0.105660 0.007547 0.037736
14 0.123585 0.108491 0.020755 0.043396
15 0.153774 0.104717 0.032075 0.035849
16 0.191509 0.104717 0.016981 0.035849
17 0.217925 0.104717 0.028302 0.035849
18 0.249057 0.104717 0.026415 0.035849
19 0.283019 0.104717 0.030189 0.035849
20 0.018868 0.168868 0.026415 0.035849
21 0.063208 0.168868 0.028302 0.035849
22 0.093396 0.168868 0.028302 0.035849
23 0.124528 0.168868 0.026415 0.035849
24 0.154717 0.167925 0.026415 0.033962
25 0.188679 0.163208 0.007547 0.024528
26 0.200943 0.165094 0.009434 0.028302
27 0.223585 0.164151 0.028302 0.026415
28 0.252830 0.161321 0.026415 0.020755
29 0.295283 0.164151 0.028302 0.026415
30 0.027358 0.223585 0.024528 0.035849
31 0.065094 0.224528 0.039623 0.037736
32 0.118868 0.223585 0.033962 0.035849
33 0.155660 0.223585 0.028302 0.035849
34 0.198113 0.223585 0.030189 0.035849
35 0.233962 0.223585 0.030189 0.035849
36 0.277358 0.223585 0.026415 0.035849
37 0.316981 0.223585 0.026415 0.035849
38 0.359434 0.223585 0.032075 0.035849
39 0.402830 0.223585 0.028302 0.035849
40 0.018868 0.280189 0.007547 0.035849
41 0.046226 0.280189 0.020755 0.035849
42 0.088679 0.280189 0.030189 0.035849
43 0.129245 0.280189 0.024528 0.035849
44 0.175472 0.280189 0.033962 0.035849
45 0.211321 0.280189 0.030189 0.035849
46 0.247170 0.280189 0.033962 0.035849
47 0.281132 0.280189 0.026415 0.035849
48 0.313208 0.284906 0.033962 0.045283
49 0.347170 0.280189 0.030189 0.035849
50 0.030189 0.344340 0.026415 0.035849
51 0.073585 0.344340 0.030189 0.035849
52 0.118868 0.344340 0.030189 0.035849
53 0.153774 0.344340 0.032075 0.035849
54 0.194340 0.344340 0.045283 0.035849
55 0.236792 0.343396 0.032075 0.033962
56 0.283019 0.344340 0.033962 0.035849
57 0.332075 0.344340 0.030189 0.035849
58 0.366038 0.349057 0.011321 0.045283
59 0.398113 0.345283 0.018868 0.037736
60 0.009434 0.413208 0.011321 0.045283
61 0.031132 0.411321 0.028302 0.041509
62 0.065094 0.420755 0.028302 0.060377
63 0.099057 0.404717 0.013208 0.028302
64 0.121698 0.404717 0.024528 0.028302
65 0.150943 0.410377 0.026415 0.039623
66 0.180189 0.404717 0.024528 0.028302
67 0.209434 0.410377 0.026415 0.039623
68 0.249057 0.404717 0.026415 0.028302
69 0.274528 0.410377 0.020755 0.039623
70 0.026415 0.489623 0.026415 0.039623
71 0.054717 0.489623 0.026415 0.039623
72 0.075472 0.489623 0.007547 0.039623
73 0.102830 0.495283 0.016981 0.050943
74 0.130189 0.489623 0.026415 0.039623
75 0.153774 0.489623 0.013208 0.039623
76 0.183019 0.483962 0.041509 0.028302
77 0.222642 0.483962 0.026415 0.028302
78 0.264151 0.483962 0.026415 0.028302
79 0.296226 0.489623 0.026415 0.039623
80 0.016981 0.559434 0.026415 0.039623
81 0.052830 0.553774 0.018868 0.028302
82 0.075472 0.553774 0.022642 0.028302
83 0.102830 0.557547 0.020755 0.035849
84 0.140566 0.553774 0.024528 0.028302
85 0.180189 0.553774 0.024528 0.028302
86 0.214151 0.553774 0.039623 0.028302
87 0.249057 0.553774 0.026415 0.028302
88 0.280189 0.559434 0.028302 0.039623
89 0.319811 0.553774 0.024528 0.028302
90 0.025472 0.623585 0.020755 0.050943
91 0.041509 0.620755 0.007547 0.045283
92 0.072642 0.623585 0.020755 0.050943
93 0.107547 0.626415 0.022642 0.056604
94 0.148113 0.613208 0.028302 0.030189
95 0.192453 0.613208 0.026415 0.030189
96 0.224528 0.613208 0.026415 0.030189
97 0.254717 0.613208 0.030189 0.030189
98 0.300000 0.613208 0.030189 0.030189
99 0.342453 0.613208 0.028302 0.030189
