0 0.005660 0.032075 0.003774 0.026415
1 0.025472 0.030189 0.009434 0.022642
2 0.055660 0.032075 0.020755 0.026415
3 0.089623 0.035849 0.016981 0.033962
4 0.116038 0.032075 0.024528 0.026415
5 0.153774 0.032075 0.020755 0.026415
6 0.182075 0.030189 0.001887 0.022642
7 0.191509 0.035849 0.005660 0.033962
8 0.210377 0.035849 0.005660 0.033962
9 0.234906 0.026415 0.013208 0.015094
10 0.023585 0.080189 0.016981 0.016981
11 0.049057 0.083019 0.003774 0.022642
12 0.061321 0.077358 0.009434 0.011321
13 0.083019 0.081132 0.003774 0.018868
14 0.110377 0.084906 0.016981 0.026415
15 0.131132 0.084906 0.016981 0.026415
16 0.160377 0.084906 0.007547 0.026415
17 0.190566 0.084906 0.018868 0.026415
18 0.226415 0.084906 0.018868 0.026415
19 0.247170 0.084906 0.018868 0.026415
20 0.013208 0.130189 0.018868 0.026415
21 0.035849 0.130189 0.018868 0.026415
22 0.070755 0.130189 0.016981 0.026415
23 0.092453 0.130189 0.018868 0.026415
24 0.116981 0.130189 0.018868 0.026415
25 0.145283 0.125472 0.003774 0.016981
26 0.162264 0.126415 0.003774 0.018868
27 0.174528 0.126415 0.016981 0.018868
28 0.203774 0.121698 0.015094 0.009434
29 0.221698 0.128302 0.016981 0.022642
30 0.025472 0.175472 0.016981 0.026415
31 0.050943 0.176415 0.030189 0.028302
32 0.081132 0.175472 0.026415 0.026415
33 0.107547 0.175472 0.022642 0.026415
34 0.135849 0.175472 0.022642 0.026415
35 0.164151 0.175472 0.022642 0.026415
36 0.203774 0.175472 0.022642 0.026415
37 0.241509 0.175472 0.022642 0.026415
38 0.279245 0.175472 0.022642 0.026415
39 0.318868 0.175472 0.022642 0.026415
40 0.003774 0.222642 0.003774 0.026415
41 0.032075 0.222642 0.018868 0.026415
42 0.065094 0.222642 0.020755 0.026415
43 0.088679 0.222642 0.018868 0.026415
44 0.129245 0.222642 0.028302 0.026415
45 0.158491 0.222642 0.022642 0.026415
46 0.183019 0.222642 0.022642 0.026415
47 0.209434 0.222642 0.022642 0.026415
48 0.233962 0.222642 0.022642 0.026415
49 0.260377 0.222642 0.022642 0.026415
50 0.027358 0.267925 0.024528 0.026415
51 0.050943 0.267925 0.018868 0.026415
52 0.077358 0.267925 0.022642 0.026415
53 0.105660 0.267925 0.022642 0.026415
54 0.138679 0.267925 0.035849 0.026415
55 0.169811 0.267925 0.022642 0.026415
56 0.208491 0.267925 0.020755 0.026415
57 0.245283 0.267925 0.022642 0.026415
58 0.266038 0.273585 0.007547 0.037736
59 0.293396 0.267925 0.016981 0.026415
60 0.005660 0.330189 0.007547 0.037736
61 0.021698 0.326415 0.016981 0.030189
62 0.042453 0.318868 0.020755 0.015094
63 0.059434 0.319811 0.005660 0.016981
64 0.086792 0.320755 0.015094 0.018868
65 0.108491 0.324528 0.016981 0.026415
66 0.128302 0.320755 0.015094 0.018868
67 0.149057 0.324528 0.015094 0.026415
68 0.166038 0.320755 0.015094 0.018868
69 0.195283 0.324528 0.009434 0.026415
70 0.009434 0.381132 0.015094 0.026415
71 0.031132 0.381132 0.016981 0.026415
72 0.044340 0.381132 0.001887 0.026415
73 0.051887 0.384906 0.009434 0.033962
74 0.081132 0.381132 0.015094 0.026415
75 0.106604 0.381132 0.001887 0.026415
76 0.137736 0.377358 0.026415 0.018868
77 0.172642 0.377358 0.016981 0.018868
78 0.203774 0.377358 0.015094 0.018868
79 0.221698 0.381132 0.016981 0.026415
80 0.013208 0.433962 0.015094 0.026415
81 0.031132 0.430189 0.009434 0.018868
82 0.049057 0.430189 0.018868 0.018868
83 0.080189 0.433962 0.009434 0.026415
84 0.108491 0.430189 0.016981 0.018868
85 0.129245 0.430189 0.016981 0.018868
86 0.153774 0.430189 0.028302 0.018868
87 0.178302 0.430189 0.016981 0.018868
88 0.199057 0.433962 0.016981 0.026415
89 0.217925 0.430189 0.016981 0.018868
90 0.007547 0.484906 0.011321 0.037736
91 0.019811 0.484906 0.001887 0.037736
92 0.039623 0.484906 0.011321 0.037736
93 0.058491 0.488679 0.018868 0.045283
94 0.089623 0.477358 0.016981 0.022642
95 0.119811 0.477358 0.016981 0.022642
96 0.139623 0.477358 0.018868 0.022642
97 0.170755 0.477358 0.016981 0.022642
98 0.204717 0.477358 0.016981 0.022642
99 0.242453 0.477358 0.024528 0.022642
