100 0.012264 0.030189 0.016981 0.022642
101 0.034906 0.030189 0.016981 0.022642
102 0.056604 0.030189 0.018868 0.022642
103 0.100000 0.042453 0.033962 0.047170
104 0.136792 0.042453 0.035849 0.047170
105 0.173585 0.030189 0.030189 0.022642
106 0.207547 0.034906 0.030189 0.032075
107 0.240566 0.037736 0.028302 0.037736
108 0.269811 0.038679 0.026415 0.039623
109 0.309434 0.038679 0.022642 0.039623
110 0.015094 0.096226 0.022642 0.022642
111 0.057547 0.096226 0.032075 0.022642
112 0.102830 0.096226 0.032075 0.022642
113 0.133019 0.096226 0.016981 0.022642
114 0.164151 0.096226 0.018868 0.022642
115 0.200000 0.096226 0.018868 0.022642
116 0.220755 0.096226 0.018868 0.022642
117 0.244340 0.096226 0.016981 0.022642
118 0.278302 0.096226 0.020755 0.022642
119 0.300000 0.096226 0.018868 0.022642
120 0.026415 0.150000 0.041509 0.047170
121 0.060377 0.137736 0.018868 0.022642
122 0.095283 0.150000 0.043396 0.047170
123 0.145283 0.137736 0.022642 0.022642
124 0.183019 0.150000 0.045283 0.047170
125 0.222642 0.137736 0.022642 0.022642
126 0.250000 0.137736 0.020755 0.022642
127 0.286792 0.137736 0.018868 0.022642
128 0.305660 0.136792 0.015094 0.020755
129 0.342453 0.146226 0.032075 0.039623
130 0.022642 0.203774 0.018868 0.022642
131 0.050000 0.212264 0.032075 0.039623
132 0.086792 0.203774 0.015094 0.022642
133 0.125472 0.216038 0.035849 0.047170
134 0.157547 0.203774 0.024528 0.022642
135 0.189623 0.216038 0.035849 0.047170
136 0.219811 0.203774 0.020755 0.022642
137 0.250943 0.210377 0.030189 0.035849
138 0.277358 0.203774 0.018868 0.022642
139 0.302830 0.205660 0.020755 0.026415
140 0.029245 0.278302 0.028302 0.039623
141 0.054717 0.267925 0.015094 0.018868
142 0.083019 0.271698 0.037736 0.026415
143 0.115094 0.269811 0.015094 0.022642
144 0.137736 0.275472 0.022642 0.033962
145 0.166981 0.272642 0.024528 0.028302
146 0.196226 0.272642 0.026415 0.028302
147 0.236792 0.272642 0.028302 0.028302
148 0.269811 0.272642 0.026415 0.028302
149 0.312264 0.271698 0.028302 0.026415
150 0.008491 0.331132 0.013208 0.028302
151 0.019811 0.318868 0.001887 0.003774
152 0.037736 0.344340 0.026415 0.054717
153 0.071698 0.328302 0.007547 0.022642
154 0.100943 0.328302 0.016981 0.022642
155 0.126415 0.343396 0.022642 0.052830
156 0.147170 0.342453 0.011321 0.050943
157 0.180189 0.343396 0.020755 0.052830
158 0.207547 0.336792 0.030189 0.039623
159 0.239623 0.335849 0.030189 0.037736
160 0.016981 0.408491 0.026415 0.035849
161 0.049057 0.396226 0.003774 0.011321
162 0.065094 0.400000 0.024528 0.018868
163 0.100000 0.401887 0.018868 0.022642
164 0.128302 0.395283 0.011321 0.009434
165 0.166981 0.402830 0.032075 0.024528
166 0.192453 0.394340 0.007547 0.007547
167 0.209434 0.400943 0.018868 0.020755
168 0.231132 0.400943 0.020755 0.020755
169 0.264151 0.400000 0.018868 0.018868
170 0.027358 0.456604 0.024528 0.022642
171 0.062264 0.463208 0.037736 0.035849
172 0.108491 0.453774 0.020755 0.016981
173 0.150000 0.460377 0.028302 0.030189
174 0.195283 0.462264 0.032075 0.033962
175 0.231132 0.462264 0.032075 0.033962
176 0.265094 0.462264 0.028302 0.033962
177 0.298113 0.459434 0.026415 0.028302
178 0.328302 0.461321 0.030189 0.032075
179 0.376415 0.462264 0.039623 0.033962
180 0.026415 0.510377 0.045283 0.020755
