0 0.003774 0.032075 0.003774 0.026415
1 0.011321 0.030189 0.007547 0.022642
2 0.039623 0.032075 0.022642 0.026415
3 0.076415 0.033962 0.016981 0.030189
4 0.103774 0.032075 0.030189 0.026415
5 0.141509 0.032075 0.018868 0.026415
6 0.155660 0.030189 0.001887 0.022642
7 0.165094 0.033962 0.005660 0.030189
8 0.185849 0.033962 0.005660 0.030189
9 0.207547 0.024528 0.011321 0.011321
10 0.021698 0.076415 0.016981 0.016981
11 0.045283 0.076415 0.003774 0.016981
12 0.056604 0.073585 0.007547 0.011321
13 0.063208 0.077358 0.001887 0.018868
14 0.074528 0.082075 0.009434 0.028302
15 0.101887 0.081132 0.018868 0.026415
16 0.117925 0.081132 0.009434 0.026415
17 0.133962 0.081132 0.015094 0.026415
18 0.163208 0.081132 0.016981 0.026415
19 0.184906 0.081132 0.018868 0.026415
20 0.010377 0.128302 0.016981 0.026415
21 0.031132 0.128302 0.016981 0.026415
22 0.050000 0.128302 0.016981 0.026415
23 0.080189 0.128302 0.016981 0.026415
24 0.110377 0.128302 0.016981 0.026415
25 0.134906 0.124528 0.001887 0.018868
26 0.151887 0.126415 0.001887 0.022642
27 0.166038 0.122642 0.015094 0.015094
28 0.196226 0.119811 0.015094 0.009434
29 0.226415 0.123585 0.015094 0.016981
30 0.011321 0.173585 0.015094 0.026415
31 0.036792 0.175472 0.032075 0.030189
32 0.077358 0.173585 0.022642 0.026415
33 0.102830 0.173585 0.016981 0.026415
34 0.135849 0.173585 0.018868 0.026415
35 0.170755 0.173585 0.020755 0.026415
36 0.201887 0.173585 0.015094 0.026415
37 0.230189 0.173585 0.015094 0.026415
38 0.261321 0.173585 0.020755 0.026415
39 0.284906 0.173585 0.018868 0.026415
40 0.008491 0.222642 0.009434 0.026415
41 0.023585 0.222642 0.013208 0.026415
42 0.053774 0.222642 0.016981 0.026415
43 0.071698 0.222642 0.015094 0.026415
44 0.104717 0.222642 0.024528 0.026415
45 0.132075 0.222642 0.018868 0.026415
46 0.166038 0.222642 0.022642 0.026415
47 0.191509 0.222642 0.016981 0.026415
48 0.217925 0.222642 0.024528 0.026415
49 0.244340 0.222642 0.016981 0.026415
50 0.024528 0.267925 0.018868 0.026415
51 0.050000 0.267925 0.020755 0.026415
52 0.073585 0.267925 0.018868 0.026415
53 0.108491 0.267925 0.020755 0.026415
54 0.151887 0.267925 0.032075 0.026415
55 0.193396 0.267925 0.020755 0.026415
56 0.219811 0.267925 0.020755 0.026415
57 0.245283 0.267925 0.018868 0.026415
58 0.272642 0.270755 0.005660 0.032075
59 0.283962 0.268868 0.009434 0.028302
60 0.019811 0.321698 0.005660 0.032075
61 0.050000 0.315094 0.020755 0.018868
62 0.075472 0.305660 0.000000 0.000000
63 0.095283 0.314151 0.005660 0.016981
64 0.111321 0.315094 0.015094 0.018868
65 0.131132 0.318868 0.016981 0.026415
66 0.150943 0.315094 0.015094 0.018868
67 0.170755 0.318868 0.016981 0.026415
68 0.193396 0.315094 0.016981 0.018868
69 0.223585 0.318868 0.009434 0.026415
70 0.021698 0.369811 0.016981 0.026415
71 0.050943 0.369811 0.015094 0.026415
72 0.073585 0.369811 0.003774 0.026415
73 0.080189 0.373585 0.005660 0.033962
74 0.107547 0.369811 0.015094 0.026415
75 0.129245 0.369811 0.001887 0.026415
76 0.148113 0.366038 0.024528 0.018868
77 0.180189 0.366038 0.013208 0.018868
78 0.210377 0.366038 0.016981 0.018868
79 0.230189 0.368868 0.015094 0.024528
80 0.013208 0.422642 0.015094 0.026415
81 0.039623 0.418868 0.007547 0.018868
82 0.066038 0.418868 0.015094 0.018868
83 0.083962 0.420755 0.009434 0.022642
84 0.100000 0.418868 0.015094 0.018868
85 0.128302 0.418868 0.015094 0.018868
86 0.162264 0.418868 0.026415 0.018868
87 0.196226 0.418868 0.015094 0.018868
88 0.216038 0.421698 0.016981 0.024528
89 0.234906 0.418868 0.013208 0.018868
90 0.017925 0.471698 0.009434 0.033962
91 0.029245 0.471698 0.001887 0.033962
92 0.040566 0.471698 0.009434 0.033962
93 0.069811 0.466038 0.015094 0.022642
94 0.087736 0.466038 0.016981 0.022642
95 0.117925 0.466038 0.016981 0.022642
96 0.152830 0.465094 0.018868 0.020755
97 0.174528 0.466038 0.016981 0.022642
98 0.208491 0.466038 0.016981 0.022642
99 0.230189 0.465094 0.022642 0.020755
