0 0.018868 0.038679 0.007547 0.039623
1 0.049057 0.038679 0.018868 0.039623
2 0.075472 0.038679 0.030189 0.039623
3 0.117925 0.040566 0.024528 0.043396
4 0.161321 0.038679 0.035849 0.039623
5 0.199057 0.038679 0.035849 0.039623
6 0.234906 0.038679 0.005660 0.039623
7 0.259434 0.044340 0.009434 0.050943
8 0.274528 0.044340 0.009434 0.050943
9 0.290566 0.029245 0.018868 0.020755
10 0.017925 0.102830 0.024528 0.028302
11 0.035849 0.116981 0.007547 0.056604
12 0.065094 0.105660 0.020755 0.033962
13 0.080189 0.107547 0.005660 0.037736
14 0.115094 0.108491 0.030189 0.039623
15 0.150000 0.108491 0.032075 0.039623
16 0.177358 0.108491 0.018868 0.039623
17 0.216038 0.108491 0.032075 0.039623
18 0.263208 0.109434 0.032075 0.041509
19 0.314151 0.108491 0.035849 0.039623
20 0.021698 0.184906 0.032075 0.041509
21 0.070755 0.184906 0.032075 0.041509
22 0.105660 0.183962 0.030189 0.039623
23 0.151887 0.183962 0.032075 0.039623
24 0.184906 0.183962 0.030189 0.039623
25 0.207547 0.179245 0.007547 0.030189
26 0.229245 0.183019 0.009434 0.037736
27 0.260377 0.177358 0.026415 0.026415
28 0.302830 0.174528 0.024528 0.020755
29 0.333962 0.177358 0.026415 0.026415
30 0.028302 0.244340 0.022642 0.039623
31 0.062264 0.246226 0.037736 0.043396
32 0.100000 0.244340 0.030189 0.039623
33 0.133019 0.244340 0.028302 0.039623
34 0.167925 0.244340 0.030189 0.039623
35 0.211321 0.244340 0.030189 0.039623
36 0.253774 0.244340 0.024528 0.039623
37 0.283962 0.244340 0.024528 0.039623
38 0.316038 0.244340 0.032075 0.039623
39 0.360377 0.244340 0.030189 0.039623
40 0.006604 0.306604 0.005660 0.039623
41 0.026415 0.306604 0.022642 0.039623
42 0.067925 0.306604 0.026415 0.039623
43 0.094340 0.306604 0.022642 0.039623
44 0.139623 0.306604 0.037736 0.039623
45 0.186792 0.306604 0.026415 0.039623
46 0.221698 0.306604 0.032075 0.039623
47 0.266981 0.306604 0.028302 0.039623
48 0.302830 0.311321 0.032075 0.049057
49 0.336792 0.306604 0.032075 0.039623
50 0.031132 0.374528 0.028302 0.039623
51 0.064151 0.374528 0.026415 0.039623
52 0.106604 0.374528 0.028302 0.039623
53 0.140566 0.374528 0.028302 0.039623
54 0.190566 0.374528 0.045283 0.039623
55 0.242453 0.374528 0.028302 0.039623
56 0.287736 0.374528 0.028302 0.039623
57 0.333019 0.374528 0.028302 0.039623
58 0.366981 0.380189 0.009434 0.050943
59 0.398113 0.374528 0.018868 0.039623
60 0.006604 0.450000 0.009434 0.050943
61 0.034906 0.449057 0.020755 0.049057
62 0.074528 0.439623 0.032075 0.030189
63 0.100943 0.435849 0.009434 0.022642
64 0.120755 0.439623 0.026415 0.030189
65 0.148113 0.444340 0.024528 0.039623
66 0.184906 0.439623 0.022642 0.030189
67 0.213208 0.444340 0.022642 0.039623
68 0.240566 0.439623 0.024528 0.030189
69 0.273585 0.444340 0.015094 0.039623
70 0.014151 0.516038 0.024528 0.043396
71 0.039623 0.514151 0.022642 0.039623
72 0.055660 0.514151 0.005660 0.039623
73 0.079245 0.519811 0.011321 0.050943
74 0.102830 0.514151 0.024528 0.039623
75 0.123585 0.514151 0.005660 0.039623
76 0.162264 0.509434 0.037736 0.030189
77 0.205660 0.509434 0.022642 0.030189
78 0.243396 0.509434 0.026415 0.030189
79 0.282075 0.514151 0.024528 0.039623
80 0.029245 0.583962 0.024528 0.039623
81 0.051887 0.579245 0.013208 0.030189
82 0.076415 0.579245 0.024528 0.030189
83 0.110377 0.583962 0.016981 0.039623
84 0.135849 0.579245 0.022642 0.030189
85 0.164151 0.579245 0.022642 0.030189
86 0.198113 0.579245 0.037736 0.030189
87 0.230189 0.579245 0.022642 0.030189
88 0.266038 0.584906 0.022642 0.041509
89 0.301887 0.579245 0.018868 0.030189
90 0.010377 0.649057 0.013208 0.049057
91 0.021698 0.644340 0.005660 0.039623
92 0.034906 0.650000 0.013208 0.050943
93 0.067925 0.664151 0.026415 0.079245
94 0.098113 0.641509 0.030189 0.033962
95 0.141509 0.641509 0.030189 0.033962
96 0.187736 0.641509 0.032075 0.033962
97 0.232075 0.641509 0.030189 0.033962
98 0.266038 0.641509 0.030189 0.033962
99 0.316038 0.641509 0.035849 0.033962
