100 0.014151 0.029245 0.016981 0.020755
101 0.042453 0.029245 0.013208 0.020755
102 0.064151 0.029245 0.018868 0.020755
103 0.095283 0.030189 0.016981 0.022642
104 0.125472 0.030189 0.016981 0.022642
105 0.152830 0.029245 0.030189 0.020755
106 0.189623 0.033019 0.032075 0.028302
107 0.219811 0.033019 0.024528 0.028302
108 0.247170 0.033019 0.022642 0.028302
109 0.275472 0.033962 0.022642 0.030189
110 0.013208 0.078302 0.022642 0.020755
111 0.042453 0.078302 0.028302 0.020755
112 0.075472 0.078302 0.030189 0.020755
113 0.114151 0.078302 0.020755 0.020755
114 0.138679 0.078302 0.020755 0.020755
115 0.176415 0.078302 0.020755 0.020755
116 0.202830 0.078302 0.020755 0.020755
117 0.237736 0.078302 0.018868 0.020755
118 0.259434 0.078302 0.020755 0.020755
119 0.292453 0.078302 0.018868 0.020755
120 0.012264 0.120755 0.020755 0.026415
121 0.047170 0.117925 0.022642 0.020755
122 0.083962 0.120755 0.024528 0.026415
123 0.109434 0.117925 0.022642 0.020755
124 0.150000 0.120755 0.024528 0.026415
125 0.174528 0.117925 0.020755 0.020755
126 0.212264 0.117925 0.020755 0.020755
127 0.235849 0.117925 0.018868 0.020755
128 0.254717 0.117925 0.015094 0.020755
129 0.278302 0.120755 0.020755 0.026415
130 0.016038 0.163208 0.020755 0.020755
131 0.038679 0.166038 0.020755 0.026415
132 0.072642 0.163208 0.013208 0.020755
133 0.103774 0.164151 0.022642 0.022642
134 0.126415 0.163208 0.018868 0.020755
135 0.149057 0.164151 0.022642 0.022642
136 0.185849 0.163208 0.020755 0.020755
137 0.212264 0.165094 0.024528 0.024528
138 0.251887 0.163208 0.020755 0.020755
139 0.288679 0.164151 0.022642 0.022642
140 0.025472 0.208491 0.016981 0.020755
141 0.052830 0.205660 0.007547 0.015094
142 0.068868 0.201887 0.013208 0.007547
143 0.082075 0.208491 0.009434 0.020755
144 0.113208 0.213208 0.018868 0.030189
145 0.148113 0.200000 0.016981 0.003774
146 0.169811 0.200943 0.015094 0.005660
147 0.185849 0.200943 0.013208 0.005660
148 0.213208 0.201887 0.015094 0.007547
149 0.229245 0.202830 0.005660 0.009434
150 0.011321 0.251887 0.015094 0.009434
151 0.027358 0.250000 0.009434 0.005660
152 0.042453 0.262264 0.016981 0.030189
153 0.057547 0.257547 0.009434 0.020755
154 0.087736 0.257547 0.020755 0.020755
155 0.112264 0.263208 0.016981 0.032075
156 0.129245 0.263208 0.013208 0.032075
157 0.157547 0.263208 0.013208 0.032075
158 0.184906 0.260377 0.011321 0.026415
159 0.212264 0.257547 0.016981 0.020755
160 0.011321 0.301887 0.011321 0.007547
161 0.033019 0.300943 0.005660 0.005660
162 0.045283 0.301887 0.015094 0.007547
163 0.076415 0.301887 0.013208 0.007547
164 0.101887 0.300943 0.011321 0.005660
165 0.116038 0.300943 0.009434 0.005660
166 0.128302 0.300943 0.007547 0.005660
167 0.156604 0.302830 0.018868 0.009434
168 0.176415 0.304717 0.013208 0.013208
169 0.205660 0.307547 0.018868 0.018868
170 0.009434 0.345283 0.011321 0.018868
171 0.028302 0.346226 0.018868 0.020755
172 0.050000 0.346226 0.016981 0.020755
173 0.084906 0.345283 0.018868 0.018868
174 0.117925 0.345283 0.016981 0.018868
175 0.151887 0.345283 0.016981 0.018868
176 0.184906 0.345283 0.015094 0.018868
177 0.216981 0.346226 0.018868 0.020755
178 0.252830 0.345283 0.018868 0.018868
179 0.277358 0.346226 0.022642 0.020755
180 0.039623 0.383962 0.045283 0.016981
