0 0.019811 0.032075 0.005660 0.026415
1 0.039623 0.035849 0.007547 0.033962
2 0.057547 0.030189 0.016981 0.022642
3 0.074528 0.030189 0.013208 0.022642
4 0.094340 0.030189 0.018868 0.022642
5 0.127358 0.031132 0.020755 0.024528
6 0.155660 0.033019 0.005660 0.028302
7 0.175472 0.033962 0.007547 0.030189
8 0.189623 0.035849 0.009434 0.033962
9 0.214151 0.024528 0.013208 0.011321
10 0.024528 0.080189 0.015094 0.016981
11 0.036792 0.085849 0.005660 0.028302
12 0.060377 0.077358 0.015094 0.011321
13 0.072642 0.085849 0.005660 0.028302
14 0.090566 0.087736 0.018868 0.032075
15 0.111321 0.083019 0.015094 0.022642
16 0.134906 0.083019 0.005660 0.022642
17 0.149057 0.083019 0.015094 0.022642
18 0.169811 0.083019 0.015094 0.022642
19 0.201887 0.083019 0.015094 0.022642
20 0.020755 0.133962 0.015094 0.022642
21 0.049057 0.133962 0.015094 0.022642
22 0.079245 0.133962 0.015094 0.022642
23 0.096226 0.133962 0.015094 0.022642
24 0.126415 0.133962 0.015094 0.022642
25 0.150000 0.133962 0.005660 0.022642
26 0.172642 0.135849 0.005660 0.026415
27 0.188679 0.133019 0.018868 0.020755
28 0.220755 0.126415 0.015094 0.007547
29 0.241509 0.133019 0.018868 0.020755
30 0.020755 0.181132 0.015094 0.026415
31 0.053774 0.180189 0.024528 0.024528
32 0.095283 0.183019 0.024528 0.030189
33 0.121698 0.183019 0.020755 0.030189
34 0.158491 0.183019 0.022642 0.030189
35 0.183019 0.183019 0.022642 0.030189
36 0.208491 0.183019 0.016981 0.030189
37 0.242453 0.183019 0.016981 0.030189
38 0.266981 0.183019 0.024528 0.030189
39 0.291509 0.183019 0.020755 0.030189
40 0.016038 0.232075 0.001887 0.030189
41 0.033019 0.232075 0.020755 0.030189
42 0.056604 0.232075 0.022642 0.030189
43 0.094340 0.232075 0.018868 0.030189
44 0.122642 0.232075 0.030189 0.030189
45 0.163208 0.232075 0.024528 0.030189
46 0.192453 0.232075 0.022642 0.030189
47 0.232075 0.232075 0.022642 0.030189
48 0.271698 0.232075 0.026415 0.030189
49 0.312264 0.232075 0.020755 0.030189
50 0.024528 0.281132 0.022642 0.030189
51 0.050943 0.281132 0.022642 0.030189
52 0.078302 0.281132 0.020755 0.030189
53 0.115094 0.281132 0.022642 0.030189
54 0.149057 0.281132 0.041509 0.030189
55 0.183962 0.281132 0.024528 0.030189
56 0.219811 0.281132 0.020755 0.030189
57 0.242453 0.281132 0.020755 0.030189
58 0.274528 0.286792 0.009434 0.041509
59 0.305660 0.282075 0.018868 0.032075
60 0.007547 0.347170 0.007547 0.041509
61 0.032075 0.341509 0.015094 0.030189
62 0.054717 0.333962 0.018868 0.015094
63 0.080189 0.340566 0.005660 0.028302
64 0.105660 0.336792 0.018868 0.020755
65 0.131132 0.341509 0.020755 0.030189
66 0.156604 0.336792 0.018868 0.020755
67 0.189623 0.341509 0.020755 0.030189
68 0.226415 0.336792 0.018868 0.020755
69 0.243396 0.341509 0.011321 0.030189
70 0.016038 0.401887 0.020755 0.030189
71 0.042453 0.401887 0.020755 0.030189
72 0.068868 0.401887 0.001887 0.030189
73 0.085849 0.406604 0.005660 0.039623
74 0.110377 0.401887 0.016981 0.030189
75 0.121698 0.401887 0.001887 0.030189
76 0.155660 0.397170 0.035849 0.020755
77 0.199057 0.397170 0.020755 0.020755
78 0.223585 0.397170 0.016981 0.020755
79 0.259434 0.400943 0.020755 0.028302
80 0.014151 0.459434 0.020755 0.028302
81 0.050943 0.455660 0.018868 0.020755
82 0.084906 0.455660 0.018868 0.020755
83 0.115094 0.457547 0.015094 0.024528
84 0.133962 0.455660 0.018868 0.020755
85 0.165094 0.455660 0.016981 0.020755
86 0.194340 0.455660 0.030189 0.020755
87 0.235849 0.455660 0.018868 0.020755
88 0.271698 0.460377 0.018868 0.030189
89 0.294340 0.455660 0.018868 0.020755
90 0.020755 0.513208 0.007547 0.037736
91 0.042453 0.513208 0.001887 0.037736
92 0.049057 0.513208 0.007547 0.037736
93 0.063208 0.505660 0.016981 0.022642
94 0.094340 0.505660 0.015094 0.022642
95 0.116038 0.505660 0.016981 0.022642
96 0.149057 0.505660 0.018868 0.022642
97 0.170755 0.505660 0.016981 0.022642
98 0.200943 0.505660 0.016981 0.022642
99 0.233962 0.505660 0.018868 0.022642
