100 0.029245 0.033962 0.024528 0.030189
101 0.066981 0.033962 0.024528 0.030189
102 0.093396 0.033962 0.024528 0.030189
103 0.134906 0.034906 0.024528 0.032075
104 0.163208 0.033962 0.024528 0.030189
105 0.213208 0.033962 0.045283 0.030189
106 0.264151 0.038679 0.045283 0.039623
107 0.314151 0.037736 0.028302 0.037736
108 0.357547 0.037736 0.028302 0.037736
109 0.390566 0.039623 0.026415 0.041509
110 0.018868 0.094340 0.033962 0.030189
111 0.076415 0.094340 0.047170 0.030189
112 0.139623 0.094340 0.045283 0.030189
113 0.179245 0.094340 0.026415 0.030189
114 0.208491 0.094340 0.028302 0.030189
115 0.237736 0.094340 0.026415 0.030189
116 0.267925 0.094340 0.026415 0.030189
117 0.308491 0.094340 0.024528 0.030189
118 0.337736 0.094340 0.026415 0.030189
119 0.381132 0.094340 0.026415 0.030189
120 0.030189 0.148113 0.026415 0.039623
121 0.062264 0.144340 0.030189 0.032075
122 0.107547 0.148113 0.030189 0.039623
123 0.140566 0.143396 0.032075 0.030189
124 0.175472 0.148113 0.033962 0.039623
125 0.208491 0.143396 0.028302 0.030189
126 0.239623 0.143396 0.026415 0.030189
127 0.269811 0.144340 0.026415 0.032075
128 0.299057 0.143396 0.024528 0.030189
129 0.339623 0.147170 0.026415 0.037736
130 0.029245 0.201887 0.024528 0.030189
131 0.068868 0.205660 0.028302 0.037736
132 0.100000 0.201887 0.022642 0.030189
133 0.131132 0.202830 0.028302 0.032075
134 0.176415 0.201887 0.028302 0.030189
135 0.206604 0.202830 0.028302 0.032075
136 0.248113 0.201887 0.024528 0.030189
137 0.279245 0.201887 0.033962 0.030189
138 0.324528 0.201887 0.026415 0.030189
139 0.355660 0.202830 0.028302 0.032075
140 0.014151 0.257547 0.020755 0.028302
141 0.049057 0.253774 0.015094 0.020755
142 0.069811 0.248113 0.018868 0.009434
143 0.092453 0.258491 0.022642 0.030189
144 0.138679 0.266981 0.035849 0.047170
145 0.169811 0.245283 0.022642 0.003774
146 0.207547 0.247170 0.022642 0.007547
147 0.245283 0.249057 0.022642 0.011321
148 0.283019 0.247170 0.022642 0.007547
149 0.300943 0.250000 0.009434 0.013208
150 0.023585 0.316038 0.016981 0.013208
151 0.048113 0.312264 0.005660 0.005660
152 0.066981 0.329245 0.024528 0.039623
153 0.097170 0.324528 0.005660 0.030189
154 0.111321 0.324528 0.015094 0.030189
155 0.132075 0.333019 0.018868 0.047170
156 0.156604 0.333019 0.018868 0.047170
157 0.179245 0.333019 0.018868 0.047170
158 0.215094 0.328302 0.022642 0.037736
159 0.241509 0.324528 0.018868 0.030189
160 0.025472 0.381132 0.016981 0.011321
161 0.051887 0.380189 0.005660 0.009434
162 0.078302 0.382075 0.016981 0.013208
163 0.099057 0.380189 0.020755 0.009434
164 0.116981 0.381132 0.011321 0.011321
165 0.146226 0.379245 0.013208 0.007547
166 0.163208 0.382075 0.013208 0.013208
167 0.191509 0.382075 0.016981 0.013208
168 0.220755 0.390566 0.030189 0.030189
169 0.266038 0.388679 0.026415 0.026415
170 0.017925 0.437736 0.024528 0.026415
171 0.062264 0.437736 0.030189 0.026415
172 0.106604 0.437736 0.028302 0.026415
173 0.149057 0.437736 0.026415 0.026415
174 0.190566 0.440566 0.026415 0.032075
175 0.230189 0.438679 0.026415 0.028302
176 0.266981 0.437736 0.035849 0.026415
177 0.315094 0.437736 0.030189 0.026415
178 0.348113 0.437736 0.032075 0.026415
179 0.394340 0.438679 0.030189 0.028302
180 0.035849 0.488679 0.045283 0.026415
