100 0.015094 0.030189 0.018868 0.022642
101 0.051887 0.030189 0.020755 0.022642
102 0.077358 0.030189 0.026415 0.022642
103 0.103774 0.030189 0.022642 0.022642
104 0.142453 0.030189 0.024528 0.022642
105 0.187736 0.030189 0.035849 0.022642
106 0.240566 0.034906 0.035849 0.032075
107 0.274528 0.034906 0.028302 0.032075
108 0.306604 0.034906 0.028302 0.032075
109 0.339623 0.034906 0.026415 0.032075
110 0.017925 0.081132 0.028302 0.022642
111 0.055660 0.081132 0.035849 0.022642
112 0.097170 0.081132 0.035849 0.022642
113 0.132075 0.081132 0.022642 0.022642
114 0.169811 0.081132 0.022642 0.022642
115 0.205660 0.081132 0.022642 0.022642
116 0.235849 0.081132 0.026415 0.022642
117 0.273585 0.081132 0.022642 0.022642
118 0.310377 0.081132 0.024528 0.022642
119 0.338679 0.081132 0.024528 0.022642
120 0.028302 0.126415 0.026415 0.030189
121 0.070755 0.122642 0.024528 0.022642
122 0.100000 0.125472 0.026415 0.028302
123 0.144340 0.122642 0.028302 0.022642
124 0.188679 0.125472 0.030189 0.028302
125 0.223585 0.122642 0.028302 0.022642
126 0.256604 0.122642 0.026415 0.022642
127 0.295283 0.122642 0.024528 0.022642
128 0.323585 0.122642 0.020755 0.022642
129 0.362264 0.126415 0.022642 0.030189
130 0.015094 0.170755 0.022642 0.020755
131 0.057547 0.175472 0.028302 0.030189
132 0.098113 0.171698 0.018868 0.022642
133 0.133019 0.172642 0.024528 0.024528
134 0.165094 0.171698 0.028302 0.022642
135 0.193396 0.172642 0.024528 0.024528
136 0.233962 0.171698 0.026415 0.022642
137 0.264151 0.171698 0.030189 0.022642
138 0.296226 0.170755 0.022642 0.020755
139 0.321698 0.171698 0.024528 0.022642
140 0.023585 0.220755 0.020755 0.022642
141 0.050000 0.220755 0.020755 0.022642
142 0.086792 0.214151 0.018868 0.009434
143 0.121698 0.220755 0.016981 0.022642
144 0.159434 0.226415 0.024528 0.033962
145 0.184906 0.213208 0.018868 0.007547
146 0.221698 0.214151 0.020755 0.009434
147 0.247170 0.214151 0.022642 0.009434
148 0.274528 0.214151 0.020755 0.009434
149 0.292453 0.216038 0.007547 0.013208
150 0.025472 0.267925 0.016981 0.011321
151 0.039623 0.264151 0.003774 0.003774
152 0.060377 0.278302 0.026415 0.032075
153 0.095283 0.273585 0.009434 0.022642
154 0.116981 0.273585 0.022642 0.022642
155 0.143396 0.282075 0.018868 0.039623
156 0.176415 0.282075 0.013208 0.039623
157 0.204717 0.281132 0.013208 0.037736
158 0.233019 0.277358 0.016981 0.030189
159 0.264151 0.277358 0.018868 0.030189
160 0.024528 0.326415 0.018868 0.011321
161 0.039623 0.323585 0.003774 0.005660
162 0.051887 0.325472 0.013208 0.009434
163 0.081132 0.325472 0.018868 0.009434
164 0.110377 0.325472 0.009434 0.009434
165 0.123585 0.325472 0.009434 0.009434
166 0.150000 0.325472 0.009434 0.009434
167 0.165094 0.327358 0.009434 0.013208
168 0.194340 0.332075 0.022642 0.022642
169 0.232075 0.329245 0.022642 0.016981
170 0.016981 0.371698 0.022642 0.018868
171 0.054717 0.373585 0.026415 0.022642
172 0.096226 0.370755 0.022642 0.016981
173 0.122642 0.373585 0.026415 0.022642
174 0.150943 0.374528 0.026415 0.024528
175 0.192453 0.373585 0.022642 0.022642
176 0.232075 0.373585 0.030189 0.022642
177 0.273585 0.373585 0.026415 0.022642
178 0.308491 0.373585 0.032075 0.022642
179 0.352830 0.373585 0.026415 0.022642
180 0.033019 0.415094 0.035849 0.018868
