0 0.008491 0.038679 0.009434 0.039623
1 0.039623 0.041509 0.018868 0.045283
2 0.080189 0.037736 0.032075 0.037736
3 0.114151 0.038679 0.032075 0.039623
4 0.154717 0.038679 0.041509 0.039623
5 0.200000 0.038679 0.041509 0.039623
6 0.226415 0.041509 0.007547 0.045283
7 0.252830 0.043396 0.015094 0.049057
8 0.283019 0.043396 0.015094 0.049057
9 0.317925 0.030189 0.024528 0.022642
10 0.016038 0.099057 0.024528 0.024528
11 0.047170 0.112264 0.007547 0.050943
12 0.070755 0.092453 0.013208 0.011321
13 0.086792 0.110377 0.007547 0.047170
14 0.102830 0.106604 0.013208 0.039623
15 0.132075 0.106604 0.037736 0.039623
16 0.174528 0.106604 0.020755 0.039623
17 0.217925 0.106604 0.032075 0.039623
18 0.262264 0.106604 0.030189 0.039623
19 0.307547 0.106604 0.033962 0.039623
20 0.016981 0.176415 0.030189 0.039623
21 0.064151 0.177358 0.033962 0.041509
22 0.101887 0.176415 0.030189 0.039623
23 0.138679 0.176415 0.032075 0.039623
24 0.177358 0.177358 0.033962 0.041509
25 0.202830 0.170755 0.009434 0.028302
26 0.225472 0.174528 0.009434 0.035849
27 0.253774 0.168868 0.020755 0.024528
28 0.293396 0.162264 0.024528 0.011321
29 0.321698 0.168868 0.020755 0.024528
30 0.026415 0.236792 0.026415 0.039623
31 0.069811 0.240566 0.052830 0.047170
32 0.119811 0.236792 0.039623 0.039623
33 0.173585 0.236792 0.037736 0.039623
34 0.225472 0.236792 0.035849 0.039623
35 0.267925 0.236792 0.041509 0.039623
36 0.321698 0.236792 0.035849 0.039623
37 0.362264 0.236792 0.033962 0.039623
38 0.401887 0.236792 0.037736 0.039623
39 0.455660 0.236792 0.043396 0.039623
40 0.026415 0.302830 0.018868 0.039623
41 0.054717 0.302830 0.030189 0.039623
42 0.105660 0.302830 0.041509 0.039623
43 0.156604 0.302830 0.033962 0.039623
44 0.212264 0.302830 0.050943 0.039623
45 0.271698 0.302830 0.037736 0.039623
46 0.326415 0.302830 0.041509 0.039623
47 0.379245 0.302830 0.037736 0.039623
48 0.420755 0.309434 0.041509 0.052830
49 0.465094 0.302830 0.039623 0.039623
50 0.017925 0.374528 0.032075 0.039623
51 0.058491 0.374528 0.037736 0.039623
52 0.100943 0.374528 0.039623 0.039623
53 0.153774 0.374528 0.039623 0.039623
54 0.216981 0.374528 0.060377 0.039623
55 0.274528 0.374528 0.043396 0.039623
56 0.319811 0.374528 0.039623 0.039623
57 0.361321 0.374528 0.035849 0.039623
58 0.387736 0.380189 0.013208 0.050943
59 0.414151 0.374528 0.013208 0.039623
60 0.022642 0.450000 0.011321 0.050943
61 0.053774 0.447170 0.024528 0.045283
62 0.083962 0.432075 0.028302 0.015094
63 0.110377 0.435849 0.013208 0.022642
64 0.148113 0.438679 0.032075 0.028302
65 0.184906 0.445283 0.037736 0.041509
66 0.219811 0.438679 0.028302 0.028302
67 0.257547 0.445283 0.035849 0.041509
68 0.303774 0.438679 0.030189 0.028302
69 0.336792 0.445283 0.024528 0.041509
70 0.029245 0.516981 0.032075 0.045283
71 0.067925 0.515094 0.037736 0.041509
72 0.108491 0.515094 0.016981 0.041509
73 0.139623 0.521698 0.015094 0.054717
74 0.181132 0.515094 0.037736 0.041509
75 0.214151 0.515094 0.016981 0.041509
76 0.266981 0.508491 0.058491 0.028302
77 0.318868 0.508491 0.037736 0.028302
78 0.356604 0.508491 0.033962 0.028302
79 0.398113 0.515094 0.037736 0.041509
80 0.033019 0.588679 0.035849 0.041509
81 0.069811 0.582075 0.026415 0.028302
82 0.097170 0.582075 0.024528 0.028302
83 0.134906 0.586792 0.020755 0.037736
84 0.168868 0.582075 0.035849 0.028302
85 0.215094 0.582075 0.030189 0.028302
86 0.260377 0.582075 0.049057 0.028302
87 0.305660 0.582075 0.033962 0.028302
88 0.339623 0.587736 0.030189 0.039623
89 0.374528 0.582075 0.028302 0.028302
90 0.020755 0.653774 0.015094 0.050943
91 0.044340 0.652830 0.001887 0.049057
92 0.053774 0.653774 0.013208 0.050943
93 0.074528 0.650943 0.020755 0.045283
94 0.121698 0.644340 0.039623 0.032075
95 0.171698 0.644340 0.033962 0.032075
96 0.211321 0.644340 0.033962 0.032075
97 0.265094 0.644340 0.039623 0.032075
98 0.307547 0.644340 0.041509 0.032075
99 0.350943 0.644340 0.037736 0.032075
