100 0.007547 0.030189 0.011321 0.022642
101 0.036792 0.030189 0.016981 0.022642
102 0.069811 0.030189 0.022642 0.022642
103 0.095283 0.030189 0.016981 0.022642
104 0.116981 0.031132 0.018868 0.024528
105 0.141509 0.030189 0.022642 0.022642
106 0.177358 0.034906 0.022642 0.032075
107 0.203774 0.035849 0.018868 0.033962
108 0.237736 0.035849 0.018868 0.033962
109 0.258491 0.036792 0.015094 0.035849
110 0.026415 0.084906 0.022642 0.022642
111 0.063208 0.084906 0.024528 0.022642
112 0.090566 0.084906 0.026415 0.022642
113 0.125472 0.084906 0.016981 0.022642
114 0.159434 0.084906 0.016981 0.022642
115 0.192453 0.084906 0.015094 0.022642
116 0.213208 0.084906 0.018868 0.022642
117 0.235849 0.084906 0.015094 0.022642
118 0.257547 0.084906 0.020755 0.022642
119 0.292453 0.084906 0.018868 0.022642
120 0.015094 0.131132 0.018868 0.032075
121 0.047170 0.126415 0.015094 0.022642
122 0.077358 0.131132 0.015094 0.032075
123 0.108491 0.126415 0.020755 0.022642
124 0.134906 0.131132 0.020755 0.032075
125 0.160377 0.126415 0.018868 0.022642
126 0.182075 0.126415 0.016981 0.022642
127 0.210377 0.126415 0.013208 0.022642
128 0.240566 0.126415 0.013208 0.022642
129 0.258491 0.130189 0.015094 0.030189
130 0.025472 0.177358 0.016981 0.022642
131 0.045283 0.177358 0.018868 0.022642
132 0.074528 0.177358 0.013208 0.022642
133 0.103774 0.178302 0.018868 0.024528
134 0.126415 0.177358 0.022642 0.022642
135 0.150943 0.178302 0.018868 0.024528
136 0.186792 0.177358 0.018868 0.022642
137 0.220755 0.178302 0.022642 0.024528
138 0.245283 0.177358 0.015094 0.022642
139 0.266981 0.177358 0.016981 0.022642
140 0.022642 0.220755 0.015094 0.022642
141 0.052830 0.220755 0.015094 0.022642
142 0.070755 0.213208 0.016981 0.007547
143 0.091509 0.212264 0.013208 0.005660
144 0.122642 0.216981 0.022642 0.015094
145 0.155660 0.213208 0.013208 0.007547
146 0.171698 0.213208 0.015094 0.007547
147 0.200000 0.214151 0.015094 0.009434
148 0.230189 0.213208 0.015094 0.007547
149 0.245283 0.216038 0.007547 0.013208
150 0.019811 0.256604 0.013208 0.011321
151 0.033962 0.251887 0.003774 0.001887
152 0.049057 0.266981 0.018868 0.032075
153 0.074528 0.254717 0.005660 0.007547
154 0.098113 0.261321 0.015094 0.020755
155 0.126415 0.269811 0.015094 0.037736
156 0.146226 0.269811 0.013208 0.037736
157 0.175472 0.269811 0.015094 0.037736
158 0.191509 0.253774 0.013208 0.005660
159 0.207547 0.265094 0.015094 0.028302
160 0.012264 0.313208 0.013208 0.011321
161 0.033019 0.311321 0.001887 0.007547
162 0.046226 0.312264 0.013208 0.009434
163 0.062264 0.310377 0.011321 0.005660
164 0.083019 0.311321 0.003774 0.007547
165 0.106604 0.312264 0.009434 0.009434
166 0.128302 0.310377 0.007547 0.005660
167 0.144340 0.314151 0.013208 0.013208
168 0.165094 0.318868 0.020755 0.022642
169 0.187736 0.316038 0.016981 0.016981
170 0.025472 0.357547 0.016981 0.016981
171 0.061321 0.361321 0.020755 0.024528
172 0.083962 0.357547 0.016981 0.016981
173 0.120755 0.360377 0.022642 0.022642
174 0.145283 0.360377 0.022642 0.022642
175 0.168868 0.360377 0.020755 0.022642
176 0.195283 0.360377 0.024528 0.022642
177 0.223585 0.360377 0.020755 0.022642
178 0.261321 0.359434 0.020755 0.020755
179 0.283962 0.360377 0.020755 0.022642
180 0.034906 0.400000 0.035849 0.015094
