0 0.016981 0.032075 0.007547 0.026415
1 0.029245 0.033019 0.009434 0.028302
2 0.048113 0.032075 0.016981 0.026415
3 0.079245 0.034906 0.018868 0.032075
4 0.116981 0.032075 0.022642 0.026415
5 0.142453 0.032075 0.020755 0.026415
6 0.156604 0.033019 0.003774 0.028302
7 0.166038 0.033962 0.011321 0.030189
8 0.180189 0.033019 0.009434 0.028302
9 0.193396 0.024528 0.013208 0.011321
10 0.020755 0.079245 0.015094 0.018868
11 0.043396 0.081132 0.003774 0.022642
12 0.067925 0.075472 0.015094 0.011321
13 0.090566 0.079245 0.003774 0.018868
14 0.101887 0.084906 0.015094 0.030189
15 0.133019 0.083019 0.020755 0.026415
16 0.150943 0.083019 0.007547 0.026415
17 0.170755 0.083019 0.020755 0.026415
18 0.193396 0.083019 0.020755 0.026415
19 0.226415 0.083019 0.018868 0.026415
20 0.012264 0.132075 0.020755 0.026415
21 0.050000 0.132075 0.020755 0.026415
22 0.071698 0.132075 0.018868 0.026415
23 0.092453 0.132075 0.018868 0.026415
24 0.117925 0.133019 0.020755 0.028302
25 0.133962 0.128302 0.007547 0.018868
26 0.154717 0.130189 0.007547 0.022642
27 0.183019 0.128302 0.018868 0.018868
28 0.216038 0.123585 0.020755 0.009434
29 0.239623 0.127358 0.018868 0.016981
30 0.008491 0.180189 0.013208 0.028302
31 0.041509 0.179245 0.026415 0.026415
32 0.082075 0.180189 0.020755 0.028302
33 0.116981 0.179245 0.018868 0.026415
34 0.142453 0.179245 0.020755 0.026415
35 0.169811 0.179245 0.022642 0.026415
36 0.207547 0.179245 0.018868 0.026415
37 0.232075 0.179245 0.018868 0.026415
38 0.257547 0.179245 0.020755 0.026415
39 0.292453 0.179245 0.022642 0.026415
40 0.018868 0.226415 0.007547 0.026415
41 0.045283 0.226415 0.015094 0.026415
42 0.079245 0.226415 0.022642 0.026415
43 0.110377 0.226415 0.013208 0.026415
44 0.133962 0.226415 0.030189 0.026415
45 0.164151 0.226415 0.022642 0.026415
46 0.200943 0.226415 0.020755 0.026415
47 0.222642 0.226415 0.018868 0.026415
48 0.247170 0.226415 0.022642 0.026415
49 0.271698 0.226415 0.018868 0.026415
50 0.011321 0.271698 0.018868 0.026415
51 0.046226 0.271698 0.016981 0.026415
52 0.081132 0.271698 0.022642 0.026415
53 0.118868 0.270755 0.022642 0.024528
54 0.149057 0.271698 0.030189 0.026415
55 0.181132 0.271698 0.022642 0.026415
56 0.206604 0.271698 0.016981 0.026415
57 0.233019 0.271698 0.024528 0.026415
58 0.267925 0.275472 0.011321 0.033962
59 0.283019 0.272642 0.007547 0.028302
60 0.009434 0.328302 0.011321 0.033962
61 0.024528 0.328302 0.015094 0.033962
62 0.044340 0.326415 0.016981 0.030189
63 0.067925 0.319811 0.003774 0.016981
64 0.083962 0.320755 0.016981 0.018868
65 0.115094 0.325472 0.018868 0.028302
66 0.147170 0.320755 0.015094 0.018868
67 0.170755 0.325472 0.020755 0.028302
68 0.202830 0.321698 0.016981 0.020755
69 0.221698 0.327358 0.013208 0.032075
70 0.024528 0.377358 0.018868 0.026415
71 0.044340 0.376415 0.016981 0.024528
72 0.073585 0.377358 0.007547 0.026415
73 0.087736 0.381132 0.013208 0.033962
74 0.116038 0.378302 0.013208 0.028302
75 0.128302 0.378302 0.007547 0.028302
76 0.147170 0.374528 0.026415 0.020755
77 0.181132 0.374528 0.015094 0.020755
78 0.213208 0.373585 0.015094 0.018868
79 0.236792 0.379245 0.020755 0.030189
80 0.022642 0.432075 0.018868 0.030189
81 0.052830 0.426415 0.011321 0.018868
82 0.083019 0.427358 0.015094 0.020755
83 0.112264 0.430189 0.009434 0.026415
84 0.140566 0.426415 0.016981 0.018868
85 0.171698 0.427358 0.015094 0.020755
86 0.198113 0.426415 0.026415 0.018868
87 0.222642 0.427358 0.018868 0.020755
88 0.259434 0.432075 0.020755 0.030189
89 0.281132 0.426415 0.018868 0.018868
90 0.017925 0.483962 0.009434 0.035849
91 0.029245 0.477358 0.005660 0.022642
92 0.042453 0.483962 0.009434 0.035849
93 0.068868 0.477358 0.016981 0.022642
94 0.100000 0.477358 0.018868 0.022642
95 0.123585 0.477358 0.016981 0.022642
96 0.143396 0.477358 0.018868 0.022642
97 0.166038 0.477358 0.022642 0.022642
98 0.203774 0.477358 0.022642 0.022642
99 0.228302 0.477358 0.022642 0.022642
