100 0.022642 0.030189 0.015094 0.022642
101 0.042453 0.030189 0.016981 0.022642
102 0.076415 0.031132 0.016981 0.024528
103 0.107547 0.032075 0.015094 0.026415
104 0.124528 0.032075 0.015094 0.026415
105 0.158491 0.030189 0.026415 0.022642
106 0.201887 0.033019 0.026415 0.028302
107 0.240566 0.033019 0.016981 0.028302
108 0.272642 0.033019 0.016981 0.028302
109 0.294340 0.035849 0.018868 0.033962
110 0.021698 0.083962 0.016981 0.024528
111 0.055660 0.083019 0.024528 0.022642
112 0.083962 0.083019 0.024528 0.022642
113 0.119811 0.083019 0.016981 0.022642
114 0.140566 0.083019 0.016981 0.022642
115 0.159434 0.083019 0.016981 0.022642
116 0.178302 0.083019 0.016981 0.022642
117 0.199057 0.083019 0.016981 0.022642
118 0.219811 0.083019 0.016981 0.022642
119 0.240566 0.083019 0.016981 0.022642
120 0.023585 0.129245 0.016981 0.028302
121 0.048113 0.126415 0.024528 0.022642
122 0.087736 0.129245 0.024528 0.028302
123 0.117925 0.126415 0.024528 0.022642
124 0.146226 0.129245 0.024528 0.028302
125 0.171698 0.127358 0.018868 0.024528
126 0.205660 0.126415 0.018868 0.022642
127 0.240566 0.127358 0.016981 0.024528
128 0.270755 0.127358 0.016981 0.024528
129 0.293396 0.129245 0.016981 0.028302
130 0.010377 0.173585 0.016981 0.022642
131 0.032075 0.177358 0.018868 0.030189
132 0.063208 0.174528 0.016981 0.024528
133 0.093396 0.175472 0.016981 0.026415
134 0.128302 0.173585 0.018868 0.022642
135 0.150000 0.175472 0.016981 0.026415
136 0.170755 0.173585 0.016981 0.022642
137 0.195283 0.175472 0.024528 0.026415
138 0.219811 0.173585 0.016981 0.022642
139 0.242453 0.174528 0.016981 0.024528
140 0.021698 0.222642 0.016981 0.022642
141 0.037736 0.220755 0.007547 0.018868
142 0.066038 0.214151 0.015094 0.005660
143 0.081132 0.222642 0.011321 0.022642
144 0.113208 0.229245 0.022642 0.035849
145 0.138679 0.213208 0.016981 0.003774
146 0.172642 0.214151 0.016981 0.005660
147 0.192453 0.215094 0.015094 0.007547
148 0.212264 0.214151 0.016981 0.005660
149 0.228302 0.215094 0.007547 0.007547
150 0.019811 0.269811 0.009434 0.007547
151 0.030189 0.268868 0.003774 0.005660
152 0.043396 0.282075 0.018868 0.032075
153 0.061321 0.277358 0.005660 0.022642
154 0.084906 0.277358 0.015094 0.022642
155 0.114151 0.287736 0.013208 0.043396
156 0.143396 0.287736 0.015094 0.043396
157 0.163208 0.287736 0.016981 0.043396
158 0.183019 0.280189 0.011321 0.028302
159 0.211321 0.282075 0.018868 0.032075
160 0.012264 0.333019 0.016981 0.009434
161 0.038679 0.331132 0.005660 0.005660
162 0.051887 0.332075 0.013208 0.007547
163 0.082075 0.331132 0.020755 0.005660
164 0.101887 0.332075 0.011321 0.007547
165 0.124528 0.330189 0.007547 0.003774
166 0.145283 0.333019 0.007547 0.009434
167 0.160377 0.333019 0.011321 0.009434
168 0.188679 0.337736 0.018868 0.018868
169 0.224528 0.338679 0.018868 0.020755
170 0.027358 0.377358 0.020755 0.018868
171 0.051887 0.379245 0.024528 0.022642
172 0.079245 0.377358 0.026415 0.018868
173 0.116981 0.379245 0.022642 0.022642
174 0.154717 0.379245 0.022642 0.022642
175 0.182075 0.381132 0.024528 0.026415
176 0.223585 0.378302 0.028302 0.020755
177 0.266038 0.379245 0.022642 0.022642
178 0.292453 0.378302 0.022642 0.020755
179 0.322642 0.379245 0.026415 0.022642
180 0.039623 0.424528 0.052830 0.022642
