0 0.007547 0.033019 0.007547 0.028302
1 0.029245 0.035849 0.009434 0.033962
2 0.046226 0.033019 0.020755 0.028302
3 0.084906 0.036792 0.022642 0.035849
4 0.124528 0.033019 0.030189 0.028302
5 0.166981 0.034906 0.020755 0.032075
6 0.196226 0.033019 0.003774 0.028302
7 0.206604 0.037736 0.009434 0.037736
8 0.220755 0.036792 0.011321 0.035849
9 0.245283 0.024528 0.011321 0.011321
10 0.012264 0.084906 0.016981 0.018868
11 0.039623 0.089623 0.003774 0.028302
12 0.051887 0.081132 0.016981 0.011321
13 0.077358 0.084906 0.003774 0.018868
14 0.103774 0.090566 0.015094 0.030189
15 0.126415 0.090566 0.018868 0.030189
16 0.158491 0.089623 0.011321 0.028302
17 0.188679 0.089623 0.022642 0.028302
18 0.222642 0.090566 0.018868 0.030189
19 0.259434 0.089623 0.020755 0.028302
20 0.013208 0.138679 0.018868 0.028302
21 0.045283 0.139623 0.018868 0.030189
22 0.066038 0.138679 0.018868 0.028302
23 0.088679 0.139623 0.018868 0.030189
24 0.113208 0.139623 0.018868 0.030189
25 0.128302 0.134906 0.007547 0.020755
26 0.152830 0.137736 0.007547 0.026415
27 0.171698 0.133019 0.018868 0.016981
28 0.203774 0.128302 0.018868 0.007547
29 0.229245 0.133019 0.020755 0.016981
30 0.012264 0.187736 0.016981 0.028302
31 0.049057 0.188679 0.030189 0.030189
32 0.080189 0.187736 0.024528 0.028302
33 0.107547 0.188679 0.022642 0.030189
34 0.147170 0.188679 0.026415 0.030189
35 0.190566 0.188679 0.026415 0.030189
36 0.229245 0.188679 0.024528 0.030189
37 0.268868 0.188679 0.024528 0.030189
38 0.298113 0.188679 0.026415 0.030189
39 0.341509 0.187736 0.026415 0.028302
40 0.016981 0.236792 0.007547 0.028302
41 0.032075 0.237736 0.018868 0.030189
42 0.067925 0.236792 0.026415 0.028302
43 0.096226 0.236792 0.018868 0.028302
44 0.136792 0.236792 0.032075 0.028302
45 0.169811 0.236792 0.026415 0.028302
46 0.210377 0.237736 0.028302 0.030189
47 0.240566 0.237736 0.024528 0.030189
48 0.282075 0.238679 0.028302 0.032075
49 0.326415 0.237736 0.026415 0.030189
50 0.029245 0.289623 0.024528 0.032075
51 0.067925 0.288679 0.022642 0.030189
52 0.106604 0.288679 0.024528 0.030189
53 0.133019 0.287736 0.024528 0.028302
54 0.168868 0.287736 0.035849 0.028302
55 0.202830 0.287736 0.028302 0.028302
56 0.244340 0.287736 0.024528 0.028302
57 0.273585 0.288679 0.026415 0.030189
58 0.297170 0.292453 0.013208 0.037736
59 0.322642 0.288679 0.007547 0.030189
60 0.021698 0.349057 0.013208 0.037736
61 0.041509 0.347170 0.018868 0.033962
62 0.065094 0.337736 0.016981 0.015094
63 0.077358 0.344340 0.003774 0.028302
64 0.103774 0.340566 0.018868 0.020755
65 0.137736 0.344340 0.018868 0.028302
66 0.170755 0.340566 0.016981 0.020755
67 0.206604 0.344340 0.020755 0.028302
68 0.232075 0.340566 0.018868 0.020755
69 0.262264 0.345283 0.011321 0.030189
70 0.023585 0.401887 0.020755 0.030189
71 0.049057 0.400943 0.018868 0.028302
72 0.066981 0.400943 0.005660 0.028302
73 0.081132 0.405660 0.011321 0.037736
74 0.100000 0.400943 0.018868 0.028302
75 0.127358 0.400943 0.005660 0.028302
76 0.147170 0.397170 0.030189 0.020755
77 0.186792 0.397170 0.018868 0.020755
78 0.218868 0.397170 0.018868 0.020755
79 0.253774 0.401887 0.020755 0.030189
80 0.011321 0.458491 0.018868 0.030189
81 0.044340 0.454717 0.013208 0.022642
82 0.072642 0.454717 0.016981 0.022642
83 0.089623 0.456604 0.009434 0.026415
84 0.116981 0.453774 0.018868 0.020755
85 0.152830 0.453774 0.018868 0.020755
86 0.191509 0.453774 0.028302 0.020755
87 0.221698 0.453774 0.020755 0.020755
88 0.255660 0.458491 0.020755 0.030189
89 0.292453 0.453774 0.018868 0.020755
90 0.022642 0.511321 0.011321 0.037736
91 0.047170 0.507547 0.007547 0.030189
92 0.073585 0.511321 0.011321 0.037736
93 0.102830 0.509434 0.016981 0.033962
94 0.135849 0.504717 0.018868 0.024528
95 0.156604 0.504717 0.018868 0.024528
96 0.193396 0.505660 0.020755 0.026415
97 0.219811 0.504717 0.020755 0.024528
98 0.242453 0.505660 0.020755 0.026415
99 0.266038 0.505660 0.022642 0.026415
