0 0.008491 0.032075 0.009434 0.026415
1 0.032075 0.035849 0.011321 0.033962
2 0.064151 0.032075 0.022642 0.026415
3 0.100943 0.035849 0.016981 0.033962
4 0.131132 0.033019 0.032075 0.028302
5 0.176415 0.033019 0.024528 0.028302
6 0.192453 0.035849 0.003774 0.033962
7 0.214151 0.035849 0.013208 0.033962
8 0.242453 0.035849 0.013208 0.033962
9 0.273585 0.026415 0.015094 0.015094
10 0.011321 0.082075 0.018868 0.020755
11 0.041509 0.088679 0.007547 0.033962
12 0.064151 0.077358 0.011321 0.011321
13 0.087736 0.085849 0.005660 0.028302
14 0.107547 0.086792 0.022642 0.030189
15 0.145283 0.084906 0.018868 0.026415
16 0.175472 0.084906 0.011321 0.026415
17 0.195283 0.084906 0.020755 0.026415
18 0.232075 0.084906 0.018868 0.026415
19 0.265094 0.085849 0.016981 0.028302
20 0.014151 0.137736 0.020755 0.026415
21 0.039623 0.138679 0.018868 0.028302
22 0.059434 0.137736 0.016981 0.026415
23 0.082075 0.137736 0.020755 0.026415
24 0.107547 0.137736 0.018868 0.026415
25 0.124528 0.133962 0.007547 0.018868
26 0.146226 0.136792 0.009434 0.024528
27 0.178302 0.134906 0.020755 0.020755
28 0.213208 0.129245 0.018868 0.009434
29 0.234906 0.135849 0.020755 0.022642
30 0.012264 0.185849 0.013208 0.028302
31 0.039623 0.185849 0.030189 0.028302
32 0.082075 0.184906 0.024528 0.026415
33 0.118868 0.184906 0.018868 0.026415
34 0.141509 0.184906 0.022642 0.026415
35 0.181132 0.184906 0.022642 0.026415
36 0.208491 0.184906 0.020755 0.026415
37 0.233962 0.184906 0.022642 0.026415
38 0.258491 0.184906 0.022642 0.026415
39 0.296226 0.184906 0.026415 0.026415
40 0.010377 0.232075 0.009434 0.026415
41 0.040566 0.232075 0.016981 0.026415
42 0.063208 0.233019 0.024528 0.028302
43 0.100943 0.232075 0.016981 0.026415
44 0.131132 0.232075 0.032075 0.026415
45 0.177358 0.232075 0.026415 0.026415
46 0.220755 0.233019 0.026415 0.028302
47 0.260377 0.232075 0.022642 0.026415
48 0.300000 0.234906 0.026415 0.032075
49 0.326415 0.232075 0.022642 0.026415
50 0.025472 0.283962 0.020755 0.028302
51 0.049057 0.283019 0.022642 0.026415
52 0.087736 0.283019 0.024528 0.026415
53 0.124528 0.283019 0.022642 0.026415
54 0.169811 0.283019 0.033962 0.026415
55 0.206604 0.283019 0.028302 0.026415
56 0.233019 0.283019 0.020755 0.026415
57 0.269811 0.283019 0.026415 0.026415
58 0.307547 0.286792 0.015094 0.033962
59 0.333962 0.283962 0.011321 0.028302
60 0.024528 0.339623 0.015094 0.033962
61 0.043396 0.339623 0.018868 0.033962
62 0.078302 0.330189 0.020755 0.015094
63 0.104717 0.333962 0.005660 0.022642
64 0.123585 0.333019 0.020755 0.020755
65 0.146226 0.336792 0.020755 0.028302
66 0.180189 0.333019 0.016981 0.020755
67 0.216981 0.336792 0.022642 0.028302
68 0.239623 0.333019 0.018868 0.020755
69 0.275472 0.341509 0.026415 0.037736
70 0.013208 0.393396 0.018868 0.028302
71 0.047170 0.393396 0.018868 0.028302
72 0.065094 0.393396 0.009434 0.028302
73 0.079245 0.397170 0.015094 0.035849
74 0.108491 0.393396 0.016981 0.028302
75 0.124528 0.393396 0.007547 0.028302
76 0.149057 0.389623 0.030189 0.020755
77 0.188679 0.389623 0.018868 0.020755
78 0.213208 0.389623 0.018868 0.020755
79 0.251887 0.393396 0.024528 0.028302
80 0.016038 0.448113 0.020755 0.028302
81 0.047170 0.444340 0.015094 0.020755
82 0.067925 0.443396 0.015094 0.018868
83 0.097170 0.446226 0.013208 0.024528
84 0.129245 0.444340 0.020755 0.020755
85 0.166038 0.443396 0.018868 0.018868
86 0.201887 0.443396 0.026415 0.018868
87 0.239623 0.443396 0.022642 0.018868
88 0.277358 0.448113 0.022642 0.028302
89 0.316038 0.443396 0.020755 0.018868
90 0.008491 0.498113 0.013208 0.033962
91 0.025472 0.500943 0.009434 0.039623
92 0.041509 0.498113 0.015094 0.033962
93 0.077358 0.503774 0.022642 0.045283
94 0.116038 0.493396 0.020755 0.024528
95 0.140566 0.493396 0.020755 0.024528
96 0.166038 0.493396 0.022642 0.024528
97 0.201887 0.493396 0.018868 0.024528
98 0.224528 0.493396 0.018868 0.024528
99 0.262264 0.493396 0.022642 0.024528
