100 0.010377 0.030189 0.016981 0.022642
101 0.043396 0.030189 0.018868 0.022642
102 0.080189 0.030189 0.020755 0.022642
103 0.107547 0.032075 0.022642 0.026415
104 0.147170 0.032075 0.022642 0.026415
105 0.187736 0.030189 0.032075 0.022642
106 0.221698 0.034906 0.032075 0.032075
107 0.265094 0.034906 0.024528 0.032075
108 0.295283 0.035849 0.024528 0.033962
109 0.334906 0.034906 0.024528 0.032075
110 0.017925 0.083019 0.024528 0.022642
111 0.050943 0.083019 0.033962 0.022642
112 0.089623 0.083019 0.032075 0.022642
113 0.129245 0.083019 0.020755 0.022642
114 0.153774 0.083019 0.020755 0.022642
115 0.190566 0.083019 0.018868 0.022642
116 0.216038 0.083019 0.024528 0.022642
117 0.250943 0.083019 0.018868 0.022642
118 0.288679 0.083019 0.022642 0.022642
119 0.327358 0.083019 0.024528 0.022642
120 0.026415 0.129245 0.026415 0.032075
121 0.066981 0.124528 0.024528 0.022642
122 0.096226 0.129245 0.026415 0.032075
123 0.137736 0.124528 0.026415 0.022642
124 0.168868 0.129245 0.028302 0.032075
125 0.197170 0.124528 0.024528 0.022642
126 0.233962 0.124528 0.022642 0.022642
127 0.270755 0.124528 0.020755 0.022642
128 0.307547 0.124528 0.018868 0.022642
129 0.342453 0.129245 0.020755 0.032075
130 0.013208 0.175472 0.018868 0.022642
131 0.050000 0.180189 0.024528 0.032075
132 0.087736 0.175472 0.016981 0.022642
133 0.111321 0.176415 0.026415 0.024528
134 0.153774 0.175472 0.024528 0.022642
135 0.179245 0.176415 0.022642 0.024528
136 0.204717 0.175472 0.024528 0.022642
137 0.237736 0.176415 0.030189 0.024528
138 0.277358 0.175472 0.018868 0.022642
139 0.315094 0.175472 0.022642 0.022642
140 0.026415 0.226415 0.018868 0.022642
141 0.059434 0.226415 0.016981 0.022642
142 0.083019 0.220755 0.018868 0.011321
143 0.115094 0.226415 0.015094 0.022642
144 0.139623 0.232075 0.022642 0.033962
145 0.166038 0.219811 0.018868 0.009434
146 0.187736 0.219811 0.020755 0.009434
147 0.211321 0.219811 0.022642 0.009434
148 0.236792 0.220755 0.020755 0.011321
149 0.266981 0.220755 0.005660 0.011321
150 0.012264 0.273585 0.013208 0.011321
151 0.027358 0.269811 0.005660 0.003774
152 0.045283 0.284906 0.022642 0.033962
153 0.066038 0.279245 0.011321 0.022642
154 0.084906 0.279245 0.022642 0.022642
155 0.112264 0.287736 0.020755 0.039623
156 0.132075 0.288679 0.015094 0.041509
157 0.147170 0.287736 0.011321 0.039623
158 0.166038 0.283962 0.015094 0.032075
159 0.183962 0.283962 0.016981 0.032075
160 0.009434 0.334906 0.015094 0.013208
161 0.033962 0.332075 0.003774 0.007547
162 0.050000 0.333962 0.016981 0.011321
163 0.069811 0.333962 0.018868 0.011321
164 0.100943 0.333019 0.009434 0.009434
165 0.116038 0.334906 0.009434 0.013208
166 0.131132 0.333019 0.009434 0.009434
167 0.155660 0.334906 0.013208 0.013208
168 0.183962 0.335849 0.016981 0.015094
169 0.216038 0.336792 0.020755 0.016981
170 0.027358 0.374528 0.020755 0.020755
171 0.064151 0.375472 0.022642 0.022642
172 0.092453 0.372642 0.022642 0.016981
173 0.132075 0.375472 0.026415 0.022642
174 0.175472 0.375472 0.026415 0.022642
175 0.201887 0.374528 0.018868 0.020755
176 0.240566 0.375472 0.032075 0.022642
177 0.273585 0.375472 0.026415 0.022642
178 0.316981 0.375472 0.026415 0.022642
179 0.344340 0.375472 0.024528 0.022642
180 0.037736 0.416038 0.045283 0.020755
