0 0.020755 0.033962 0.007547 0.030189
1 0.048113 0.035849 0.013208 0.033962
2 0.082075 0.033962 0.020755 0.030189
3 0.102830 0.037736 0.016981 0.037736
4 0.131132 0.033962 0.032075 0.030189
5 0.163208 0.033962 0.024528 0.030189
6 0.182075 0.033019 0.005660 0.028302
7 0.192453 0.035849 0.011321 0.033962
8 0.216981 0.035849 0.011321 0.033962
9 0.245283 0.026415 0.015094 0.015094
10 0.015094 0.086792 0.022642 0.022642
11 0.046226 0.089623 0.005660 0.028302
12 0.064151 0.092453 0.022642 0.033962
13 0.096226 0.089623 0.007547 0.028302
14 0.127358 0.090566 0.020755 0.030189
15 0.161321 0.090566 0.016981 0.030189
16 0.191509 0.090566 0.009434 0.030189
17 0.210377 0.090566 0.016981 0.030189
18 0.233019 0.090566 0.016981 0.030189
19 0.264151 0.090566 0.018868 0.030189
20 0.025472 0.143396 0.016981 0.030189
21 0.057547 0.143396 0.016981 0.030189
22 0.076415 0.143396 0.016981 0.030189
23 0.110377 0.143396 0.016981 0.030189
24 0.144340 0.143396 0.016981 0.030189
25 0.169811 0.138679 0.007547 0.020755
26 0.179245 0.140566 0.007547 0.024528
27 0.209434 0.137736 0.022642 0.018868
28 0.244340 0.135849 0.020755 0.015094
29 0.267925 0.140566 0.022642 0.024528
30 0.009434 0.192453 0.015094 0.030189
31 0.044340 0.192453 0.028302 0.030189
32 0.081132 0.192453 0.018868 0.030189
33 0.114151 0.192453 0.016981 0.030189
34 0.148113 0.192453 0.016981 0.030189
35 0.180189 0.192453 0.016981 0.030189
36 0.210377 0.192453 0.013208 0.030189
37 0.238679 0.192453 0.013208 0.030189
38 0.270755 0.192453 0.016981 0.030189
39 0.304717 0.192453 0.016981 0.030189
40 0.009434 0.241509 0.007547 0.030189
41 0.037736 0.241509 0.015094 0.030189
42 0.060377 0.241509 0.018868 0.030189
43 0.082075 0.241509 0.013208 0.030189
44 0.115094 0.241509 0.022642 0.030189
45 0.150000 0.241509 0.016981 0.030189
46 0.180189 0.241509 0.016981 0.030189
47 0.200943 0.241509 0.016981 0.030189
48 0.223585 0.241509 0.016981 0.030189
49 0.255660 0.241509 0.016981 0.030189
50 0.010377 0.290566 0.016981 0.030189
51 0.030189 0.290566 0.015094 0.030189
52 0.048113 0.290566 0.016981 0.030189
53 0.067925 0.290566 0.018868 0.030189
54 0.091509 0.290566 0.024528 0.030189
55 0.118868 0.290566 0.018868 0.030189
56 0.150943 0.290566 0.018868 0.030189
57 0.185849 0.290566 0.016981 0.030189
58 0.204717 0.292453 0.009434 0.033962
59 0.223585 0.289623 0.020755 0.028302
60 0.007547 0.345283 0.011321 0.033962
61 0.036792 0.347170 0.020755 0.037736
62 0.071698 0.343396 0.018868 0.030189
63 0.088679 0.342453 0.007547 0.028302
64 0.114151 0.341509 0.016981 0.026415
65 0.132075 0.341509 0.015094 0.026415
66 0.162264 0.341509 0.015094 0.026415
67 0.190566 0.341509 0.015094 0.026415
68 0.220755 0.341509 0.011321 0.026415
69 0.247170 0.341509 0.011321 0.026415
70 0.024528 0.398113 0.015094 0.026415
71 0.045283 0.398113 0.015094 0.026415
72 0.068868 0.398113 0.005660 0.026415
73 0.095283 0.398113 0.013208 0.026415
74 0.114151 0.398113 0.016981 0.026415
75 0.132075 0.398113 0.011321 0.026415
76 0.162264 0.398113 0.018868 0.026415
77 0.192453 0.398113 0.015094 0.026415
78 0.209434 0.398113 0.015094 0.026415
79 0.228302 0.398113 0.015094 0.026415
80 0.022642 0.443396 0.015094 0.026415
81 0.043396 0.443396 0.015094 0.026415
82 0.060377 0.443396 0.015094 0.026415
83 0.087736 0.443396 0.013208 0.026415
84 0.116981 0.443396 0.015094 0.026415
85 0.133962 0.443396 0.015094 0.026415
86 0.155660 0.443396 0.020755 0.026415
87 0.187736 0.443396 0.016981 0.026415
88 0.210377 0.443396 0.016981 0.026415
89 0.241509 0.443396 0.015094 0.026415
90 0.016981 0.492453 0.007547 0.033962
91 0.027358 0.490566 0.005660 0.030189
92 0.037736 0.491509 0.007547 0.032075
93 0.067925 0.498113 0.018868 0.045283
94 0.099057 0.488679 0.016981 0.026415
95 0.119811 0.489623 0.016981 0.028302
96 0.142453 0.489623 0.016981 0.028302
97 0.166981 0.488679 0.024528 0.026415
98 0.208491 0.488679 0.024528 0.026415
99 0.237736 0.488679 0.022642 0.026415
