0 0.007547 0.031132 0.003774 0.024528
1 0.028302 0.033019 0.007547 0.028302
2 0.054717 0.030189 0.018868 0.022642
3 0.077358 0.031132 0.015094 0.024528
4 0.112264 0.030189 0.028302 0.022642
5 0.142453 0.031132 0.024528 0.024528
6 0.160377 0.030189 0.003774 0.022642
7 0.173585 0.038679 0.011321 0.039623
8 0.201887 0.039623 0.011321 0.041509
9 0.229245 0.025472 0.009434 0.013208
10 0.010377 0.086792 0.016981 0.015094
11 0.027358 0.093396 0.005660 0.028302
12 0.042453 0.090566 0.013208 0.022642
13 0.065094 0.088679 0.001887 0.018868
14 0.089623 0.094340 0.013208 0.030189
15 0.106604 0.090566 0.016981 0.022642
16 0.132075 0.090566 0.007547 0.022642
17 0.146226 0.090566 0.013208 0.022642
18 0.174528 0.090566 0.013208 0.022642
19 0.191509 0.090566 0.016981 0.022642
20 0.010377 0.139623 0.013208 0.022642
21 0.026415 0.139623 0.015094 0.022642
22 0.058491 0.139623 0.015094 0.022642
23 0.088679 0.139623 0.015094 0.022642
24 0.105660 0.139623 0.015094 0.022642
25 0.118868 0.139623 0.003774 0.022642
26 0.140566 0.142453 0.005660 0.028302
27 0.163208 0.135849 0.013208 0.015094
28 0.183962 0.133962 0.016981 0.011321
29 0.201887 0.137736 0.015094 0.018868
30 0.013208 0.191509 0.018868 0.032075
31 0.050000 0.186792 0.020755 0.022642
32 0.077358 0.190566 0.022642 0.030189
33 0.101887 0.190566 0.018868 0.030189
34 0.127358 0.190566 0.020755 0.030189
35 0.152830 0.190566 0.018868 0.030189
36 0.172642 0.190566 0.016981 0.030189
37 0.192453 0.190566 0.015094 0.030189
38 0.224528 0.191509 0.022642 0.032075
39 0.261321 0.190566 0.020755 0.030189
40 0.002830 0.241509 0.001887 0.030189
41 0.013208 0.242453 0.015094 0.032075
42 0.036792 0.241509 0.020755 0.030189
43 0.059434 0.241509 0.016981 0.030189
44 0.097170 0.241509 0.024528 0.030189
45 0.134906 0.241509 0.020755 0.030189
46 0.171698 0.241509 0.022642 0.030189
47 0.208491 0.241509 0.016981 0.030189
48 0.232075 0.242453 0.022642 0.032075
49 0.269811 0.241509 0.018868 0.030189
50 0.015094 0.293396 0.018868 0.032075
51 0.050000 0.292453 0.020755 0.030189
52 0.083962 0.292453 0.016981 0.030189
53 0.118868 0.292453 0.018868 0.030189
54 0.146226 0.292453 0.028302 0.030189
55 0.175472 0.292453 0.018868 0.030189
56 0.200000 0.292453 0.018868 0.030189
57 0.219811 0.292453 0.016981 0.030189
58 0.236792 0.294340 0.005660 0.033962
59 0.264151 0.293396 0.015094 0.032075
60 0.006604 0.347170 0.005660 0.033962
61 0.025472 0.352830 0.020755 0.045283
62 0.047170 0.337736 0.015094 0.015094
63 0.073585 0.341509 0.003774 0.022642
64 0.088679 0.342453 0.015094 0.024528
65 0.118868 0.345283 0.015094 0.030189
66 0.150000 0.342453 0.013208 0.024528
67 0.166038 0.345283 0.015094 0.030189
68 0.196226 0.342453 0.015094 0.024528
69 0.225472 0.345283 0.009434 0.030189
70 0.022642 0.410377 0.015094 0.032075
71 0.054717 0.409434 0.015094 0.030189
72 0.069811 0.409434 0.003774 0.030189
73 0.076415 0.414151 0.005660 0.039623
74 0.100000 0.409434 0.015094 0.030189
75 0.124528 0.409434 0.003774 0.030189
76 0.155660 0.405660 0.024528 0.022642
77 0.190566 0.405660 0.015094 0.022642
78 0.218868 0.405660 0.015094 0.022642
79 0.237736 0.409434 0.015094 0.030189
80 0.024528 0.467925 0.015094 0.030189
81 0.051887 0.464151 0.009434 0.022642
82 0.068868 0.464151 0.013208 0.022642
83 0.093396 0.466038 0.009434 0.026415
84 0.120755 0.463208 0.015094 0.020755
85 0.140566 0.463208 0.016981 0.020755
86 0.163208 0.463208 0.024528 0.020755
87 0.199057 0.463208 0.013208 0.020755
88 0.219811 0.467925 0.016981 0.030189
89 0.251887 0.464151 0.013208 0.022642
90 0.016981 0.521698 0.007547 0.039623
91 0.024528 0.518868 0.003774 0.033962
92 0.047170 0.521698 0.007547 0.039623
93 0.062264 0.524528 0.015094 0.045283
94 0.092453 0.513208 0.015094 0.022642
95 0.110377 0.513208 0.016981 0.022642
96 0.144340 0.513208 0.016981 0.022642
97 0.163208 0.513208 0.016981 0.022642
98 0.195283 0.513208 0.016981 0.022642
99 0.229245 0.513208 0.020755 0.022642
