0 0.004717 0.031132 0.005660 0.024528
1 0.030189 0.033019 0.011321 0.028302
2 0.058491 0.031132 0.018868 0.024528
3 0.079245 0.033962 0.015094 0.030189
4 0.105660 0.031132 0.026415 0.024528
5 0.134906 0.032075 0.020755 0.026415
6 0.166038 0.033019 0.007547 0.028302
7 0.191509 0.036792 0.009434 0.035849
8 0.216981 0.035849 0.007547 0.033962
9 0.240566 0.025472 0.013208 0.013208
10 0.021698 0.079245 0.013208 0.011321
11 0.048113 0.090566 0.005660 0.033962
12 0.059434 0.084906 0.013208 0.022642
13 0.072642 0.087736 0.005660 0.028302
14 0.099057 0.088679 0.020755 0.030189
15 0.119811 0.086792 0.016981 0.026415
16 0.150943 0.086792 0.011321 0.026415
17 0.166981 0.086792 0.016981 0.026415
18 0.199057 0.086792 0.016981 0.026415
19 0.229245 0.086792 0.016981 0.026415
20 0.010377 0.138679 0.016981 0.024528
21 0.031132 0.138679 0.016981 0.024528
22 0.063208 0.138679 0.016981 0.024528
23 0.093396 0.139623 0.016981 0.026415
24 0.114151 0.138679 0.016981 0.024528
25 0.129245 0.135849 0.005660 0.018868
26 0.138679 0.138679 0.005660 0.024528
27 0.166038 0.133962 0.018868 0.015094
28 0.187736 0.131132 0.013208 0.009434
29 0.207547 0.136792 0.018868 0.020755
30 0.010377 0.185849 0.013208 0.028302
31 0.047170 0.185849 0.026415 0.028302
32 0.075472 0.188679 0.022642 0.033962
33 0.098113 0.188679 0.018868 0.033962
34 0.122642 0.188679 0.018868 0.033962
35 0.145283 0.188679 0.018868 0.033962
36 0.177358 0.188679 0.015094 0.033962
37 0.194340 0.188679 0.015094 0.033962
38 0.215094 0.188679 0.018868 0.033962
39 0.247170 0.188679 0.018868 0.033962
40 0.008491 0.241509 0.009434 0.033962
41 0.023585 0.241509 0.016981 0.033962
42 0.047170 0.241509 0.022642 0.033962
43 0.081132 0.241509 0.015094 0.033962
44 0.104717 0.241509 0.024528 0.033962
45 0.132075 0.241509 0.018868 0.033962
46 0.152830 0.241509 0.018868 0.033962
47 0.188679 0.241509 0.018868 0.033962
48 0.224528 0.241509 0.018868 0.033962
49 0.258491 0.241509 0.018868 0.033962
50 0.011321 0.294340 0.018868 0.033962
51 0.044340 0.294340 0.016981 0.033962
52 0.077358 0.294340 0.018868 0.033962
53 0.100943 0.294340 0.020755 0.033962
54 0.137736 0.294340 0.026415 0.033962
55 0.165094 0.294340 0.020755 0.033962
56 0.199057 0.294340 0.020755 0.033962
57 0.224528 0.294340 0.018868 0.033962
58 0.255660 0.296226 0.013208 0.037736
59 0.288679 0.292453 0.018868 0.030189
60 0.022642 0.352830 0.011321 0.037736
61 0.054717 0.350943 0.018868 0.033962
62 0.079245 0.349057 0.018868 0.030189
63 0.107547 0.350943 0.007547 0.033962
64 0.121698 0.348113 0.016981 0.028302
65 0.151887 0.348113 0.016981 0.028302
66 0.184906 0.348113 0.015094 0.028302
67 0.217925 0.348113 0.016981 0.028302
68 0.247170 0.348113 0.011321 0.028302
69 0.274528 0.348113 0.013208 0.028302
70 0.020755 0.403774 0.015094 0.026415
71 0.037736 0.404717 0.015094 0.028302
72 0.066038 0.404717 0.007547 0.028302
73 0.090566 0.404717 0.015094 0.028302
74 0.119811 0.404717 0.016981 0.028302
75 0.137736 0.404717 0.011321 0.028302
76 0.168868 0.404717 0.020755 0.028302
77 0.192453 0.404717 0.015094 0.028302
78 0.213208 0.404717 0.015094 0.028302
79 0.230189 0.404717 0.015094 0.028302
80 0.011321 0.451887 0.015094 0.028302
81 0.043396 0.451887 0.015094 0.028302
82 0.060377 0.451887 0.015094 0.028302
83 0.091509 0.451887 0.013208 0.028302
84 0.110377 0.451887 0.016981 0.028302
85 0.144340 0.451887 0.016981 0.028302
86 0.166038 0.451887 0.022642 0.028302
87 0.191509 0.451887 0.016981 0.028302
88 0.214151 0.451887 0.016981 0.028302
89 0.234906 0.451887 0.016981 0.028302
90 0.021698 0.502830 0.009434 0.035849
91 0.042453 0.500943 0.005660 0.032075
92 0.055660 0.502830 0.009434 0.035849
93 0.082075 0.501887 0.016981 0.033962
94 0.103774 0.498113 0.022642 0.026415
95 0.127358 0.498113 0.020755 0.026415
96 0.153774 0.498113 0.024528 0.026415
97 0.194340 0.498113 0.022642 0.026415
98 0.223585 0.498113 0.024528 0.026415
99 0.251887 0.498113 0.024528 0.026415
