100 0.020755 0.030189 0.015094 0.022642
101 0.039623 0.030189 0.018868 0.022642
102 0.073585 0.030189 0.022642 0.022642
103 0.110377 0.032075 0.020755 0.026415
104 0.147170 0.032075 0.022642 0.026415
105 0.178302 0.030189 0.028302 0.022642
106 0.222642 0.034906 0.030189 0.032075
107 0.262264 0.035849 0.018868 0.033962
108 0.283019 0.035849 0.018868 0.033962
109 0.306604 0.035849 0.020755 0.033962
110 0.027358 0.083019 0.028302 0.022642
111 0.061321 0.083019 0.028302 0.022642
112 0.108491 0.083019 0.032075 0.022642
113 0.135849 0.083019 0.018868 0.022642
114 0.169811 0.083019 0.018868 0.022642
115 0.203774 0.083019 0.018868 0.022642
116 0.241509 0.083019 0.022642 0.022642
117 0.267925 0.083019 0.018868 0.022642
118 0.303774 0.083019 0.022642 0.022642
119 0.338679 0.083019 0.020755 0.022642
120 0.014151 0.130189 0.020755 0.033962
121 0.049057 0.124528 0.018868 0.022642
122 0.081132 0.130189 0.018868 0.033962
123 0.103774 0.124528 0.022642 0.022642
124 0.141509 0.130189 0.022642 0.033962
125 0.175472 0.124528 0.018868 0.022642
126 0.199057 0.124528 0.020755 0.022642
127 0.235849 0.124528 0.018868 0.022642
128 0.269811 0.124528 0.018868 0.022642
129 0.305660 0.129245 0.018868 0.032075
130 0.011321 0.177358 0.018868 0.022642
131 0.033019 0.182075 0.020755 0.032075
132 0.068868 0.177358 0.016981 0.022642
133 0.090566 0.179245 0.018868 0.026415
134 0.117925 0.177358 0.024528 0.022642
135 0.143396 0.179245 0.018868 0.026415
136 0.181132 0.177358 0.022642 0.022642
137 0.218868 0.182075 0.026415 0.032075
138 0.256604 0.177358 0.018868 0.022642
139 0.290566 0.178302 0.018868 0.024528
140 0.011321 0.228302 0.018868 0.022642
141 0.046226 0.227358 0.016981 0.020755
142 0.067925 0.221698 0.018868 0.009434
143 0.102830 0.228302 0.016981 0.022642
144 0.128302 0.233962 0.030189 0.033962
145 0.158491 0.222642 0.018868 0.011321
146 0.192453 0.222642 0.018868 0.011321
147 0.226415 0.222642 0.018868 0.011321
148 0.258491 0.222642 0.018868 0.011321
149 0.273585 0.222642 0.007547 0.011321
150 0.023585 0.275472 0.013208 0.011321
151 0.047170 0.272642 0.003774 0.005660
152 0.061321 0.286792 0.020755 0.033962
153 0.077358 0.281132 0.007547 0.022642
154 0.093396 0.281132 0.016981 0.022642
155 0.116038 0.290566 0.016981 0.041509
156 0.136792 0.290566 0.016981 0.041509
157 0.170755 0.289623 0.020755 0.039623
158 0.193396 0.285849 0.016981 0.032075
159 0.227358 0.285849 0.016981 0.032075
160 0.009434 0.337736 0.015094 0.015094
161 0.023585 0.333962 0.001887 0.007547
162 0.032075 0.334906 0.011321 0.009434
163 0.059434 0.333962 0.013208 0.007547
164 0.083962 0.333962 0.009434 0.007547
165 0.111321 0.335849 0.015094 0.011321
166 0.136792 0.333962 0.009434 0.007547
167 0.163208 0.336792 0.013208 0.013208
168 0.183019 0.341509 0.022642 0.022642
169 0.218868 0.340566 0.022642 0.020755
170 0.014151 0.383019 0.020755 0.022642
171 0.045283 0.387736 0.030189 0.032075
172 0.089623 0.382075 0.024528 0.020755
173 0.119811 0.386792 0.028302 0.030189
174 0.161321 0.386792 0.028302 0.030189
175 0.193396 0.387736 0.028302 0.032075
176 0.235849 0.385849 0.030189 0.028302
177 0.278302 0.386792 0.028302 0.030189
178 0.310377 0.386792 0.028302 0.030189
179 0.339623 0.383019 0.026415 0.022642
180 0.019811 0.433962 0.035849 0.022642
