0 0.002830 0.031132 0.001887 0.024528
1 0.013208 0.024528 0.007547 0.011321
2 0.043396 0.031132 0.018868 0.024528
3 0.066981 0.033019 0.016981 0.028302
4 0.100943 0.031132 0.024528 0.024528
5 0.127358 0.031132 0.016981 0.024528
6 0.142453 0.027358 0.001887 0.016981
7 0.152830 0.033019 0.007547 0.028302
8 0.161321 0.031132 0.005660 0.024528
9 0.183019 0.027358 0.011321 0.016981
10 0.009434 0.066981 0.011321 0.001887
11 0.020755 0.071698 0.003774 0.011321
12 0.040566 0.071698 0.009434 0.011321
13 0.051887 0.075472 0.001887 0.018868
14 0.068868 0.072642 0.005660 0.013208
15 0.097170 0.078302 0.016981 0.024528
16 0.115094 0.078302 0.011321 0.024528
17 0.134906 0.078302 0.016981 0.024528
18 0.165094 0.078302 0.016981 0.024528
19 0.187736 0.078302 0.016981 0.024528
20 0.009434 0.121698 0.015094 0.024528
21 0.029245 0.121698 0.016981 0.024528
22 0.049057 0.119811 0.015094 0.020755
23 0.078302 0.121698 0.016981 0.024528
24 0.109434 0.121698 0.015094 0.024528
25 0.121698 0.117925 0.001887 0.016981
26 0.128302 0.117925 0.003774 0.016981
27 0.137736 0.115094 0.011321 0.011321
28 0.161321 0.113208 0.009434 0.007547
29 0.173585 0.115094 0.011321 0.011321
30 0.019811 0.165094 0.013208 0.024528
31 0.042453 0.167925 0.024528 0.030189
32 0.076415 0.164151 0.016981 0.022642
33 0.106604 0.165094 0.016981 0.024528
34 0.129245 0.165094 0.016981 0.024528
35 0.148113 0.165094 0.016981 0.024528
36 0.169811 0.165094 0.015094 0.024528
37 0.197170 0.164151 0.013208 0.022642
38 0.216038 0.165094 0.016981 0.024528
39 0.238679 0.164151 0.016981 0.022642
40 0.018868 0.214151 0.011321 0.024528
41 0.033019 0.214151 0.013208 0.024528
42 0.064151 0.213208 0.015094 0.022642
43 0.079245 0.213208 0.011321 0.022642
44 0.096226 0.213208 0.018868 0.022642
45 0.115094 0.214151 0.015094 0.024528
46 0.136792 0.214151 0.016981 0.024528
47 0.155660 0.213208 0.016981 0.022642
48 0.187736 0.216981 0.016981 0.030189
49 0.219811 0.213208 0.016981 0.022642
50 0.025472 0.263208 0.016981 0.024528
51 0.053774 0.262264 0.013208 0.022642
52 0.070755 0.262264 0.016981 0.022642
53 0.092453 0.261321 0.015094 0.020755
54 0.125472 0.262264 0.020755 0.022642
55 0.147170 0.261321 0.015094 0.020755
56 0.168868 0.261321 0.016981 0.020755
57 0.202830 0.263208 0.016981 0.024528
58 0.216038 0.266038 0.001887 0.030189
59 0.238679 0.263208 0.009434 0.024528
60 0.004717 0.315094 0.001887 0.030189
61 0.028302 0.315094 0.015094 0.030189
62 0.050943 0.307547 0.018868 0.015094
63 0.078302 0.308491 0.005660 0.016981
64 0.089623 0.309434 0.013208 0.018868
65 0.107547 0.312264 0.015094 0.024528
66 0.139623 0.310377 0.015094 0.020755
67 0.158491 0.312264 0.015094 0.024528
68 0.187736 0.310377 0.016981 0.020755
69 0.206604 0.312264 0.013208 0.024528
70 0.009434 0.362264 0.015094 0.026415
71 0.027358 0.360377 0.013208 0.022642
72 0.042453 0.362264 0.009434 0.026415
73 0.069811 0.366038 0.015094 0.033962
74 0.085849 0.361321 0.013208 0.024528
75 0.101887 0.362264 0.011321 0.026415
76 0.122642 0.357547 0.018868 0.016981
77 0.152830 0.358491 0.015094 0.018868
78 0.185849 0.359434 0.016981 0.020755
79 0.215094 0.361321 0.015094 0.024528
80 0.013208 0.414151 0.015094 0.024528
81 0.041509 0.410377 0.011321 0.016981
82 0.057547 0.411321 0.013208 0.018868
83 0.075472 0.413208 0.011321 0.022642
84 0.093396 0.410377 0.013208 0.016981
85 0.113208 0.410377 0.015094 0.016981
86 0.134906 0.411321 0.020755 0.018868
87 0.157547 0.409434 0.013208 0.015094
88 0.185849 0.415094 0.016981 0.026415
89 0.204717 0.411321 0.013208 0.018868
90 0.016981 0.461321 0.003774 0.028302
91 0.034906 0.460377 0.001887 0.026415
92 0.055660 0.463208 0.005660 0.032075
93 0.068868 0.458491 0.016981 0.022642
94 0.100000 0.457547 0.015094 0.020755
95 0.129245 0.458491 0.013208 0.022642
96 0.149057 0.458491 0.015094 0.022642
97 0.180189 0.458491 0.016981 0.022642
98 0.212264 0.458491 0.016981 0.022642
99 0.243396 0.458491 0.018868 0.022642
