100 0.021698 0.030189 0.013208 0.022642
101 0.053774 0.030189 0.016981 0.022642
102 0.088679 0.030189 0.018868 0.022642
103 0.122642 0.031132 0.018868 0.024528
104 0.144340 0.031132 0.020755 0.024528
105 0.183019 0.030189 0.026415 0.022642
106 0.224528 0.035849 0.026415 0.033962
107 0.261321 0.036792 0.020755 0.035849
108 0.299057 0.036792 0.020755 0.035849
109 0.324528 0.036792 0.018868 0.035849
110 0.024528 0.084906 0.022642 0.022642
111 0.064151 0.084906 0.026415 0.022642
112 0.097170 0.084906 0.028302 0.022642
113 0.133962 0.084906 0.018868 0.022642
114 0.169811 0.084906 0.018868 0.022642
115 0.193396 0.084906 0.016981 0.022642
116 0.230189 0.084906 0.022642 0.022642
117 0.253774 0.084906 0.016981 0.022642
118 0.277358 0.084906 0.022642 0.022642
119 0.303774 0.084906 0.022642 0.022642
120 0.026415 0.131132 0.022642 0.032075
121 0.064151 0.126415 0.018868 0.022642
122 0.088679 0.131132 0.018868 0.032075
123 0.123585 0.126415 0.024528 0.022642
124 0.165094 0.131132 0.024528 0.032075
125 0.200943 0.126415 0.020755 0.022642
126 0.224528 0.126415 0.018868 0.022642
127 0.257547 0.126415 0.016981 0.022642
128 0.279245 0.126415 0.015094 0.022642
129 0.312264 0.130189 0.016981 0.030189
130 0.021698 0.177358 0.016981 0.022642
131 0.042453 0.181132 0.020755 0.030189
132 0.063208 0.177358 0.016981 0.022642
133 0.083019 0.178302 0.018868 0.024528
134 0.110377 0.177358 0.024528 0.022642
135 0.149057 0.178302 0.018868 0.024528
136 0.183019 0.177358 0.022642 0.022642
137 0.221698 0.178302 0.024528 0.024528
138 0.248113 0.177358 0.016981 0.022642
139 0.269811 0.177358 0.018868 0.022642
140 0.023585 0.226415 0.016981 0.022642
141 0.056604 0.226415 0.015094 0.022642
142 0.084906 0.219811 0.015094 0.009434
143 0.114151 0.226415 0.013208 0.022642
144 0.150000 0.233019 0.024528 0.035849
145 0.185849 0.219811 0.016981 0.009434
146 0.206604 0.219811 0.016981 0.009434
147 0.239623 0.220755 0.018868 0.011321
148 0.272642 0.219811 0.016981 0.009434
149 0.299057 0.220755 0.005660 0.011321
150 0.019811 0.275472 0.013208 0.011321
151 0.030189 0.271698 0.003774 0.003774
152 0.045283 0.286792 0.015094 0.033962
153 0.058491 0.281132 0.007547 0.022642
154 0.073585 0.281132 0.018868 0.022642
155 0.103774 0.288679 0.015094 0.037736
156 0.123585 0.288679 0.016981 0.037736
157 0.156604 0.288679 0.015094 0.037736
158 0.175472 0.284906 0.015094 0.030189
159 0.193396 0.284906 0.016981 0.030189
160 0.024528 0.333019 0.015094 0.013208
161 0.046226 0.330189 0.001887 0.007547
162 0.069811 0.331132 0.011321 0.009434
163 0.099057 0.331132 0.016981 0.009434
164 0.116981 0.330189 0.007547 0.007547
165 0.137736 0.332075 0.007547 0.011321
166 0.151887 0.331132 0.009434 0.009434
167 0.175472 0.332075 0.007547 0.011321
168 0.194340 0.335849 0.018868 0.018868
169 0.215094 0.334906 0.018868 0.016981
170 0.022642 0.373585 0.018868 0.018868
171 0.057547 0.376415 0.024528 0.024528
172 0.097170 0.372642 0.020755 0.016981
173 0.133019 0.376415 0.024528 0.024528
174 0.161321 0.376415 0.024528 0.024528
175 0.200000 0.376415 0.022642 0.024528
176 0.239623 0.376415 0.022642 0.024528
177 0.266038 0.375472 0.022642 0.022642
178 0.303774 0.375472 0.022642 0.022642
179 0.333019 0.375472 0.024528 0.022642
180 0.029245 0.416038 0.032075 0.016981
