100 0.020755 0.030189 0.015094 0.022642
101 0.042453 0.030189 0.016981 0.022642
102 0.067925 0.030189 0.022642 0.022642
103 0.103774 0.030189 0.018868 0.022642
104 0.139623 0.030189 0.018868 0.022642
105 0.169811 0.030189 0.030189 0.022642
106 0.203774 0.032075 0.030189 0.026415
107 0.231132 0.033019 0.020755 0.028302
108 0.255660 0.033019 0.020755 0.028302
109 0.288679 0.033962 0.018868 0.030189
110 0.013208 0.079245 0.022642 0.022642
111 0.052830 0.080189 0.030189 0.024528
112 0.097170 0.079245 0.032075 0.022642
113 0.141509 0.079245 0.022642 0.022642
114 0.181132 0.079245 0.022642 0.022642
115 0.219811 0.079245 0.020755 0.022642
116 0.258491 0.079245 0.022642 0.022642
117 0.283019 0.079245 0.018868 0.022642
118 0.307547 0.079245 0.022642 0.022642
119 0.335849 0.079245 0.022642 0.022642
120 0.028302 0.124528 0.022642 0.026415
121 0.064151 0.122642 0.018868 0.022642
122 0.100000 0.124528 0.018868 0.026415
123 0.127358 0.122642 0.024528 0.022642
124 0.166981 0.124528 0.024528 0.026415
125 0.191509 0.122642 0.020755 0.022642
126 0.226415 0.122642 0.022642 0.022642
127 0.252830 0.122642 0.018868 0.022642
128 0.274528 0.122642 0.013208 0.022642
129 0.293396 0.124528 0.020755 0.026415
130 0.011321 0.167925 0.018868 0.022642
131 0.034906 0.169811 0.020755 0.026415
132 0.068868 0.167925 0.013208 0.022642
133 0.090566 0.169811 0.022642 0.026415
134 0.131132 0.167925 0.024528 0.022642
135 0.158491 0.167925 0.018868 0.022642
136 0.183019 0.167925 0.022642 0.022642
137 0.222642 0.167925 0.022642 0.022642
138 0.247170 0.167925 0.018868 0.022642
139 0.279245 0.167925 0.018868 0.022642
140 0.011321 0.213208 0.015094 0.022642
141 0.033019 0.213208 0.016981 0.022642
142 0.052830 0.206604 0.018868 0.009434
143 0.073585 0.213208 0.011321 0.022642
144 0.093396 0.218868 0.020755 0.033962
145 0.118868 0.204717 0.018868 0.005660
146 0.150943 0.204717 0.018868 0.005660
147 0.174528 0.205660 0.020755 0.007547
148 0.200000 0.204717 0.018868 0.005660
149 0.230189 0.206604 0.007547 0.009434
150 0.010377 0.259434 0.013208 0.009434
151 0.025472 0.257547 0.005660 0.005660
152 0.044340 0.273585 0.024528 0.037736
153 0.074528 0.266038 0.009434 0.022642
154 0.106604 0.266038 0.020755 0.022642
155 0.137736 0.269811 0.015094 0.030189
156 0.154717 0.269811 0.015094 0.030189
157 0.170755 0.268868 0.013208 0.028302
158 0.200000 0.267925 0.011321 0.026415
159 0.216981 0.267925 0.015094 0.026415
160 0.025472 0.316038 0.016981 0.009434
161 0.042453 0.314151 0.005660 0.005660
162 0.054717 0.315094 0.011321 0.007547
163 0.068868 0.315094 0.013208 0.007547
164 0.092453 0.315094 0.007547 0.007547
165 0.109434 0.315094 0.015094 0.007547
166 0.133962 0.315094 0.007547 0.007547
167 0.162264 0.316981 0.018868 0.011321
168 0.182075 0.319811 0.016981 0.016981
169 0.203774 0.320755 0.018868 0.018868
170 0.016981 0.358491 0.022642 0.018868
171 0.051887 0.361321 0.020755 0.024528
172 0.073585 0.358491 0.018868 0.018868
173 0.098113 0.362264 0.022642 0.026415
174 0.136792 0.361321 0.020755 0.024528
175 0.169811 0.362264 0.018868 0.026415
176 0.205660 0.362264 0.026415 0.026415
177 0.233962 0.361321 0.022642 0.024528
178 0.274528 0.361321 0.024528 0.024528
179 0.316038 0.360377 0.024528 0.022642
180 0.029245 0.405660 0.054717 0.022642
