0 0.007547 0.031132 0.007547 0.024528
1 0.019811 0.033019 0.009434 0.028302
2 0.051887 0.032075 0.024528 0.026415
3 0.077358 0.033019 0.015094 0.028302
4 0.111321 0.033019 0.022642 0.028302
5 0.146226 0.032075 0.020755 0.026415
6 0.173585 0.033019 0.003774 0.028302
7 0.195283 0.033962 0.013208 0.030189
8 0.223585 0.033019 0.013208 0.028302
9 0.248113 0.022642 0.009434 0.007547
10 0.012264 0.076415 0.016981 0.016981
11 0.029245 0.079245 0.005660 0.022642
12 0.050000 0.079245 0.009434 0.022642
13 0.063208 0.082075 0.005660 0.028302
14 0.091509 0.083962 0.016981 0.032075
15 0.111321 0.080189 0.018868 0.024528
16 0.136792 0.080189 0.005660 0.024528
17 0.154717 0.080189 0.018868 0.024528
18 0.189623 0.080189 0.016981 0.024528
19 0.213208 0.080189 0.018868 0.024528
20 0.025472 0.131132 0.016981 0.024528
21 0.046226 0.132075 0.016981 0.026415
22 0.079245 0.131132 0.015094 0.024528
23 0.111321 0.131132 0.015094 0.024528
24 0.140566 0.131132 0.016981 0.024528
25 0.166038 0.127358 0.007547 0.016981
26 0.177358 0.131132 0.007547 0.024528
27 0.200000 0.129245 0.011321 0.020755
28 0.216038 0.124528 0.016981 0.011321
29 0.233962 0.129245 0.011321 0.020755
30 0.010377 0.176415 0.013208 0.024528
31 0.034906 0.176415 0.024528 0.024528
32 0.061321 0.176415 0.024528 0.024528
33 0.097170 0.176415 0.016981 0.024528
34 0.130189 0.176415 0.022642 0.024528
35 0.167925 0.176415 0.022642 0.024528
36 0.205660 0.176415 0.018868 0.024528
37 0.237736 0.176415 0.018868 0.024528
38 0.265094 0.176415 0.024528 0.024528
39 0.292453 0.176415 0.022642 0.024528
40 0.016981 0.219811 0.007547 0.024528
41 0.043396 0.219811 0.018868 0.024528
42 0.076415 0.219811 0.020755 0.024528
43 0.106604 0.219811 0.013208 0.024528
44 0.133962 0.219811 0.030189 0.024528
45 0.176415 0.219811 0.024528 0.024528
46 0.202830 0.219811 0.024528 0.024528
47 0.228302 0.219811 0.018868 0.024528
48 0.255660 0.220755 0.024528 0.026415
49 0.281132 0.219811 0.018868 0.024528
50 0.009434 0.265094 0.015094 0.024528
51 0.037736 0.265094 0.015094 0.024528
52 0.073585 0.265094 0.022642 0.024528
53 0.098113 0.265094 0.022642 0.024528
54 0.127358 0.265094 0.032075 0.024528
55 0.160377 0.265094 0.022642 0.024528
56 0.183019 0.265094 0.015094 0.024528
57 0.205660 0.265094 0.018868 0.024528
58 0.236792 0.266981 0.009434 0.028302
59 0.259434 0.267925 0.005660 0.030189
60 0.022642 0.316038 0.011321 0.028302
61 0.051887 0.320755 0.016981 0.037736
62 0.070755 0.309434 0.016981 0.015094
63 0.097170 0.313208 0.005660 0.022642
64 0.114151 0.311321 0.020755 0.018868
65 0.151887 0.314151 0.020755 0.024528
66 0.176415 0.311321 0.016981 0.018868
67 0.200943 0.314151 0.020755 0.024528
68 0.222642 0.311321 0.018868 0.018868
69 0.255660 0.315094 0.013208 0.026415
70 0.027358 0.372642 0.020755 0.028302
71 0.060377 0.370755 0.018868 0.024528
72 0.090566 0.370755 0.007547 0.024528
73 0.103774 0.374528 0.015094 0.032075
74 0.124528 0.370755 0.015094 0.024528
75 0.137736 0.370755 0.007547 0.024528
76 0.170755 0.367925 0.028302 0.018868
77 0.198113 0.367925 0.018868 0.018868
78 0.222642 0.367925 0.018868 0.018868
79 0.258491 0.370755 0.022642 0.024528
80 0.011321 0.421698 0.018868 0.024528
81 0.042453 0.418868 0.009434 0.018868
82 0.058491 0.418868 0.011321 0.018868
83 0.073585 0.421698 0.011321 0.024528
84 0.103774 0.418868 0.018868 0.018868
85 0.135849 0.418868 0.018868 0.018868
86 0.163208 0.418868 0.024528 0.018868
87 0.199057 0.418868 0.016981 0.018868
88 0.230189 0.422642 0.018868 0.026415
89 0.262264 0.418868 0.015094 0.018868
90 0.006604 0.468868 0.009434 0.028302
91 0.016981 0.466981 0.007547 0.024528
92 0.030189 0.468868 0.011321 0.028302
93 0.047170 0.477358 0.015094 0.045283
94 0.065094 0.465094 0.016981 0.020755
95 0.097170 0.465094 0.016981 0.020755
96 0.120755 0.465094 0.018868 0.020755
97 0.156604 0.465094 0.018868 0.020755
98 0.191509 0.465094 0.020755 0.020755
99 0.216981 0.465094 0.022642 0.020755
