100 0.017925 0.034906 0.024528 0.032075
101 0.047170 0.034906 0.022642 0.032075
102 0.086792 0.034906 0.022642 0.032075
103 0.127358 0.034906 0.024528 0.032075
104 0.165094 0.033962 0.024528 0.030189
105 0.198113 0.034906 0.037736 0.032075
106 0.237736 0.040566 0.037736 0.043396
107 0.272642 0.040566 0.024528 0.043396
108 0.299057 0.040566 0.024528 0.043396
109 0.326415 0.040566 0.022642 0.043396
110 0.017925 0.097170 0.024528 0.032075
111 0.055660 0.097170 0.039623 0.032075
112 0.098113 0.097170 0.037736 0.032075
113 0.142453 0.097170 0.024528 0.032075
114 0.183962 0.097170 0.024528 0.032075
115 0.223585 0.097170 0.024528 0.032075
116 0.264151 0.097170 0.022642 0.032075
117 0.301887 0.097170 0.022642 0.032075
118 0.328302 0.096226 0.022642 0.030189
119 0.352830 0.096226 0.022642 0.030189
120 0.013208 0.152830 0.022642 0.041509
121 0.050000 0.148113 0.024528 0.032075
122 0.089623 0.152830 0.024528 0.041509
123 0.133962 0.147170 0.030189 0.030189
124 0.169811 0.152830 0.030189 0.041509
125 0.199057 0.148113 0.024528 0.032075
126 0.226415 0.147170 0.022642 0.030189
127 0.266981 0.148113 0.024528 0.032075
128 0.304717 0.148113 0.020755 0.032075
129 0.344340 0.153774 0.024528 0.043396
130 0.013208 0.210377 0.022642 0.032075
131 0.053774 0.216038 0.024528 0.043396
132 0.091509 0.210377 0.020755 0.032075
133 0.116038 0.210377 0.024528 0.032075
134 0.158491 0.209434 0.026415 0.030189
135 0.199057 0.210377 0.024528 0.032075
136 0.224528 0.209434 0.022642 0.030189
137 0.253774 0.214151 0.032075 0.039623
138 0.287736 0.210377 0.024528 0.032075
139 0.316038 0.210377 0.024528 0.032075
140 0.024528 0.272642 0.022642 0.032075
141 0.057547 0.269811 0.013208 0.026415
142 0.085849 0.261321 0.016981 0.009434
143 0.116981 0.272642 0.015094 0.032075
144 0.153774 0.279245 0.032075 0.045283
145 0.182075 0.259434 0.020755 0.005660
146 0.216038 0.261321 0.020755 0.009434
147 0.252830 0.261321 0.022642 0.009434
148 0.278302 0.261321 0.020755 0.009434
149 0.294340 0.262264 0.007547 0.011321
150 0.010377 0.326415 0.016981 0.011321
151 0.028302 0.324528 0.007547 0.007547
152 0.055660 0.344340 0.020755 0.047170
153 0.075472 0.335849 0.011321 0.030189
154 0.098113 0.335849 0.026415 0.030189
155 0.124528 0.344340 0.015094 0.047170
156 0.141509 0.344340 0.015094 0.047170
157 0.158491 0.344340 0.015094 0.047170
158 0.180189 0.342453 0.016981 0.043396
159 0.204717 0.342453 0.024528 0.043396
160 0.025472 0.393396 0.016981 0.013208
161 0.050943 0.392453 0.007547 0.011321
162 0.067925 0.392453 0.015094 0.011321
163 0.098113 0.392453 0.018868 0.011321
164 0.128302 0.392453 0.011321 0.011321
165 0.142453 0.391509 0.013208 0.009434
166 0.170755 0.392453 0.013208 0.011321
167 0.199057 0.392453 0.013208 0.011321
168 0.231132 0.400000 0.024528 0.026415
169 0.271698 0.400000 0.022642 0.026415
170 0.014151 0.445283 0.020755 0.026415
171 0.052830 0.448113 0.026415 0.032075
172 0.093396 0.445283 0.020755 0.026415
173 0.119811 0.448113 0.020755 0.032075
174 0.142453 0.449057 0.020755 0.033962
175 0.168868 0.448113 0.020755 0.032075
176 0.196226 0.448113 0.030189 0.032075
177 0.239623 0.448113 0.022642 0.032075
178 0.264151 0.448113 0.022642 0.032075
179 0.310377 0.448113 0.035849 0.032075
180 0.033962 0.495283 0.037736 0.020755
