0 0.007547 0.032075 0.007547 0.026415
1 0.030189 0.030189 0.007547 0.022642
2 0.047170 0.032075 0.015094 0.026415
3 0.071698 0.037736 0.022642 0.037736
4 0.101887 0.032075 0.026415 0.026415
5 0.132075 0.031132 0.022642 0.024528
6 0.157547 0.030189 0.001887 0.022642
7 0.178302 0.034906 0.009434 0.032075
8 0.202830 0.033962 0.009434 0.030189
9 0.229245 0.026415 0.013208 0.015094
10 0.016038 0.085849 0.020755 0.020755
11 0.041509 0.081132 0.003774 0.011321
12 0.061321 0.081132 0.009434 0.011321
13 0.073585 0.084906 0.003774 0.018868
14 0.100000 0.087736 0.018868 0.024528
15 0.123585 0.087736 0.020755 0.024528
16 0.138679 0.088679 0.005660 0.026415
17 0.169811 0.087736 0.022642 0.024528
18 0.194340 0.088679 0.018868 0.026415
19 0.217925 0.088679 0.016981 0.026415
20 0.023585 0.133962 0.020755 0.026415
21 0.060377 0.133962 0.018868 0.026415
22 0.081132 0.133962 0.018868 0.026415
23 0.114151 0.133019 0.020755 0.024528
24 0.137736 0.133019 0.018868 0.024528
25 0.151887 0.130189 0.005660 0.018868
26 0.160377 0.130189 0.007547 0.018868
27 0.188679 0.130189 0.015094 0.018868
28 0.212264 0.124528 0.020755 0.007547
29 0.232075 0.130189 0.015094 0.018868
30 0.022642 0.180189 0.015094 0.028302
31 0.046226 0.180189 0.028302 0.028302
32 0.085849 0.180189 0.020755 0.028302
33 0.110377 0.179245 0.020755 0.026415
34 0.144340 0.180189 0.020755 0.028302
35 0.181132 0.179245 0.022642 0.026415
36 0.208491 0.179245 0.020755 0.026415
37 0.245283 0.179245 0.022642 0.026415
38 0.272642 0.180189 0.020755 0.028302
39 0.311321 0.179245 0.022642 0.026415
40 0.006604 0.225472 0.005660 0.024528
41 0.019811 0.227358 0.016981 0.028302
42 0.054717 0.226415 0.022642 0.026415
43 0.079245 0.226415 0.015094 0.026415
44 0.107547 0.226415 0.030189 0.026415
45 0.150943 0.226415 0.026415 0.026415
46 0.192453 0.227358 0.022642 0.028302
47 0.230189 0.226415 0.022642 0.026415
48 0.267925 0.229245 0.022642 0.032075
49 0.293396 0.226415 0.020755 0.026415
50 0.024528 0.278302 0.022642 0.028302
51 0.049057 0.276415 0.018868 0.024528
52 0.073585 0.278302 0.022642 0.028302
53 0.100000 0.275472 0.018868 0.022642
54 0.127358 0.277358 0.028302 0.026415
55 0.170755 0.277358 0.028302 0.026415
56 0.210377 0.277358 0.020755 0.026415
57 0.250943 0.277358 0.026415 0.026415
58 0.281132 0.279245 0.007547 0.030189
59 0.302830 0.278302 0.009434 0.028302
60 0.021698 0.328302 0.009434 0.030189
61 0.040566 0.328302 0.016981 0.030189
62 0.063208 0.320755 0.020755 0.015094
63 0.081132 0.324528 0.003774 0.022642
64 0.108491 0.322642 0.016981 0.018868
65 0.139623 0.326415 0.018868 0.026415
66 0.159434 0.322642 0.016981 0.018868
67 0.182075 0.325472 0.020755 0.024528
68 0.215094 0.322642 0.018868 0.018868
69 0.236792 0.325472 0.013208 0.024528
70 0.022642 0.375472 0.018868 0.026415
71 0.045283 0.374528 0.018868 0.024528
72 0.073585 0.376415 0.007547 0.028302
73 0.098113 0.380189 0.015094 0.035849
74 0.127358 0.372642 0.016981 0.020755
75 0.141509 0.375472 0.007547 0.026415
76 0.158491 0.371698 0.022642 0.018868
77 0.196226 0.372642 0.018868 0.020755
78 0.218868 0.371698 0.018868 0.018868
79 0.240566 0.376415 0.020755 0.028302
80 0.016038 0.431132 0.020755 0.028302
81 0.045283 0.426415 0.011321 0.018868
82 0.075472 0.427358 0.015094 0.020755
83 0.088679 0.427358 0.007547 0.020755
84 0.114151 0.425472 0.016981 0.016981
85 0.133019 0.425472 0.013208 0.016981
86 0.155660 0.426415 0.020755 0.018868
87 0.177358 0.426415 0.018868 0.018868
88 0.212264 0.431132 0.016981 0.028302
89 0.234906 0.426415 0.020755 0.018868
90 0.007547 0.479245 0.011321 0.030189
91 0.031132 0.483962 0.009434 0.039623
92 0.054717 0.480189 0.011321 0.032075
93 0.082075 0.481132 0.016981 0.033962
94 0.113208 0.475472 0.018868 0.022642
95 0.132075 0.475472 0.015094 0.022642
96 0.164151 0.475472 0.015094 0.022642
97 0.185849 0.475472 0.020755 0.022642
98 0.222642 0.475472 0.022642 0.022642
99 0.250943 0.475472 0.022642 0.022642
