100 0.011321 0.030189 0.015094 0.022642
101 0.031132 0.030189 0.013208 0.022642
102 0.048113 0.030189 0.016981 0.022642
103 0.077358 0.030189 0.015094 0.022642
104 0.109434 0.030189 0.018868 0.022642
105 0.133962 0.030189 0.026415 0.022642
106 0.172642 0.033962 0.024528 0.030189
107 0.197170 0.034906 0.020755 0.032075
108 0.231132 0.034906 0.020755 0.032075
109 0.264151 0.034906 0.018868 0.032075
110 0.027358 0.081132 0.020755 0.022642
111 0.066038 0.080189 0.026415 0.020755
112 0.098113 0.081132 0.026415 0.022642
113 0.123585 0.081132 0.016981 0.022642
114 0.155660 0.081132 0.016981 0.022642
115 0.189623 0.081132 0.016981 0.022642
116 0.219811 0.081132 0.016981 0.022642
117 0.251887 0.081132 0.016981 0.022642
118 0.272642 0.081132 0.016981 0.022642
119 0.305660 0.081132 0.018868 0.022642
120 0.016038 0.127358 0.020755 0.032075
121 0.051887 0.121698 0.016981 0.020755
122 0.071698 0.125472 0.018868 0.028302
123 0.105660 0.122642 0.018868 0.022642
124 0.127358 0.125472 0.020755 0.028302
125 0.161321 0.122642 0.020755 0.022642
126 0.186792 0.121698 0.018868 0.020755
127 0.208491 0.121698 0.016981 0.020755
128 0.227358 0.122642 0.013208 0.022642
129 0.259434 0.127358 0.016981 0.032075
130 0.012264 0.173585 0.016981 0.022642
131 0.048113 0.177358 0.020755 0.030189
132 0.070755 0.173585 0.013208 0.022642
133 0.102830 0.174528 0.020755 0.024528
134 0.126415 0.173585 0.018868 0.022642
135 0.148113 0.174528 0.020755 0.024528
136 0.168868 0.173585 0.016981 0.022642
137 0.191509 0.175472 0.020755 0.026415
138 0.213208 0.173585 0.015094 0.022642
139 0.234906 0.173585 0.016981 0.022642
140 0.023585 0.222642 0.013208 0.022642
141 0.051887 0.220755 0.013208 0.018868
142 0.079245 0.215094 0.011321 0.007547
143 0.096226 0.221698 0.011321 0.020755
144 0.128302 0.226415 0.018868 0.030189
145 0.160377 0.215094 0.015094 0.007547
146 0.181132 0.214151 0.015094 0.005660
147 0.210377 0.215094 0.016981 0.007547
148 0.240566 0.215094 0.016981 0.007547
149 0.268868 0.215094 0.005660 0.007547
150 0.017925 0.264151 0.009434 0.007547
151 0.030189 0.263208 0.003774 0.005660
152 0.057547 0.276415 0.016981 0.032075
153 0.072642 0.270755 0.005660 0.020755
154 0.095283 0.271698 0.013208 0.022642
155 0.114151 0.277358 0.013208 0.033962
156 0.143396 0.277358 0.011321 0.033962
157 0.158491 0.276415 0.007547 0.032075
158 0.174528 0.276415 0.013208 0.032075
159 0.193396 0.275472 0.013208 0.030189
160 0.012264 0.317925 0.013208 0.009434
161 0.026415 0.317925 0.003774 0.009434
162 0.048113 0.316981 0.009434 0.007547
163 0.072642 0.317925 0.013208 0.009434
164 0.086792 0.317925 0.007547 0.009434
165 0.100943 0.316981 0.009434 0.007547
166 0.121698 0.316981 0.005660 0.007547
167 0.134906 0.317925 0.009434 0.009434
168 0.166038 0.322642 0.018868 0.018868
169 0.187736 0.322642 0.020755 0.018868
170 0.011321 0.360377 0.018868 0.018868
171 0.034906 0.362264 0.020755 0.022642
172 0.059434 0.359434 0.020755 0.016981
173 0.096226 0.361321 0.022642 0.020755
174 0.120755 0.362264 0.022642 0.022642
175 0.147170 0.362264 0.018868 0.022642
176 0.184906 0.362264 0.026415 0.022642
177 0.226415 0.361321 0.022642 0.020755
178 0.253774 0.362264 0.028302 0.022642
179 0.282075 0.362264 0.016981 0.022642
180 0.021698 0.401887 0.035849 0.018868
