0 0.003774 0.032075 0.003774 0.026415
1 0.012264 0.030189 0.005660 0.022642
2 0.027358 0.032075 0.016981 0.026415
3 0.063208 0.033962 0.020755 0.030189
4 0.104717 0.033019 0.028302 0.028302
5 0.144340 0.032075 0.020755 0.026415
6 0.168868 0.027358 0.001887 0.016981
7 0.187736 0.033962 0.005660 0.030189
8 0.207547 0.034906 0.007547 0.032075
9 0.230189 0.024528 0.007547 0.011321
10 0.007547 0.071698 0.003774 0.003774
11 0.013208 0.078302 0.003774 0.016981
12 0.034906 0.075472 0.009434 0.011321
13 0.058491 0.079245 0.003774 0.018868
14 0.073585 0.084906 0.015094 0.030189
15 0.094340 0.083019 0.018868 0.026415
16 0.110377 0.083019 0.005660 0.026415
17 0.137736 0.083019 0.018868 0.026415
18 0.173585 0.083019 0.018868 0.026415
19 0.209434 0.083019 0.022642 0.026415
20 0.013208 0.132075 0.018868 0.026415
21 0.049057 0.132075 0.018868 0.026415
22 0.073585 0.132075 0.018868 0.026415
23 0.107547 0.132075 0.018868 0.026415
24 0.132075 0.132075 0.018868 0.026415
25 0.147170 0.127358 0.003774 0.016981
26 0.166038 0.128302 0.003774 0.018868
27 0.182075 0.130189 0.016981 0.022642
28 0.215094 0.122642 0.018868 0.007547
29 0.249057 0.130189 0.018868 0.022642
30 0.024528 0.177358 0.015094 0.026415
31 0.048113 0.177358 0.024528 0.026415
32 0.087736 0.177358 0.020755 0.026415
33 0.110377 0.177358 0.020755 0.026415
34 0.143396 0.177358 0.018868 0.026415
35 0.168868 0.177358 0.020755 0.026415
36 0.190566 0.177358 0.018868 0.026415
37 0.211321 0.176415 0.018868 0.024528
38 0.248113 0.177358 0.020755 0.026415
39 0.283962 0.177358 0.020755 0.026415
40 0.017925 0.222642 0.001887 0.026415
41 0.030189 0.222642 0.018868 0.026415
42 0.054717 0.222642 0.018868 0.026415
43 0.088679 0.222642 0.018868 0.026415
44 0.125472 0.222642 0.024528 0.026415
45 0.153774 0.222642 0.020755 0.026415
46 0.183962 0.222642 0.028302 0.026415
47 0.210377 0.222642 0.020755 0.026415
48 0.240566 0.222642 0.028302 0.026415
49 0.270755 0.222642 0.020755 0.026415
50 0.027358 0.267925 0.020755 0.026415
51 0.053774 0.267925 0.020755 0.026415
52 0.089623 0.266981 0.020755 0.024528
53 0.112264 0.267925 0.020755 0.026415
54 0.142453 0.267925 0.032075 0.026415
55 0.182075 0.267925 0.020755 0.026415
56 0.205660 0.261321 0.018868 0.013208
57 0.227358 0.267925 0.020755 0.026415
58 0.254717 0.270755 0.007547 0.032075
59 0.281132 0.268868 0.015094 0.028302
60 0.016981 0.321698 0.007547 0.032075
61 0.033019 0.324528 0.016981 0.037736
62 0.065094 0.313208 0.020755 0.015094
63 0.083962 0.314151 0.005660 0.016981
64 0.096226 0.315094 0.015094 0.018868
65 0.113208 0.318868 0.015094 0.026415
66 0.133019 0.315094 0.013208 0.018868
67 0.151887 0.315094 0.013208 0.018868
68 0.166981 0.315094 0.013208 0.018868
69 0.193396 0.318868 0.009434 0.026415
70 0.010377 0.375472 0.013208 0.026415
71 0.041509 0.375472 0.015094 0.026415
72 0.051887 0.375472 0.001887 0.026415
73 0.058491 0.379245 0.007547 0.033962
74 0.086792 0.375472 0.015094 0.026415
75 0.110377 0.375472 0.005660 0.026415
76 0.141509 0.371698 0.022642 0.018868
77 0.173585 0.371698 0.015094 0.018868
78 0.193396 0.371698 0.020755 0.018868
79 0.216981 0.375472 0.015094 0.026415
80 0.023585 0.424528 0.013208 0.018868
81 0.038679 0.424528 0.009434 0.018868
82 0.066038 0.424528 0.015094 0.018868
83 0.091509 0.428302 0.009434 0.026415
84 0.120755 0.424528 0.015094 0.018868
85 0.149057 0.423585 0.015094 0.016981
86 0.172642 0.424528 0.024528 0.018868
87 0.194340 0.424528 0.015094 0.018868
88 0.226415 0.428302 0.015094 0.026415
89 0.244340 0.424528 0.013208 0.018868
90 0.005660 0.476415 0.007547 0.032075
91 0.012264 0.478302 0.001887 0.035849
92 0.034906 0.476415 0.009434 0.032075
93 0.052830 0.471698 0.018868 0.022642
94 0.086792 0.470755 0.018868 0.020755
95 0.117925 0.471698 0.016981 0.022642
96 0.148113 0.471698 0.016981 0.022642
97 0.180189 0.471698 0.016981 0.022642
98 0.200943 0.471698 0.016981 0.022642
99 0.234906 0.471698 0.020755 0.022642
