0 0.004717 0.031132 0.005660 0.024528
1 0.025472 0.033019 0.009434 0.028302
2 0.055660 0.032075 0.024528 0.026415
3 0.092453 0.033019 0.015094 0.028302
4 0.123585 0.033019 0.020755 0.028302
5 0.161321 0.031132 0.020755 0.024528
6 0.186792 0.033019 0.003774 0.028302
7 0.211321 0.033962 0.011321 0.030189
8 0.226415 0.033019 0.011321 0.028302
9 0.241509 0.023585 0.007547 0.009434
10 0.021698 0.075472 0.016981 0.015094
11 0.037736 0.076415 0.003774 0.016981
12 0.059434 0.073585 0.009434 0.011321
13 0.083019 0.077358 0.003774 0.018868
14 0.108491 0.083019 0.016981 0.030189
15 0.129245 0.080189 0.016981 0.024528
16 0.145283 0.080189 0.007547 0.024528
17 0.175472 0.080189 0.018868 0.024528
18 0.209434 0.080189 0.015094 0.024528
19 0.229245 0.080189 0.016981 0.024528
20 0.024528 0.129245 0.015094 0.024528
21 0.053774 0.128302 0.016981 0.022642
22 0.083962 0.129245 0.013208 0.024528
23 0.115094 0.129245 0.015094 0.024528
24 0.144340 0.129245 0.016981 0.024528
25 0.159434 0.124528 0.005660 0.015094
26 0.183962 0.128302 0.009434 0.022642
27 0.211321 0.126415 0.011321 0.018868
28 0.230189 0.120755 0.018868 0.007547
29 0.246226 0.124528 0.009434 0.015094
30 0.021698 0.172642 0.013208 0.024528
31 0.055660 0.172642 0.024528 0.024528
32 0.097170 0.172642 0.024528 0.024528
33 0.131132 0.172642 0.016981 0.024528
34 0.151887 0.172642 0.020755 0.024528
35 0.178302 0.172642 0.024528 0.024528
36 0.201887 0.172642 0.018868 0.024528
37 0.224528 0.172642 0.018868 0.024528
38 0.261321 0.172642 0.024528 0.024528
39 0.301887 0.172642 0.022642 0.024528
40 0.007547 0.216038 0.007547 0.024528
41 0.023585 0.216038 0.016981 0.024528
42 0.059434 0.216038 0.020755 0.024528
43 0.082075 0.216038 0.013208 0.024528
44 0.120755 0.216038 0.030189 0.024528
45 0.161321 0.216038 0.024528 0.024528
46 0.191509 0.216038 0.024528 0.024528
47 0.230189 0.216038 0.018868 0.024528
48 0.255660 0.216981 0.024528 0.026415
49 0.294340 0.216038 0.018868 0.024528
50 0.024528 0.261321 0.015094 0.024528
51 0.042453 0.261321 0.013208 0.024528
52 0.074528 0.261321 0.020755 0.024528
53 0.100943 0.261321 0.020755 0.024528
54 0.133019 0.261321 0.032075 0.024528
55 0.162264 0.261321 0.022642 0.024528
56 0.196226 0.261321 0.015094 0.024528
57 0.218868 0.261321 0.018868 0.024528
58 0.234906 0.263208 0.009434 0.028302
59 0.258491 0.263208 0.003774 0.028302
60 0.008491 0.310377 0.009434 0.028302
61 0.024528 0.315094 0.015094 0.037736
62 0.056604 0.303774 0.015094 0.015094
63 0.070755 0.301887 0.005660 0.011321
64 0.087736 0.304717 0.020755 0.016981
65 0.123585 0.308491 0.020755 0.024528
66 0.159434 0.304717 0.016981 0.016981
67 0.182075 0.308491 0.020755 0.024528
68 0.216038 0.304717 0.016981 0.016981
69 0.233019 0.308491 0.013208 0.024528
70 0.012264 0.366038 0.020755 0.026415
71 0.047170 0.365094 0.018868 0.024528
72 0.074528 0.364151 0.005660 0.022642
73 0.099057 0.367925 0.013208 0.030189
74 0.130189 0.365094 0.015094 0.024528
75 0.147170 0.365094 0.007547 0.024528
76 0.166981 0.362264 0.028302 0.018868
77 0.192453 0.362264 0.018868 0.018868
78 0.223585 0.361321 0.016981 0.016981
79 0.259434 0.365094 0.020755 0.024528
80 0.013208 0.413208 0.018868 0.022642
81 0.031132 0.411321 0.009434 0.018868
82 0.055660 0.410377 0.009434 0.016981
83 0.080189 0.414151 0.009434 0.024528
84 0.111321 0.410377 0.018868 0.016981
85 0.134906 0.411321 0.016981 0.018868
86 0.167925 0.410377 0.022642 0.016981
87 0.189623 0.411321 0.016981 0.018868
88 0.210377 0.415094 0.016981 0.026415
89 0.239623 0.411321 0.015094 0.018868
90 0.008491 0.461321 0.009434 0.028302
91 0.033962 0.459434 0.007547 0.024528
92 0.057547 0.462264 0.009434 0.030189
93 0.084906 0.458491 0.015094 0.022642
94 0.102830 0.458491 0.016981 0.022642
95 0.124528 0.458491 0.015094 0.022642
96 0.153774 0.458491 0.016981 0.022642
97 0.177358 0.458491 0.018868 0.022642
98 0.209434 0.458491 0.018868 0.022642
99 0.231132 0.458491 0.020755 0.022642
