0 0.006604 0.032075 0.005660 0.026415
1 0.025472 0.030189 0.005660 0.022642
2 0.039623 0.032075 0.018868 0.026415
3 0.064151 0.035849 0.018868 0.033962
4 0.107547 0.033019 0.033962 0.028302
5 0.146226 0.033019 0.032075 0.028302
6 0.167925 0.030189 0.007547 0.022642
7 0.192453 0.035849 0.007547 0.033962
8 0.205660 0.035849 0.007547 0.033962
9 0.219811 0.023585 0.009434 0.009434
10 0.015094 0.081132 0.018868 0.018868
11 0.032075 0.085849 0.007547 0.028302
12 0.044340 0.083019 0.013208 0.022642
13 0.059434 0.085849 0.005660 0.028302
14 0.076415 0.087736 0.016981 0.032075
15 0.099057 0.085849 0.020755 0.028302
16 0.127358 0.085849 0.009434 0.028302
17 0.148113 0.084906 0.020755 0.026415
18 0.171698 0.084906 0.022642 0.026415
19 0.211321 0.085849 0.022642 0.028302
20 0.013208 0.135849 0.022642 0.026415
21 0.049057 0.135849 0.022642 0.026415
22 0.072642 0.135849 0.020755 0.026415
23 0.098113 0.136792 0.022642 0.028302
24 0.135849 0.136792 0.022642 0.028302
25 0.165094 0.131132 0.005660 0.016981
26 0.185849 0.133019 0.009434 0.020755
27 0.203774 0.131132 0.018868 0.016981
28 0.226415 0.126415 0.018868 0.007547
29 0.258491 0.132075 0.018868 0.018868
30 0.010377 0.183962 0.016981 0.028302
31 0.049057 0.183962 0.026415 0.028302
32 0.089623 0.183019 0.024528 0.026415
33 0.129245 0.183019 0.024528 0.026415
34 0.155660 0.183962 0.024528 0.028302
35 0.196226 0.183019 0.026415 0.026415
36 0.226415 0.183019 0.022642 0.026415
37 0.253774 0.183019 0.020755 0.026415
38 0.283019 0.183962 0.026415 0.028302
39 0.314151 0.183019 0.024528 0.026415
40 0.009434 0.230189 0.007547 0.026415
41 0.035849 0.230189 0.018868 0.026415
42 0.072642 0.230189 0.024528 0.026415
43 0.099057 0.230189 0.020755 0.026415
44 0.140566 0.230189 0.028302 0.026415
45 0.168868 0.230189 0.024528 0.026415
46 0.197170 0.230189 0.028302 0.026415
47 0.234906 0.230189 0.020755 0.026415
48 0.277358 0.232075 0.030189 0.030189
49 0.306604 0.230189 0.024528 0.026415
50 0.024528 0.279245 0.022642 0.026415
51 0.062264 0.279245 0.022642 0.026415
52 0.089623 0.279245 0.024528 0.026415
53 0.119811 0.279245 0.024528 0.026415
54 0.165094 0.279245 0.032075 0.026415
55 0.208491 0.279245 0.024528 0.026415
56 0.248113 0.279245 0.024528 0.026415
57 0.277358 0.279245 0.022642 0.026415
58 0.307547 0.282075 0.007547 0.032075
59 0.333962 0.279245 0.011321 0.026415
60 0.009434 0.333962 0.007547 0.033962
61 0.023585 0.330189 0.013208 0.026415
62 0.043396 0.332075 0.018868 0.030189
63 0.071698 0.328302 0.007547 0.022642
64 0.090566 0.327358 0.018868 0.020755
65 0.125472 0.331132 0.020755 0.028302
66 0.147170 0.327358 0.018868 0.020755
67 0.170755 0.331132 0.020755 0.028302
68 0.194340 0.327358 0.018868 0.020755
69 0.216038 0.332075 0.013208 0.030189
70 0.026415 0.384906 0.022642 0.030189
71 0.065094 0.383962 0.020755 0.028302
72 0.081132 0.383962 0.007547 0.028302
73 0.096226 0.389623 0.015094 0.039623
74 0.128302 0.383962 0.022642 0.028302
75 0.156604 0.383962 0.007547 0.028302
76 0.181132 0.380189 0.033962 0.020755
77 0.225472 0.380189 0.020755 0.020755
78 0.264151 0.380189 0.022642 0.020755
79 0.301887 0.384906 0.022642 0.030189
80 0.023585 0.443396 0.020755 0.030189
81 0.042453 0.438679 0.013208 0.020755
82 0.059434 0.438679 0.016981 0.020755
83 0.089623 0.441509 0.013208 0.026415
84 0.119811 0.438679 0.020755 0.020755
85 0.145283 0.438679 0.018868 0.020755
86 0.182075 0.438679 0.028302 0.020755
87 0.222642 0.438679 0.018868 0.020755
88 0.257547 0.443396 0.020755 0.030189
89 0.280189 0.438679 0.016981 0.020755
90 0.017925 0.493396 0.005660 0.032075
91 0.023585 0.490566 0.001887 0.026415
92 0.032075 0.491509 0.003774 0.028302
93 0.049057 0.494340 0.018868 0.033962
94 0.084906 0.489623 0.022642 0.024528
95 0.109434 0.489623 0.018868 0.024528
96 0.132075 0.489623 0.022642 0.024528
97 0.158491 0.489623 0.026415 0.024528
98 0.189623 0.489623 0.024528 0.024528
99 0.230189 0.489623 0.026415 0.024528
