100 0.023585 0.030189 0.013208 0.022642
101 0.054717 0.030189 0.018868 0.022642
102 0.088679 0.030189 0.022642 0.022642
103 0.122642 0.031132 0.015094 0.024528
104 0.145283 0.031132 0.018868 0.024528
105 0.173585 0.030189 0.030189 0.022642
106 0.217925 0.033962 0.028302 0.030189
107 0.259434 0.035849 0.020755 0.033962
108 0.284906 0.035849 0.018868 0.033962
109 0.309434 0.035849 0.018868 0.033962
110 0.015094 0.083019 0.026415 0.022642
111 0.059434 0.083019 0.032075 0.022642
112 0.107547 0.083019 0.030189 0.022642
113 0.135849 0.083019 0.018868 0.022642
114 0.171698 0.083019 0.018868 0.022642
115 0.196226 0.083019 0.018868 0.022642
116 0.222642 0.083019 0.022642 0.022642
117 0.254717 0.083019 0.015094 0.022642
118 0.276415 0.083019 0.024528 0.022642
119 0.315094 0.083019 0.022642 0.022642
120 0.024528 0.130189 0.022642 0.033962
121 0.063208 0.124528 0.020755 0.022642
122 0.088679 0.129245 0.018868 0.032075
123 0.112264 0.124528 0.024528 0.022642
124 0.150943 0.129245 0.022642 0.032075
125 0.176415 0.124528 0.020755 0.022642
126 0.199057 0.124528 0.020755 0.022642
127 0.220755 0.124528 0.018868 0.022642
128 0.239623 0.124528 0.015094 0.022642
129 0.262264 0.129245 0.018868 0.032075
130 0.015094 0.177358 0.018868 0.022642
131 0.040566 0.182075 0.020755 0.032075
132 0.074528 0.177358 0.016981 0.022642
133 0.100000 0.178302 0.022642 0.024528
134 0.128302 0.177358 0.026415 0.022642
135 0.158491 0.178302 0.022642 0.024528
136 0.194340 0.177358 0.022642 0.022642
137 0.236792 0.177358 0.028302 0.022642
138 0.264151 0.177358 0.018868 0.022642
139 0.287736 0.177358 0.020755 0.022642
140 0.019811 0.228302 0.013208 0.022642
141 0.050943 0.226415 0.015094 0.018868
142 0.066981 0.220755 0.013208 0.007547
143 0.084906 0.228302 0.011321 0.022642
144 0.121698 0.233019 0.028302 0.032075
145 0.150000 0.219811 0.016981 0.005660
146 0.172642 0.219811 0.016981 0.005660
147 0.194340 0.220755 0.018868 0.007547
148 0.225472 0.220755 0.016981 0.007547
149 0.251887 0.221698 0.005660 0.009434
150 0.018868 0.272642 0.011321 0.009434
151 0.039623 0.269811 0.003774 0.003774
152 0.057547 0.286792 0.020755 0.037736
153 0.085849 0.279245 0.005660 0.022642
154 0.102830 0.279245 0.016981 0.022642
155 0.134906 0.287736 0.013208 0.039623
156 0.150000 0.287736 0.013208 0.039623
157 0.181132 0.287736 0.015094 0.039623
158 0.199057 0.283962 0.009434 0.032075
159 0.217925 0.283962 0.016981 0.032075
160 0.025472 0.333019 0.016981 0.013208
161 0.038679 0.330189 0.001887 0.007547
162 0.048113 0.329245 0.009434 0.005660
163 0.073585 0.330189 0.015094 0.007547
164 0.085849 0.330189 0.005660 0.007547
165 0.097170 0.332075 0.009434 0.011321
166 0.118868 0.329245 0.007547 0.005660
167 0.144340 0.332075 0.009434 0.011321
168 0.166038 0.337736 0.022642 0.022642
169 0.191509 0.335849 0.020755 0.018868
170 0.016981 0.377358 0.022642 0.018868
171 0.044340 0.380189 0.024528 0.024528
172 0.073585 0.377358 0.022642 0.018868
173 0.108491 0.380189 0.020755 0.024528
174 0.143396 0.380189 0.022642 0.024528
175 0.168868 0.380189 0.020755 0.024528
176 0.195283 0.380189 0.028302 0.024528
177 0.233962 0.380189 0.022642 0.024528
178 0.262264 0.380189 0.030189 0.024528
179 0.304717 0.379245 0.020755 0.022642
180 0.021698 0.421698 0.032075 0.020755
