0 0.018868 0.029245 0.003774 0.020755
1 0.036792 0.027358 0.005660 0.016981
2 0.067925 0.033962 0.022642 0.030189
3 0.100000 0.030189 0.011321 0.022642
4 0.120755 0.029245 0.018868 0.020755
5 0.143396 0.031132 0.015094 0.024528
6 0.156604 0.024528 0.003774 0.011321
7 0.177358 0.036792 0.011321 0.035849
8 0.191509 0.036792 0.009434 0.035849
9 0.206604 0.026415 0.013208 0.015094
10 0.009434 0.082075 0.015094 0.016981
11 0.020755 0.079245 0.003774 0.011321
12 0.032075 0.079245 0.015094 0.011321
13 0.043396 0.083019 0.003774 0.018868
14 0.066981 0.088679 0.013208 0.030189
15 0.083019 0.084906 0.015094 0.022642
16 0.095283 0.083962 0.005660 0.020755
17 0.111321 0.084906 0.015094 0.022642
18 0.130189 0.084906 0.011321 0.022642
19 0.156604 0.083962 0.015094 0.020755
20 0.012264 0.133019 0.013208 0.020755
21 0.038679 0.133019 0.013208 0.020755
22 0.068868 0.133019 0.013208 0.020755
23 0.084906 0.133962 0.015094 0.022642
24 0.113208 0.133019 0.011321 0.020755
25 0.124528 0.129245 0.003774 0.013208
26 0.130189 0.130189 0.003774 0.015094
27 0.156604 0.133019 0.022642 0.020755
28 0.180189 0.125472 0.016981 0.005660
29 0.206604 0.133962 0.024528 0.022642
30 0.010377 0.176415 0.013208 0.024528
31 0.046226 0.179245 0.028302 0.030189
32 0.087736 0.178302 0.024528 0.028302
33 0.116981 0.178302 0.022642 0.028302
34 0.157547 0.179245 0.024528 0.030189
35 0.196226 0.178302 0.026415 0.028302
36 0.237736 0.178302 0.022642 0.028302
37 0.264151 0.178302 0.022642 0.028302
38 0.292453 0.179245 0.026415 0.030189
39 0.322642 0.178302 0.026415 0.028302
40 0.016038 0.227358 0.005660 0.028302
41 0.031132 0.227358 0.016981 0.028302
42 0.066038 0.227358 0.022642 0.028302
43 0.100000 0.227358 0.018868 0.028302
44 0.138679 0.227358 0.032075 0.028302
45 0.181132 0.227358 0.026415 0.028302
46 0.209434 0.228302 0.026415 0.030189
47 0.239623 0.227358 0.022642 0.028302
48 0.281132 0.229245 0.026415 0.032075
49 0.319811 0.227358 0.024528 0.028302
50 0.013208 0.279245 0.022642 0.030189
51 0.048113 0.278302 0.020755 0.028302
52 0.087736 0.278302 0.024528 0.028302
53 0.128302 0.278302 0.022642 0.028302
54 0.160377 0.278302 0.033962 0.028302
55 0.207547 0.278302 0.026415 0.028302
56 0.249057 0.278302 0.022642 0.028302
57 0.288679 0.278302 0.026415 0.028302
58 0.314151 0.282075 0.013208 0.035849
59 0.329245 0.279245 0.009434 0.030189
60 0.023585 0.336792 0.013208 0.035849
61 0.044340 0.341509 0.020755 0.045283
62 0.077358 0.326415 0.018868 0.015094
63 0.102830 0.327358 0.005660 0.016981
64 0.116981 0.329245 0.018868 0.020755
65 0.153774 0.333019 0.020755 0.028302
66 0.175472 0.329245 0.018868 0.020755
67 0.200943 0.333019 0.020755 0.028302
68 0.224528 0.329245 0.018868 0.020755
69 0.242453 0.333962 0.009434 0.030189
70 0.012264 0.397170 0.020755 0.028302
71 0.037736 0.397170 0.018868 0.028302
72 0.067925 0.397170 0.007547 0.028302
73 0.079245 0.400943 0.011321 0.035849
74 0.095283 0.397170 0.016981 0.028302
75 0.109434 0.397170 0.007547 0.028302
76 0.145283 0.393396 0.030189 0.020755
77 0.186792 0.393396 0.018868 0.020755
78 0.209434 0.393396 0.018868 0.020755
79 0.231132 0.397170 0.020755 0.028302
80 0.015094 0.451887 0.018868 0.028302
81 0.033019 0.448113 0.013208 0.020755
82 0.061321 0.448113 0.016981 0.020755
83 0.090566 0.450943 0.007547 0.026415
84 0.108491 0.448113 0.016981 0.020755
85 0.138679 0.448113 0.016981 0.020755
86 0.173585 0.448113 0.026415 0.020755
87 0.200943 0.448113 0.020755 0.020755
88 0.233962 0.451887 0.018868 0.028302
89 0.257547 0.448113 0.020755 0.020755
90 0.006604 0.506604 0.009434 0.043396
91 0.018868 0.501887 0.007547 0.033962
92 0.029245 0.506604 0.009434 0.043396
93 0.057547 0.507547 0.016981 0.045283
94 0.080189 0.496226 0.016981 0.022642
95 0.114151 0.496226 0.016981 0.022642
96 0.136792 0.495283 0.016981 0.020755
97 0.157547 0.496226 0.016981 0.022642
98 0.190566 0.495283 0.018868 0.020755
99 0.216981 0.495283 0.022642 0.020755
