100 0.023585 0.035849 0.020755 0.033962
101 0.063208 0.035849 0.028302 0.033962
102 0.111321 0.035849 0.037736 0.033962
103 0.148113 0.036792 0.032075 0.035849
104 0.184906 0.037736 0.033962 0.037736
105 0.235849 0.035849 0.041509 0.033962
106 0.294340 0.044340 0.041509 0.050943
107 0.348113 0.044340 0.032075 0.050943
108 0.383962 0.044340 0.032075 0.050943
109 0.417925 0.045283 0.032075 0.052830
110 0.033019 0.107547 0.039623 0.033962
111 0.078302 0.107547 0.043396 0.033962
112 0.139623 0.107547 0.049057 0.033962
113 0.196226 0.107547 0.030189 0.033962
114 0.242453 0.107547 0.032075 0.033962
115 0.285849 0.107547 0.028302 0.033962
116 0.333962 0.107547 0.033962 0.033962
117 0.383019 0.107547 0.030189 0.033962
118 0.420755 0.107547 0.037736 0.033962
119 0.470755 0.107547 0.032075 0.033962
120 0.033019 0.168868 0.032075 0.050943
121 0.080189 0.160377 0.028302 0.033962
122 0.112264 0.168868 0.028302 0.050943
123 0.161321 0.160377 0.035849 0.033962
124 0.199057 0.169811 0.035849 0.052830
125 0.235849 0.160377 0.030189 0.033962
126 0.270755 0.160377 0.032075 0.033962
127 0.315094 0.160377 0.026415 0.033962
128 0.356604 0.160377 0.026415 0.033962
129 0.400943 0.166981 0.028302 0.047170
130 0.016038 0.232075 0.028302 0.033962
131 0.058491 0.238679 0.030189 0.047170
132 0.100000 0.232075 0.026415 0.033962
133 0.132075 0.233962 0.033962 0.037736
134 0.183962 0.232075 0.039623 0.033962
135 0.232075 0.233962 0.030189 0.037736
136 0.269811 0.232075 0.033962 0.033962
137 0.323585 0.234906 0.039623 0.039623
138 0.363208 0.232075 0.028302 0.033962
139 0.397170 0.233019 0.028302 0.035849
140 0.018868 0.298113 0.026415 0.033962
141 0.049057 0.296226 0.022642 0.030189
142 0.091509 0.288679 0.028302 0.015094
143 0.130189 0.298113 0.022642 0.033962
144 0.168868 0.307547 0.043396 0.052830
145 0.219811 0.288679 0.028302 0.015094
146 0.261321 0.289623 0.028302 0.016981
147 0.306604 0.289623 0.028302 0.016981
148 0.347170 0.290566 0.026415 0.018868
149 0.382075 0.289623 0.009434 0.016981
150 0.023585 0.360377 0.020755 0.015094
151 0.055660 0.357547 0.009434 0.009434
152 0.078302 0.379245 0.028302 0.052830
153 0.114151 0.369811 0.013208 0.033962
154 0.138679 0.369811 0.028302 0.033962
155 0.168868 0.383019 0.028302 0.060377
156 0.200000 0.383019 0.026415 0.060377
157 0.231132 0.383019 0.024528 0.060377
158 0.258491 0.375472 0.022642 0.045283
159 0.296226 0.376415 0.026415 0.047170
160 0.029245 0.444340 0.028302 0.024528
161 0.061321 0.437736 0.005660 0.011321
162 0.081132 0.439623 0.022642 0.015094
163 0.111321 0.438679 0.026415 0.013208
164 0.138679 0.438679 0.016981 0.013208
165 0.156604 0.441509 0.015094 0.018868
166 0.188679 0.438679 0.015094 0.013208
167 0.221698 0.442453 0.016981 0.020755
168 0.259434 0.446226 0.028302 0.028302
169 0.305660 0.444340 0.030189 0.024528
170 0.028302 0.492453 0.030189 0.026415
171 0.078302 0.497170 0.035849 0.035849
172 0.126415 0.491509 0.030189 0.024528
173 0.173585 0.495283 0.033962 0.032075
174 0.225472 0.496226 0.035849 0.033962
175 0.264151 0.496226 0.033962 0.033962
176 0.303774 0.497170 0.041509 0.035849
177 0.355660 0.496226 0.035849 0.033962
178 0.408491 0.496226 0.039623 0.033962
179 0.463208 0.497170 0.039623 0.035849
180 0.032075 0.549057 0.060377 0.030189
