100 0.018868 0.030189 0.007547 0.022642
101 0.044340 0.029245 0.009434 0.020755
102 0.068868 0.030189 0.013208 0.022642
103 0.085849 0.030189 0.013208 0.022642
104 0.103774 0.030189 0.011321 0.022642
105 0.133019 0.030189 0.016981 0.022642
106 0.163208 0.033962 0.016981 0.030189
107 0.180189 0.033962 0.013208 0.030189
108 0.210377 0.033019 0.013208 0.028302
109 0.235849 0.034906 0.011321 0.032075
110 0.023585 0.080189 0.013208 0.020755
111 0.042453 0.081132 0.016981 0.022642
112 0.077358 0.081132 0.018868 0.022642
113 0.107547 0.080189 0.011321 0.020755
114 0.135849 0.080189 0.011321 0.020755
115 0.152830 0.080189 0.011321 0.020755
116 0.180189 0.080189 0.013208 0.020755
117 0.198113 0.081132 0.011321 0.022642
118 0.211321 0.080189 0.011321 0.020755
119 0.237736 0.080189 0.011321 0.020755
120 0.012264 0.126415 0.013208 0.030189
121 0.039623 0.120755 0.011321 0.018868
122 0.064151 0.127358 0.011321 0.032075
123 0.091509 0.120755 0.013208 0.018868
124 0.110377 0.127358 0.013208 0.032075
125 0.127358 0.122642 0.013208 0.022642
126 0.141509 0.122642 0.011321 0.022642
127 0.154717 0.122642 0.011321 0.022642
128 0.177358 0.122642 0.007547 0.022642
129 0.188679 0.125472 0.011321 0.028302
130 0.022642 0.173585 0.011321 0.022642
131 0.048113 0.176415 0.013208 0.028302
132 0.075472 0.172642 0.007547 0.020755
133 0.098113 0.174528 0.011321 0.024528
134 0.124528 0.172642 0.011321 0.020755
135 0.149057 0.174528 0.011321 0.024528
136 0.176415 0.172642 0.013208 0.020755
137 0.206604 0.175472 0.013208 0.026415
138 0.220755 0.173585 0.011321 0.022642
139 0.235849 0.173585 0.011321 0.022642
140 0.020755 0.219811 0.011321 0.020755
141 0.044340 0.218868 0.005660 0.018868
142 0.053774 0.213208 0.005660 0.007547
143 0.064151 0.219811 0.007547 0.020755
144 0.078302 0.225472 0.016981 0.032075
145 0.096226 0.212264 0.007547 0.005660
146 0.122642 0.212264 0.011321 0.005660
147 0.134906 0.213208 0.009434 0.007547
148 0.150943 0.212264 0.011321 0.005660
149 0.171698 0.213208 0.003774 0.007547
150 0.016038 0.264151 0.005660 0.007547
151 0.022642 0.263208 0.003774 0.005660
152 0.033962 0.276415 0.015094 0.032075
153 0.059434 0.271698 0.005660 0.022642
154 0.070755 0.271698 0.013208 0.022642
155 0.098113 0.281132 0.015094 0.041509
156 0.125472 0.282075 0.013208 0.043396
157 0.149057 0.281132 0.007547 0.041509
158 0.169811 0.275472 0.007547 0.030189
159 0.196226 0.273585 0.011321 0.026415
160 0.015094 0.323585 0.003774 0.001887
161 0.033019 0.324528 0.001887 0.003774
162 0.054717 0.328302 0.007547 0.011321
163 0.067925 0.326415 0.011321 0.007547
164 0.090566 0.325472 0.007547 0.005660
165 0.097170 0.323585 0.001887 0.001887
166 0.113208 0.325472 0.003774 0.005660
167 0.133019 0.329245 0.009434 0.013208
168 0.149057 0.331132 0.015094 0.016981
169 0.179245 0.329245 0.011321 0.013208
170 0.018868 0.366981 0.011321 0.016981
171 0.050000 0.366038 0.016981 0.015094
172 0.067925 0.365094 0.011321 0.013208
173 0.081132 0.365094 0.011321 0.013208
174 0.098113 0.366981 0.011321 0.016981
175 0.116981 0.366981 0.015094 0.016981
176 0.134906 0.365094 0.016981 0.013208
177 0.163208 0.365094 0.013208 0.013208
178 0.179245 0.366981 0.015094 0.016981
179 0.209434 0.368868 0.015094 0.020755
180 0.022642 0.408491 0.041509 0.020755
