0 0.016981 0.032075 0.003774 0.026415
1 0.026415 0.033019 0.007547 0.028302
2 0.043396 0.032075 0.018868 0.026415
3 0.063208 0.035849 0.013208 0.033962
4 0.087736 0.032075 0.028302 0.026415
5 0.129245 0.033019 0.020755 0.028302
6 0.142453 0.033019 0.001887 0.028302
7 0.149057 0.035849 0.007547 0.033962
8 0.169811 0.035849 0.007547 0.033962
9 0.185849 0.025472 0.013208 0.013208
10 0.024528 0.082075 0.018868 0.020755
11 0.051887 0.085849 0.005660 0.028302
12 0.076415 0.077358 0.009434 0.011321
13 0.099057 0.081132 0.001887 0.018868
14 0.113208 0.086792 0.015094 0.030189
15 0.133019 0.084906 0.016981 0.026415
16 0.152830 0.084906 0.011321 0.026415
17 0.170755 0.084906 0.016981 0.026415
18 0.200943 0.085849 0.016981 0.028302
19 0.220755 0.085849 0.015094 0.028302
20 0.020755 0.133962 0.015094 0.026415
21 0.042453 0.134906 0.016981 0.028302
22 0.061321 0.133962 0.016981 0.026415
23 0.093396 0.133962 0.016981 0.026415
24 0.123585 0.133962 0.016981 0.026415
25 0.134906 0.130189 0.001887 0.018868
26 0.152830 0.133019 0.003774 0.024528
27 0.181132 0.131132 0.018868 0.020755
28 0.214151 0.125472 0.016981 0.009434
29 0.234906 0.129245 0.016981 0.016981
30 0.019811 0.181132 0.009434 0.026415
31 0.041509 0.182075 0.026415 0.028302
32 0.083019 0.181132 0.022642 0.026415
33 0.118868 0.181132 0.015094 0.026415
34 0.136792 0.181132 0.016981 0.026415
35 0.158491 0.181132 0.018868 0.026415
36 0.178302 0.181132 0.013208 0.026415
37 0.207547 0.181132 0.015094 0.026415
38 0.239623 0.181132 0.018868 0.026415
39 0.262264 0.181132 0.018868 0.026415
40 0.006604 0.228302 0.001887 0.026415
41 0.018868 0.228302 0.011321 0.026415
42 0.048113 0.228302 0.016981 0.026415
43 0.081132 0.228302 0.015094 0.026415
44 0.118868 0.228302 0.026415 0.026415
45 0.147170 0.228302 0.018868 0.026415
46 0.172642 0.229245 0.024528 0.028302
47 0.205660 0.228302 0.015094 0.026415
48 0.227358 0.231132 0.024528 0.032075
49 0.265094 0.228302 0.016981 0.026415
50 0.022642 0.280189 0.015094 0.028302
51 0.055660 0.279245 0.020755 0.026415
52 0.090566 0.278302 0.018868 0.024528
53 0.125472 0.279245 0.020755 0.026415
54 0.153774 0.279245 0.032075 0.026415
55 0.182075 0.279245 0.020755 0.026415
56 0.206604 0.279245 0.020755 0.026415
57 0.229245 0.279245 0.020755 0.026415
58 0.244340 0.282075 0.005660 0.032075
59 0.256604 0.280189 0.015094 0.028302
60 0.019811 0.333019 0.005660 0.032075
61 0.044340 0.333962 0.016981 0.033962
62 0.066038 0.316981 0.000000 0.000000
63 0.069811 0.322642 0.003774 0.011321
64 0.092453 0.326415 0.015094 0.018868
65 0.125472 0.331132 0.016981 0.028302
66 0.154717 0.326415 0.015094 0.018868
67 0.176415 0.331132 0.016981 0.028302
68 0.195283 0.326415 0.016981 0.018868
69 0.216038 0.331132 0.013208 0.028302
70 0.012264 0.383962 0.013208 0.028302
71 0.041509 0.383962 0.015094 0.028302
72 0.056604 0.383019 0.003774 0.026415
73 0.075472 0.386792 0.007547 0.033962
74 0.091509 0.383962 0.013208 0.028302
75 0.102830 0.383962 0.005660 0.028302
76 0.120755 0.379245 0.026415 0.018868
77 0.156604 0.379245 0.015094 0.018868
78 0.175472 0.379245 0.018868 0.018868
79 0.208491 0.383962 0.016981 0.028302
80 0.012264 0.436792 0.016981 0.028302
81 0.038679 0.432075 0.009434 0.018868
82 0.066038 0.432075 0.011321 0.018868
83 0.081132 0.434906 0.007547 0.024528
84 0.098113 0.432075 0.015094 0.018868
85 0.116981 0.432075 0.018868 0.018868
86 0.157547 0.432075 0.028302 0.018868
87 0.196226 0.432075 0.015094 0.018868
88 0.215094 0.436792 0.018868 0.028302
89 0.247170 0.432075 0.015094 0.018868
90 0.005660 0.484906 0.007547 0.030189
91 0.016038 0.489623 0.001887 0.039623
92 0.033962 0.484906 0.007547 0.030189
93 0.055660 0.475472 0.001887 0.011321
94 0.080189 0.481132 0.016981 0.022642
95 0.102830 0.481132 0.016981 0.022642
96 0.123585 0.481132 0.016981 0.022642
97 0.146226 0.481132 0.016981 0.022642
98 0.178302 0.481132 0.016981 0.022642
99 0.208491 0.481132 0.016981 0.022642
