0 0.006604 0.035849 0.005660 0.033962
1 0.020755 0.035849 0.011321 0.033962
2 0.045283 0.035849 0.030189 0.033962
3 0.073585 0.041509 0.022642 0.045283
4 0.118868 0.035849 0.033962 0.033962
5 0.166038 0.035849 0.030189 0.033962
6 0.195283 0.035849 0.001887 0.033962
7 0.204717 0.041509 0.009434 0.045283
8 0.217925 0.041509 0.009434 0.045283
9 0.234906 0.027358 0.016981 0.016981
10 0.029245 0.095283 0.024528 0.024528
11 0.048113 0.100000 0.005660 0.033962
12 0.061321 0.094340 0.016981 0.022642
13 0.087736 0.097170 0.005660 0.028302
14 0.104717 0.104717 0.016981 0.043396
15 0.144340 0.100000 0.028302 0.033962
16 0.181132 0.100000 0.011321 0.033962
17 0.214151 0.100000 0.024528 0.033962
18 0.242453 0.100000 0.020755 0.033962
19 0.271698 0.100000 0.026415 0.033962
20 0.026415 0.162264 0.022642 0.033962
21 0.050943 0.162264 0.022642 0.033962
22 0.075472 0.162264 0.022642 0.033962
23 0.114151 0.162264 0.024528 0.033962
24 0.140566 0.162264 0.024528 0.033962
25 0.172642 0.157547 0.005660 0.024528
26 0.192453 0.157547 0.007547 0.024528
27 0.220755 0.157547 0.022642 0.024528
28 0.250000 0.152830 0.024528 0.015094
29 0.280189 0.157547 0.024528 0.024528
30 0.024528 0.215094 0.022642 0.033962
31 0.066981 0.216981 0.035849 0.037736
32 0.103774 0.215094 0.030189 0.033962
33 0.133019 0.215094 0.024528 0.033962
34 0.163208 0.215094 0.024528 0.033962
35 0.205660 0.215094 0.026415 0.033962
36 0.247170 0.215094 0.022642 0.033962
37 0.271698 0.215094 0.022642 0.033962
38 0.301887 0.215094 0.026415 0.033962
39 0.341509 0.215094 0.026415 0.033962
40 0.017925 0.271698 0.005660 0.033962
41 0.031132 0.271698 0.016981 0.033962
42 0.068868 0.271698 0.028302 0.033962
43 0.095283 0.271698 0.020755 0.033962
44 0.138679 0.271698 0.032075 0.033962
45 0.173585 0.271698 0.026415 0.033962
46 0.202830 0.271698 0.028302 0.033962
47 0.246226 0.271698 0.024528 0.033962
48 0.278302 0.275472 0.028302 0.041509
49 0.319811 0.271698 0.028302 0.033962
50 0.015094 0.332075 0.022642 0.033962
51 0.045283 0.332075 0.026415 0.033962
52 0.088679 0.332075 0.026415 0.033962
53 0.131132 0.332075 0.028302 0.033962
54 0.182075 0.332075 0.043396 0.033962
55 0.234906 0.332075 0.028302 0.033962
56 0.281132 0.332075 0.030189 0.033962
57 0.321698 0.332075 0.024528 0.033962
58 0.350943 0.336792 0.007547 0.043396
59 0.366981 0.333019 0.016981 0.035849
60 0.007547 0.399057 0.007547 0.043396
61 0.026415 0.396226 0.022642 0.037736
62 0.055660 0.392453 0.024528 0.030189
63 0.089623 0.388679 0.009434 0.022642
64 0.119811 0.390566 0.020755 0.026415
65 0.154717 0.396226 0.022642 0.037736
66 0.181132 0.390566 0.018868 0.026415
67 0.218868 0.396226 0.022642 0.037736
68 0.255660 0.390566 0.020755 0.026415
69 0.276415 0.396226 0.016981 0.037736
70 0.016038 0.457547 0.020755 0.035849
71 0.050943 0.458491 0.022642 0.037736
72 0.066981 0.457547 0.005660 0.035849
73 0.089623 0.463208 0.013208 0.047170
74 0.113208 0.458491 0.022642 0.037736
75 0.135849 0.458491 0.011321 0.037736
76 0.166038 0.452830 0.037736 0.026415
77 0.198113 0.452830 0.022642 0.026415
78 0.233962 0.452830 0.022642 0.026415
79 0.269811 0.457547 0.022642 0.035849
80 0.012264 0.523585 0.020755 0.035849
81 0.045283 0.518868 0.015094 0.026415
82 0.066981 0.518868 0.016981 0.026415
83 0.100943 0.521698 0.016981 0.032075
84 0.133019 0.518868 0.020755 0.026415
85 0.171698 0.518868 0.022642 0.026415
86 0.205660 0.518868 0.033962 0.026415
87 0.237736 0.518868 0.022642 0.026415
88 0.278302 0.523585 0.024528 0.035849
89 0.304717 0.518868 0.020755 0.026415
90 0.010377 0.583962 0.016981 0.047170
91 0.035849 0.581132 0.003774 0.041509
92 0.050000 0.583962 0.016981 0.047170
93 0.083019 0.577358 0.018868 0.033962
94 0.120755 0.575472 0.022642 0.030189
95 0.157547 0.575472 0.020755 0.030189
96 0.182075 0.575472 0.020755 0.030189
97 0.220755 0.575472 0.026415 0.030189
98 0.252830 0.575472 0.026415 0.030189
99 0.280189 0.575472 0.024528 0.030189
