100 0.009434 0.031132 0.015094 0.024528
101 0.037736 0.031132 0.015094 0.024528
102 0.069811 0.031132 0.022642 0.024528
103 0.101887 0.031132 0.015094 0.024528
104 0.122642 0.031132 0.015094 0.024528
105 0.156604 0.031132 0.026415 0.024528
106 0.188679 0.034906 0.026415 0.032075
107 0.213208 0.034906 0.018868 0.032075
108 0.237736 0.034906 0.018868 0.032075
109 0.269811 0.034906 0.015094 0.032075
110 0.013208 0.082075 0.018868 0.024528
111 0.051887 0.082075 0.024528 0.024528
112 0.093396 0.082075 0.028302 0.024528
113 0.121698 0.082075 0.016981 0.024528
114 0.155660 0.082075 0.016981 0.024528
115 0.177358 0.082075 0.018868 0.024528
116 0.201887 0.082075 0.018868 0.024528
117 0.232075 0.082075 0.015094 0.024528
118 0.263208 0.082075 0.020755 0.024528
119 0.296226 0.082075 0.018868 0.024528
120 0.024528 0.128302 0.018868 0.030189
121 0.057547 0.125472 0.016981 0.024528
122 0.080189 0.128302 0.016981 0.030189
123 0.102830 0.125472 0.020755 0.024528
124 0.140566 0.129245 0.020755 0.032075
125 0.164151 0.125472 0.018868 0.024528
126 0.196226 0.125472 0.018868 0.024528
127 0.227358 0.125472 0.016981 0.024528
128 0.260377 0.125472 0.015094 0.024528
129 0.283019 0.129245 0.018868 0.032075
130 0.023585 0.176415 0.016981 0.024528
131 0.043396 0.180189 0.018868 0.032075
132 0.063208 0.176415 0.013208 0.024528
133 0.091509 0.177358 0.016981 0.026415
134 0.116038 0.176415 0.020755 0.024528
135 0.136792 0.177358 0.016981 0.026415
136 0.169811 0.176415 0.018868 0.024528
137 0.191509 0.180189 0.020755 0.032075
138 0.226415 0.176415 0.018868 0.024528
139 0.257547 0.176415 0.016981 0.024528
140 0.009434 0.227358 0.015094 0.024528
141 0.028302 0.224528 0.011321 0.018868
142 0.055660 0.218868 0.013208 0.007547
143 0.070755 0.227358 0.013208 0.024528
144 0.101887 0.233019 0.022642 0.035849
145 0.136792 0.217925 0.016981 0.005660
146 0.155660 0.218868 0.016981 0.007547
147 0.186792 0.218868 0.018868 0.007547
148 0.208491 0.218868 0.016981 0.007547
149 0.221698 0.218868 0.005660 0.007547
150 0.016981 0.273585 0.007547 0.007547
151 0.027358 0.272642 0.005660 0.005660
152 0.046226 0.288679 0.028302 0.037736
153 0.067925 0.282075 0.007547 0.024528
154 0.096226 0.282075 0.018868 0.024528
155 0.116038 0.287736 0.016981 0.035849
156 0.134906 0.287736 0.016981 0.035849
157 0.155660 0.288679 0.020755 0.037736
158 0.187736 0.285849 0.013208 0.032075
159 0.204717 0.282075 0.013208 0.024528
160 0.008491 0.333019 0.013208 0.013208
161 0.030189 0.330189 0.003774 0.007547
162 0.041509 0.331132 0.011321 0.009434
163 0.060377 0.331132 0.015094 0.009434
164 0.077358 0.330189 0.007547 0.007547
165 0.100943 0.331132 0.009434 0.009434
166 0.126415 0.330189 0.007547 0.007547
167 0.153774 0.332075 0.013208 0.011321
168 0.182075 0.334906 0.016981 0.016981
169 0.203774 0.334906 0.018868 0.016981
170 0.023585 0.371698 0.020755 0.018868
171 0.050943 0.376415 0.026415 0.028302
172 0.078302 0.371698 0.024528 0.018868
173 0.116038 0.377358 0.024528 0.030189
174 0.156604 0.376415 0.026415 0.028302
175 0.197170 0.378302 0.024528 0.032075
176 0.238679 0.378302 0.032075 0.032075
177 0.283019 0.377358 0.030189 0.030189
178 0.324528 0.376415 0.026415 0.028302
179 0.352830 0.374528 0.022642 0.024528
180 0.022642 0.420755 0.037736 0.015094
