0 0.005660 0.033962 0.003774 0.030189
1 0.026415 0.027358 0.007547 0.016981
2 0.050943 0.026415 0.015094 0.015094
3 0.070755 0.035849 0.020755 0.033962
4 0.115094 0.033962 0.033962 0.030189
5 0.146226 0.033962 0.024528 0.030189
6 0.176415 0.027358 0.001887 0.016981
7 0.190566 0.037736 0.015094 0.037736
8 0.211321 0.037736 0.015094 0.037736
9 0.237736 0.019811 0.003774 0.001887
10 0.020755 0.081132 0.015094 0.011321
11 0.045283 0.081132 0.003774 0.011321
12 0.069811 0.081132 0.015094 0.011321
13 0.082075 0.084906 0.001887 0.018868
14 0.091509 0.093396 0.013208 0.035849
15 0.117925 0.090566 0.035849 0.030189
16 0.142453 0.088679 0.009434 0.026415
17 0.162264 0.089623 0.018868 0.028302
18 0.186792 0.089623 0.018868 0.028302
19 0.212264 0.089623 0.020755 0.028302
20 0.015094 0.144340 0.018868 0.028302
21 0.053774 0.145283 0.028302 0.030189
22 0.093396 0.144340 0.016981 0.028302
23 0.128302 0.145283 0.022642 0.030189
24 0.166981 0.144340 0.024528 0.028302
25 0.185849 0.138679 0.001887 0.016981
26 0.194340 0.140566 0.003774 0.020755
27 0.200943 0.137736 0.005660 0.015094
28 0.225472 0.133962 0.013208 0.007547
29 0.238679 0.137736 0.005660 0.015094
30 0.020755 0.194340 0.015094 0.030189
31 0.042453 0.187736 0.020755 0.016981
32 0.068868 0.194340 0.024528 0.030189
33 0.103774 0.194340 0.018868 0.030189
34 0.122642 0.194340 0.015094 0.030189
35 0.154717 0.194340 0.022642 0.030189
36 0.177358 0.194340 0.015094 0.030189
37 0.204717 0.194340 0.013208 0.030189
38 0.223585 0.194340 0.016981 0.030189
39 0.248113 0.194340 0.024528 0.030189
40 0.005660 0.243396 0.003774 0.030189
41 0.030189 0.243396 0.015094 0.030189
42 0.061321 0.243396 0.020755 0.030189
43 0.095283 0.243396 0.013208 0.030189
44 0.134906 0.242453 0.032075 0.028302
45 0.166038 0.243396 0.022642 0.030189
46 0.208491 0.243396 0.035849 0.030189
47 0.251887 0.243396 0.016981 0.030189
48 0.295283 0.246226 0.035849 0.035849
49 0.323585 0.243396 0.016981 0.030189
50 0.022642 0.298113 0.015094 0.030189
51 0.044340 0.298113 0.016981 0.030189
52 0.074528 0.298113 0.016981 0.030189
53 0.104717 0.298113 0.016981 0.030189
54 0.134906 0.298113 0.032075 0.030189
55 0.166981 0.298113 0.020755 0.030189
56 0.204717 0.298113 0.020755 0.030189
57 0.236792 0.298113 0.016981 0.030189
58 0.265094 0.301887 0.005660 0.037736
59 0.278302 0.300943 0.013208 0.035849
60 0.005660 0.358491 0.003774 0.037736
61 0.016981 0.345283 0.011321 0.011321
62 0.035849 0.347170 0.018868 0.015094
63 0.050943 0.342453 0.003774 0.005660
64 0.077358 0.350943 0.018868 0.022642
65 0.115094 0.360377 0.022642 0.041509
66 0.148113 0.350000 0.009434 0.020755
67 0.167925 0.360377 0.022642 0.041509
68 0.201887 0.350000 0.018868 0.020755
69 0.217925 0.360377 0.009434 0.041509
70 0.012264 0.420755 0.020755 0.041509
71 0.046226 0.420755 0.020755 0.041509
72 0.059434 0.414151 0.001887 0.028302
73 0.067925 0.424528 0.007547 0.049057
74 0.097170 0.423585 0.020755 0.047170
75 0.113208 0.420755 0.003774 0.041509
76 0.137736 0.410377 0.033962 0.020755
77 0.180189 0.410377 0.020755 0.020755
78 0.215094 0.410377 0.022642 0.020755
79 0.250943 0.420755 0.022642 0.041509
80 0.028302 0.488679 0.022642 0.041509
81 0.061321 0.478302 0.009434 0.020755
82 0.087736 0.478302 0.009434 0.020755
83 0.101887 0.483019 0.011321 0.030189
84 0.123585 0.478302 0.020755 0.020755
85 0.145283 0.478302 0.015094 0.020755
86 0.179245 0.478302 0.026415 0.020755
87 0.207547 0.478302 0.018868 0.020755
88 0.229245 0.488679 0.016981 0.041509
89 0.261321 0.478302 0.016981 0.020755
90 0.011321 0.552830 0.011321 0.049057
91 0.032075 0.551887 0.003774 0.047170
92 0.054717 0.552830 0.011321 0.049057
93 0.067925 0.539623 0.011321 0.022642
94 0.087736 0.540566 0.020755 0.024528
95 0.109434 0.540566 0.018868 0.024528
96 0.132075 0.540566 0.018868 0.024528
97 0.152830 0.540566 0.018868 0.024528
98 0.177358 0.540566 0.018868 0.024528
99 0.198113 0.540566 0.018868 0.024528
