0 0.004717 0.032075 0.005660 0.026415
1 0.025472 0.033019 0.009434 0.028302
2 0.044340 0.029245 0.016981 0.020755
3 0.060377 0.031132 0.011321 0.024528
4 0.078302 0.030189 0.020755 0.022642
5 0.106604 0.033019 0.028302 0.028302
6 0.139623 0.033019 0.003774 0.028302
7 0.151887 0.035849 0.009434 0.033962
8 0.167925 0.037736 0.011321 0.037736
9 0.184906 0.025472 0.011321 0.013208
10 0.021698 0.083962 0.016981 0.016981
11 0.045283 0.089623 0.003774 0.028302
12 0.068868 0.081132 0.013208 0.011321
13 0.091509 0.089623 0.001887 0.028302
14 0.105660 0.091509 0.018868 0.032075
15 0.135849 0.088679 0.015094 0.026415
16 0.161321 0.087736 0.009434 0.024528
17 0.188679 0.088679 0.015094 0.026415
18 0.209434 0.088679 0.015094 0.026415
19 0.238679 0.088679 0.016981 0.026415
20 0.025472 0.139623 0.016981 0.026415
21 0.058491 0.139623 0.015094 0.026415
22 0.079245 0.139623 0.015094 0.026415
23 0.095283 0.139623 0.013208 0.026415
24 0.112264 0.139623 0.013208 0.026415
25 0.138679 0.135849 0.005660 0.018868
26 0.149057 0.138679 0.003774 0.024528
27 0.160377 0.135849 0.015094 0.018868
28 0.180189 0.130189 0.016981 0.007547
29 0.209434 0.135849 0.015094 0.018868
30 0.011321 0.186792 0.011321 0.030189
31 0.030189 0.185849 0.022642 0.028302
32 0.067925 0.185849 0.022642 0.028302
33 0.091509 0.185849 0.020755 0.028302
34 0.128302 0.185849 0.018868 0.028302
35 0.151887 0.185849 0.024528 0.028302
36 0.176415 0.185849 0.020755 0.028302
37 0.199057 0.184906 0.020755 0.026415
38 0.224528 0.190566 0.018868 0.037736
39 0.265094 0.189623 0.032075 0.035849
40 0.020755 0.242453 0.011321 0.028302
41 0.041509 0.246226 0.018868 0.035849
42 0.069811 0.241509 0.026415 0.026415
43 0.094340 0.242453 0.018868 0.028302
44 0.134906 0.242453 0.028302 0.028302
45 0.168868 0.247170 0.035849 0.037736
46 0.202830 0.242453 0.020755 0.028302
47 0.236792 0.242453 0.020755 0.028302
48 0.261321 0.246226 0.024528 0.035849
49 0.286792 0.242453 0.022642 0.028302
50 0.010377 0.299057 0.016981 0.028302
51 0.037736 0.301887 0.026415 0.033962
52 0.066981 0.299057 0.024528 0.028302
53 0.091509 0.298113 0.020755 0.026415
54 0.121698 0.298113 0.028302 0.026415
55 0.163208 0.299057 0.024528 0.028302
56 0.187736 0.299057 0.020755 0.028302
57 0.209434 0.299057 0.018868 0.028302
58 0.228302 0.306604 0.015094 0.043396
59 0.256604 0.300000 0.011321 0.030189
60 0.013208 0.368868 0.015094 0.043396
61 0.032075 0.369811 0.018868 0.045283
62 0.051887 0.354717 0.016981 0.015094
63 0.067925 0.355660 0.003774 0.016981
64 0.094340 0.356604 0.015094 0.018868
65 0.112264 0.364151 0.013208 0.033962
66 0.139623 0.357547 0.011321 0.020755
67 0.159434 0.364151 0.020755 0.033962
68 0.181132 0.357547 0.011321 0.020755
69 0.211321 0.372642 0.022642 0.050943
70 0.012264 0.433962 0.020755 0.033962
71 0.047170 0.434906 0.015094 0.035849
72 0.071698 0.430189 0.007547 0.026415
73 0.089623 0.437736 0.016981 0.041509
74 0.118868 0.434906 0.015094 0.035849
75 0.145283 0.433962 0.011321 0.033962
76 0.167925 0.427358 0.022642 0.020755
77 0.192453 0.427358 0.015094 0.020755
78 0.219811 0.426415 0.013208 0.018868
79 0.251887 0.435849 0.024528 0.037736
80 0.023585 0.494340 0.013208 0.033962
81 0.042453 0.486792 0.013208 0.018868
82 0.056604 0.486792 0.011321 0.018868
83 0.080189 0.489623 0.009434 0.024528
84 0.105660 0.487736 0.015094 0.020755
85 0.137736 0.486792 0.015094 0.018868
86 0.161321 0.486792 0.020755 0.018868
87 0.183962 0.487736 0.016981 0.020755
88 0.218868 0.495283 0.018868 0.035849
89 0.236792 0.486792 0.013208 0.018868
90 0.019811 0.552830 0.009434 0.041509
91 0.029245 0.550943 0.005660 0.037736
92 0.053774 0.552830 0.009434 0.041509
93 0.082075 0.560377 0.016981 0.056604
94 0.102830 0.542453 0.013208 0.020755
95 0.118868 0.543396 0.015094 0.022642
96 0.140566 0.543396 0.016981 0.022642
97 0.173585 0.543396 0.015094 0.022642
98 0.194340 0.542453 0.015094 0.020755
99 0.226415 0.543396 0.018868 0.022642
