0 0.009434 0.033019 0.011321 0.028302
1 0.035849 0.030189 0.007547 0.022642
2 0.061321 0.030189 0.016981 0.022642
3 0.091509 0.035849 0.032075 0.033962
4 0.135849 0.032075 0.026415 0.026415
5 0.167925 0.033019 0.026415 0.028302
6 0.200000 0.033019 0.003774 0.028302
7 0.221698 0.032075 0.009434 0.026415
8 0.250000 0.033019 0.013208 0.028302
9 0.277358 0.024528 0.007547 0.011321
10 0.022642 0.080189 0.018868 0.016981
11 0.039623 0.080189 0.003774 0.016981
12 0.062264 0.077358 0.007547 0.011321
13 0.083019 0.081132 0.003774 0.018868
14 0.104717 0.083962 0.013208 0.024528
15 0.133962 0.084906 0.018868 0.026415
16 0.151887 0.079245 0.009434 0.015094
17 0.167925 0.084906 0.018868 0.026415
18 0.193396 0.084906 0.020755 0.026415
19 0.214151 0.084906 0.016981 0.026415
20 0.014151 0.130189 0.016981 0.026415
21 0.045283 0.127358 0.015094 0.020755
22 0.063208 0.132075 0.009434 0.030189
23 0.081132 0.130189 0.018868 0.026415
24 0.114151 0.130189 0.016981 0.026415
25 0.128302 0.126415 0.007547 0.018868
26 0.136792 0.127358 0.005660 0.020755
27 0.153774 0.126415 0.016981 0.018868
28 0.179245 0.121698 0.022642 0.009434
29 0.212264 0.127358 0.016981 0.020755
30 0.023585 0.180189 0.016981 0.028302
31 0.059434 0.180189 0.028302 0.028302
32 0.105660 0.181132 0.037736 0.030189
33 0.154717 0.181132 0.030189 0.030189
34 0.202830 0.182075 0.032075 0.032075
35 0.250943 0.182075 0.030189 0.032075
36 0.295283 0.182075 0.032075 0.032075
37 0.340566 0.182075 0.032075 0.032075
38 0.375472 0.182075 0.030189 0.032075
39 0.425472 0.182075 0.035849 0.032075
40 0.016038 0.232075 0.024528 0.030189
41 0.048113 0.238679 0.028302 0.043396
42 0.082075 0.233962 0.035849 0.033962
43 0.121698 0.233019 0.039623 0.032075
44 0.180189 0.233019 0.050943 0.032075
45 0.232075 0.233019 0.041509 0.032075
46 0.282075 0.233019 0.028302 0.032075
47 0.313208 0.233019 0.030189 0.032075
48 0.357547 0.233019 0.028302 0.032075
49 0.400943 0.234906 0.032075 0.035849
50 0.027358 0.295283 0.028302 0.032075
51 0.074528 0.295283 0.032075 0.032075
52 0.111321 0.293396 0.030189 0.028302
53 0.150943 0.295283 0.022642 0.032075
54 0.182075 0.295283 0.032075 0.032075
55 0.234906 0.295283 0.043396 0.032075
56 0.287736 0.295283 0.032075 0.032075
57 0.333019 0.295283 0.032075 0.032075
58 0.358491 0.294340 0.015094 0.030189
59 0.386792 0.293396 0.015094 0.028302
60 0.009434 0.345283 0.015094 0.030189
61 0.029245 0.349057 0.016981 0.037736
62 0.052830 0.337736 0.018868 0.015094
63 0.066038 0.338679 0.003774 0.016981
64 0.084906 0.339623 0.022642 0.018868
65 0.121698 0.349057 0.020755 0.037736
66 0.142453 0.340566 0.016981 0.020755
67 0.181132 0.349057 0.030189 0.037736
68 0.208491 0.340566 0.020755 0.020755
69 0.245283 0.359434 0.045283 0.058491
70 0.017925 0.427358 0.032075 0.039623
71 0.049057 0.426415 0.018868 0.037736
72 0.080189 0.422642 0.013208 0.030189
73 0.107547 0.433019 0.030189 0.050943
74 0.150943 0.425472 0.026415 0.035849
75 0.175472 0.426415 0.015094 0.037736
76 0.200943 0.417925 0.032075 0.020755
77 0.244340 0.417925 0.020755 0.020755
78 0.266038 0.417925 0.018868 0.020755
79 0.292453 0.426415 0.030189 0.037736
80 0.015094 0.497170 0.022642 0.039623
81 0.038679 0.487736 0.020755 0.020755
82 0.060377 0.487736 0.018868 0.020755
83 0.093396 0.493396 0.016981 0.032075
84 0.119811 0.487736 0.024528 0.020755
85 0.155660 0.487736 0.016981 0.020755
86 0.195283 0.487736 0.028302 0.020755
87 0.237736 0.487736 0.022642 0.020755
88 0.277358 0.495283 0.030189 0.035849
89 0.314151 0.486792 0.016981 0.018868
90 0.017925 0.551887 0.009434 0.032075
91 0.031132 0.553774 0.009434 0.035849
92 0.056604 0.550943 0.007547 0.030189
93 0.073585 0.552830 0.015094 0.033962
94 0.093396 0.546226 0.016981 0.020755
95 0.124528 0.547170 0.015094 0.022642
96 0.154717 0.547170 0.015094 0.022642
97 0.171698 0.546226 0.015094 0.020755
98 0.200943 0.546226 0.016981 0.020755
99 0.234906 0.547170 0.020755 0.022642
