100 0.014151 0.033962 0.016981 0.030189
101 0.049057 0.034906 0.018868 0.032075
102 0.074528 0.034906 0.024528 0.032075
103 0.111321 0.034906 0.022642 0.032075
104 0.149057 0.034906 0.022642 0.032075
105 0.182075 0.034906 0.032075 0.032075
106 0.227358 0.041509 0.032075 0.045283
107 0.269811 0.041509 0.022642 0.045283
108 0.305660 0.041509 0.022642 0.045283
109 0.345283 0.042453 0.022642 0.047170
110 0.027358 0.100943 0.024528 0.032075
111 0.069811 0.100000 0.033962 0.030189
112 0.111321 0.100943 0.037736 0.032075
113 0.157547 0.100943 0.020755 0.032075
114 0.193396 0.100000 0.020755 0.030189
115 0.229245 0.100943 0.020755 0.032075
116 0.257547 0.100000 0.024528 0.030189
117 0.296226 0.100943 0.018868 0.032075
118 0.324528 0.100000 0.026415 0.030189
119 0.354717 0.100000 0.022642 0.030189
120 0.015094 0.157547 0.022642 0.043396
121 0.040566 0.151887 0.020755 0.032075
122 0.078302 0.157547 0.020755 0.043396
123 0.116981 0.150943 0.026415 0.030189
124 0.145283 0.157547 0.026415 0.043396
125 0.171698 0.151887 0.022642 0.032075
126 0.208491 0.150943 0.020755 0.030189
127 0.230189 0.150943 0.018868 0.030189
128 0.254717 0.151887 0.018868 0.032075
129 0.278302 0.158491 0.020755 0.045283
130 0.022642 0.216038 0.018868 0.032075
131 0.060377 0.222642 0.022642 0.045283
132 0.093396 0.216038 0.016981 0.032075
133 0.131132 0.216038 0.024528 0.032075
134 0.170755 0.215094 0.028302 0.030189
135 0.200000 0.216038 0.022642 0.032075
136 0.229245 0.215094 0.024528 0.030189
137 0.261321 0.221698 0.028302 0.043396
138 0.288679 0.216038 0.018868 0.032075
139 0.326415 0.216038 0.022642 0.032075
140 0.024528 0.280189 0.018868 0.032075
141 0.046226 0.277358 0.016981 0.026415
142 0.067925 0.268868 0.018868 0.009434
143 0.099057 0.280189 0.016981 0.032075
144 0.141509 0.286792 0.033962 0.045283
145 0.181132 0.268868 0.018868 0.009434
146 0.216981 0.268868 0.018868 0.009434
147 0.240566 0.268868 0.020755 0.009434
148 0.277358 0.268868 0.018868 0.009434
149 0.294340 0.270755 0.007547 0.013208
150 0.009434 0.334906 0.015094 0.013208
151 0.023585 0.331132 0.005660 0.005660
152 0.052830 0.350943 0.022642 0.045283
153 0.073585 0.343396 0.007547 0.030189
154 0.092453 0.343396 0.022642 0.030189
155 0.125472 0.356604 0.016981 0.056604
156 0.154717 0.356604 0.015094 0.056604
157 0.187736 0.356604 0.016981 0.056604
158 0.210377 0.350943 0.016981 0.045283
159 0.241509 0.350000 0.018868 0.043396
160 0.012264 0.410377 0.016981 0.013208
161 0.027358 0.410377 0.001887 0.013208
162 0.042453 0.409434 0.016981 0.011321
163 0.063208 0.410377 0.020755 0.013208
164 0.094340 0.410377 0.011321 0.013208
165 0.108491 0.410377 0.013208 0.013208
166 0.125472 0.408491 0.009434 0.009434
167 0.138679 0.410377 0.009434 0.013208
168 0.159434 0.416981 0.020755 0.026415
169 0.195283 0.416981 0.020755 0.026415
170 0.023585 0.463208 0.020755 0.028302
171 0.050943 0.466981 0.022642 0.035849
172 0.080189 0.462264 0.024528 0.026415
173 0.117925 0.466981 0.020755 0.035849
174 0.144340 0.466981 0.020755 0.035849
175 0.167925 0.466981 0.018868 0.035849
176 0.206604 0.466981 0.028302 0.035849
177 0.235849 0.466981 0.022642 0.035849
178 0.263208 0.466981 0.024528 0.035849
179 0.306604 0.465094 0.028302 0.032075
180 0.035849 0.514151 0.037736 0.020755
