0 0.020755 0.038679 0.011321 0.039623
1 0.050000 0.038679 0.020755 0.039623
2 0.079245 0.038679 0.030189 0.039623
3 0.108491 0.042453 0.024528 0.047170
4 0.160377 0.039623 0.045283 0.041509
5 0.204717 0.039623 0.035849 0.041509
6 0.230189 0.038679 0.007547 0.039623
7 0.258491 0.044340 0.015094 0.050943
8 0.290566 0.044340 0.015094 0.050943
9 0.316038 0.031132 0.024528 0.024528
10 0.028302 0.102830 0.026415 0.028302
11 0.062264 0.111321 0.011321 0.045283
12 0.079245 0.111321 0.015094 0.045283
13 0.098113 0.112264 0.011321 0.047170
14 0.117925 0.109434 0.020755 0.041509
15 0.156604 0.109434 0.026415 0.041509
16 0.194340 0.108491 0.018868 0.039623
17 0.231132 0.109434 0.024528 0.041509
18 0.270755 0.109434 0.024528 0.041509
19 0.309434 0.108491 0.026415 0.039623
20 0.024528 0.174528 0.022642 0.039623
21 0.052830 0.175472 0.026415 0.041509
22 0.094340 0.174528 0.026415 0.039623
23 0.122642 0.175472 0.026415 0.041509
24 0.154717 0.175472 0.026415 0.041509
25 0.185849 0.170755 0.009434 0.032075
26 0.200000 0.174528 0.011321 0.039623
27 0.224528 0.167925 0.026415 0.026415
28 0.256604 0.165094 0.026415 0.020755
29 0.296226 0.167925 0.026415 0.026415
30 0.024528 0.235849 0.022642 0.041509
31 0.073585 0.237736 0.041509 0.045283
32 0.126415 0.234906 0.033962 0.039623
33 0.158491 0.234906 0.026415 0.039623
34 0.198113 0.235849 0.026415 0.041509
35 0.239623 0.234906 0.030189 0.039623
36 0.280189 0.234906 0.020755 0.039623
37 0.304717 0.234906 0.020755 0.039623
38 0.333962 0.235849 0.030189 0.041509
39 0.367925 0.234906 0.030189 0.039623
40 0.023585 0.299057 0.016981 0.039623
41 0.055660 0.305660 0.016981 0.052830
42 0.092453 0.299057 0.030189 0.039623
43 0.133962 0.299057 0.022642 0.039623
44 0.167925 0.299057 0.041509 0.039623
45 0.217925 0.299057 0.032075 0.039623
46 0.252830 0.300000 0.033962 0.041509
47 0.300000 0.299057 0.026415 0.039623
48 0.347170 0.304717 0.033962 0.050943
49 0.391509 0.299057 0.028302 0.039623
50 0.014151 0.371698 0.024528 0.041509
51 0.044340 0.370755 0.024528 0.039623
52 0.085849 0.370755 0.028302 0.039623
53 0.132075 0.370755 0.033962 0.039623
54 0.190566 0.370755 0.049057 0.039623
55 0.246226 0.370755 0.032075 0.039623
56 0.294340 0.370755 0.030189 0.039623
57 0.335849 0.370755 0.026415 0.039623
58 0.371698 0.376415 0.015094 0.050943
59 0.402830 0.371698 0.020755 0.041509
60 0.019811 0.446226 0.013208 0.050943
61 0.046226 0.447170 0.028302 0.052830
62 0.076415 0.443396 0.028302 0.045283
63 0.100943 0.434906 0.013208 0.028302
64 0.125472 0.436792 0.024528 0.032075
65 0.164151 0.442453 0.026415 0.043396
66 0.192453 0.436792 0.022642 0.032075
67 0.230189 0.442453 0.026415 0.043396
68 0.269811 0.436792 0.026415 0.032075
69 0.310377 0.442453 0.020755 0.043396
70 0.026415 0.515094 0.026415 0.045283
71 0.065094 0.514151 0.024528 0.043396
72 0.083962 0.514151 0.009434 0.043396
73 0.101887 0.520755 0.015094 0.056604
74 0.127358 0.514151 0.028302 0.043396
75 0.163208 0.514151 0.009434 0.043396
76 0.194340 0.508491 0.041509 0.032075
77 0.242453 0.508491 0.024528 0.032075
78 0.283019 0.508491 0.026415 0.032075
79 0.326415 0.515094 0.026415 0.045283
80 0.015094 0.590566 0.026415 0.045283
81 0.041509 0.583962 0.018868 0.032075
82 0.078302 0.583962 0.020755 0.032075
83 0.102830 0.586792 0.020755 0.037736
84 0.127358 0.583019 0.024528 0.030189
85 0.157547 0.583019 0.028302 0.030189
86 0.207547 0.583019 0.041509 0.030189
87 0.247170 0.583019 0.026415 0.030189
88 0.280189 0.589623 0.028302 0.043396
89 0.319811 0.583019 0.020755 0.030189
90 0.026415 0.657547 0.018868 0.050943
91 0.045283 0.660377 0.007547 0.056604
92 0.073585 0.657547 0.018868 0.050943
93 0.098113 0.660377 0.026415 0.056604
94 0.137736 0.648113 0.026415 0.032075
95 0.169811 0.648113 0.026415 0.032075
96 0.198113 0.647170 0.026415 0.030189
97 0.230189 0.648113 0.026415 0.032075
98 0.273585 0.648113 0.026415 0.032075
99 0.314151 0.647170 0.028302 0.030189
