100 0.011321 0.030189 0.015094 0.022642
101 0.043396 0.030189 0.015094 0.022642
102 0.066038 0.030189 0.018868 0.022642
103 0.102830 0.031132 0.020755 0.024528
104 0.129245 0.031132 0.020755 0.024528
105 0.166038 0.030189 0.026415 0.022642
106 0.207547 0.033962 0.026415 0.030189
107 0.247170 0.035849 0.022642 0.033962
108 0.274528 0.035849 0.024528 0.033962
109 0.300000 0.035849 0.022642 0.033962
110 0.023585 0.083019 0.020755 0.022642
111 0.061321 0.083019 0.028302 0.022642
112 0.105660 0.083019 0.026415 0.022642
113 0.141509 0.083019 0.018868 0.022642
114 0.177358 0.083019 0.018868 0.022642
115 0.200000 0.083019 0.018868 0.022642
116 0.233019 0.083019 0.020755 0.022642
117 0.268868 0.083019 0.016981 0.022642
118 0.292453 0.083019 0.018868 0.022642
119 0.314151 0.083019 0.020755 0.022642
120 0.015094 0.130189 0.022642 0.033962
121 0.050000 0.124528 0.020755 0.022642
122 0.088679 0.129245 0.022642 0.032075
123 0.113208 0.124528 0.022642 0.022642
124 0.151887 0.130189 0.024528 0.033962
125 0.188679 0.124528 0.022642 0.022642
126 0.223585 0.124528 0.020755 0.022642
127 0.256604 0.124528 0.018868 0.022642
128 0.275472 0.124528 0.015094 0.022642
129 0.308491 0.128302 0.016981 0.030189
130 0.011321 0.177358 0.018868 0.022642
131 0.033962 0.182075 0.022642 0.032075
132 0.066981 0.177358 0.013208 0.022642
133 0.087736 0.178302 0.024528 0.024528
134 0.123585 0.177358 0.020755 0.022642
135 0.162264 0.178302 0.022642 0.024528
136 0.185849 0.177358 0.020755 0.022642
137 0.211321 0.178302 0.026415 0.024528
138 0.250943 0.177358 0.018868 0.022642
139 0.275472 0.178302 0.022642 0.024528
140 0.020755 0.228302 0.015094 0.022642
141 0.040566 0.227358 0.016981 0.020755
142 0.070755 0.220755 0.016981 0.007547
143 0.087736 0.228302 0.013208 0.022642
144 0.108491 0.233962 0.020755 0.033962
145 0.143396 0.220755 0.015094 0.007547
146 0.161321 0.221698 0.016981 0.009434
147 0.181132 0.220755 0.018868 0.007547
148 0.212264 0.220755 0.016981 0.007547
149 0.236792 0.220755 0.005660 0.007547
150 0.018868 0.275472 0.011321 0.011321
151 0.030189 0.271698 0.003774 0.003774
152 0.058491 0.285849 0.018868 0.032075
153 0.077358 0.281132 0.007547 0.022642
154 0.102830 0.281132 0.016981 0.022642
155 0.133019 0.289623 0.013208 0.039623
156 0.150943 0.289623 0.011321 0.039623
157 0.177358 0.288679 0.007547 0.037736
158 0.202830 0.283962 0.013208 0.028302
159 0.218868 0.283962 0.015094 0.028302
160 0.013208 0.333019 0.015094 0.009434
161 0.038679 0.330189 0.001887 0.003774
162 0.061321 0.333019 0.013208 0.009434
163 0.087736 0.332075 0.013208 0.007547
164 0.111321 0.331132 0.007547 0.005660
165 0.121698 0.332075 0.005660 0.007547
166 0.130189 0.332075 0.007547 0.007547
167 0.143396 0.333962 0.011321 0.011321
168 0.169811 0.336792 0.015094 0.016981
169 0.189623 0.336792 0.020755 0.016981
170 0.023585 0.374528 0.020755 0.020755
171 0.051887 0.376415 0.024528 0.024528
172 0.077358 0.372642 0.022642 0.016981
173 0.107547 0.375472 0.026415 0.022642
174 0.149057 0.375472 0.026415 0.022642
175 0.184906 0.375472 0.018868 0.022642
176 0.216038 0.375472 0.032075 0.022642
177 0.263208 0.376415 0.028302 0.024528
178 0.307547 0.376415 0.026415 0.024528
179 0.345283 0.375472 0.018868 0.022642
180 0.024528 0.417925 0.041509 0.020755
