0 0.009434 0.033019 0.007547 0.028302
1 0.020755 0.035849 0.011321 0.033962
2 0.036792 0.033019 0.016981 0.028302
3 0.057547 0.035849 0.016981 0.033962
4 0.095283 0.033019 0.028302 0.028302
5 0.136792 0.033019 0.020755 0.028302
6 0.154717 0.035849 0.007547 0.033962
7 0.164151 0.034906 0.007547 0.032075
8 0.189623 0.035849 0.009434 0.033962
9 0.215094 0.025472 0.011321 0.013208
10 0.023585 0.081132 0.016981 0.018868
11 0.049057 0.088679 0.007547 0.033962
12 0.063208 0.083019 0.009434 0.022642
13 0.077358 0.090566 0.007547 0.037736
14 0.092453 0.089623 0.018868 0.035849
15 0.124528 0.085849 0.015094 0.028302
16 0.138679 0.085849 0.009434 0.028302
17 0.163208 0.086792 0.013208 0.030189
18 0.190566 0.085849 0.015094 0.028302
19 0.211321 0.085849 0.015094 0.028302
20 0.011321 0.142453 0.015094 0.028302
21 0.032075 0.142453 0.015094 0.028302
22 0.062264 0.142453 0.015094 0.028302
23 0.080189 0.142453 0.016981 0.028302
24 0.109434 0.142453 0.015094 0.028302
25 0.135849 0.137736 0.007547 0.018868
26 0.160377 0.140566 0.007547 0.024528
27 0.174528 0.138679 0.016981 0.020755
28 0.195283 0.133962 0.016981 0.011321
29 0.216038 0.137736 0.016981 0.018868
30 0.020755 0.189623 0.015094 0.028302
31 0.044340 0.189623 0.028302 0.028302
32 0.071698 0.189623 0.018868 0.028302
33 0.103774 0.189623 0.015094 0.028302
34 0.124528 0.189623 0.015094 0.028302
35 0.146226 0.189623 0.016981 0.028302
36 0.177358 0.189623 0.011321 0.028302
37 0.192453 0.189623 0.011321 0.028302
38 0.220755 0.189623 0.018868 0.028302
39 0.244340 0.189623 0.016981 0.028302
40 0.017925 0.236792 0.005660 0.028302
41 0.039623 0.236792 0.011321 0.028302
42 0.070755 0.236792 0.016981 0.028302
43 0.086792 0.236792 0.011321 0.028302
44 0.107547 0.236792 0.026415 0.028302
45 0.133019 0.236792 0.016981 0.028302
46 0.167925 0.236792 0.018868 0.028302
47 0.190566 0.236792 0.015094 0.028302
48 0.221698 0.237736 0.020755 0.030189
49 0.242453 0.236792 0.016981 0.028302
50 0.010377 0.285849 0.013208 0.028302
51 0.026415 0.285849 0.015094 0.028302
52 0.057547 0.285849 0.016981 0.028302
53 0.080189 0.285849 0.020755 0.028302
54 0.110377 0.285849 0.028302 0.028302
55 0.139623 0.285849 0.018868 0.028302
56 0.161321 0.285849 0.016981 0.028302
57 0.183962 0.285849 0.016981 0.028302
58 0.214151 0.288679 0.009434 0.033962
59 0.244340 0.285849 0.016981 0.028302
60 0.006604 0.341509 0.009434 0.033962
61 0.036792 0.341509 0.016981 0.033962
62 0.060377 0.339623 0.018868 0.030189
63 0.089623 0.341509 0.009434 0.033962
64 0.102830 0.333962 0.013208 0.018868
65 0.122642 0.339623 0.015094 0.030189
66 0.139623 0.333962 0.011321 0.018868
67 0.168868 0.339623 0.013208 0.030189
68 0.183962 0.333962 0.013208 0.018868
69 0.210377 0.339623 0.009434 0.030189
70 0.010377 0.391509 0.013208 0.028302
71 0.038679 0.392453 0.013208 0.030189
72 0.050943 0.390566 0.007547 0.026415
73 0.075472 0.396226 0.007547 0.037736
74 0.092453 0.392453 0.015094 0.030189
75 0.104717 0.392453 0.005660 0.030189
76 0.121698 0.386792 0.020755 0.018868
77 0.144340 0.386792 0.013208 0.018868
78 0.173585 0.386792 0.015094 0.018868
79 0.194340 0.391509 0.015094 0.028302
80 0.023585 0.448113 0.013208 0.028302
81 0.051887 0.444340 0.009434 0.020755
82 0.066038 0.443396 0.011321 0.018868
83 0.089623 0.446226 0.009434 0.024528
84 0.104717 0.443396 0.013208 0.018868
85 0.132075 0.443396 0.015094 0.018868
86 0.165094 0.443396 0.024528 0.018868
87 0.189623 0.443396 0.016981 0.018868
88 0.220755 0.448113 0.015094 0.028302
89 0.235849 0.443396 0.011321 0.018868
90 0.007547 0.497170 0.011321 0.032075
91 0.028302 0.496226 0.003774 0.030189
92 0.050943 0.497170 0.011321 0.032075
93 0.068868 0.498113 0.016981 0.033962
94 0.090566 0.493396 0.018868 0.024528
95 0.121698 0.493396 0.016981 0.024528
96 0.155660 0.493396 0.016981 0.024528
97 0.178302 0.493396 0.020755 0.024528
98 0.216038 0.493396 0.020755 0.024528
99 0.239623 0.493396 0.022642 0.024528
