0 0.017925 0.030189 0.005660 0.022642
1 0.041509 0.035849 0.011321 0.033962
2 0.057547 0.030189 0.016981 0.022642
3 0.079245 0.030189 0.015094 0.022642
4 0.112264 0.029245 0.020755 0.020755
5 0.138679 0.030189 0.024528 0.022642
6 0.160377 0.033019 0.007547 0.028302
7 0.183019 0.033019 0.007547 0.028302
8 0.193396 0.031132 0.005660 0.024528
9 0.216038 0.024528 0.009434 0.011321
10 0.012264 0.080189 0.016981 0.016981
11 0.038679 0.085849 0.005660 0.028302
12 0.059434 0.083019 0.009434 0.022642
13 0.080189 0.085849 0.005660 0.028302
14 0.089623 0.083019 0.009434 0.022642
15 0.114151 0.083019 0.013208 0.022642
16 0.133019 0.083019 0.013208 0.022642
17 0.161321 0.083019 0.013208 0.022642
18 0.189623 0.083962 0.013208 0.024528
19 0.218868 0.083019 0.015094 0.022642
20 0.012264 0.129245 0.013208 0.020755
21 0.029245 0.130189 0.013208 0.022642
22 0.045283 0.130189 0.015094 0.022642
23 0.064151 0.130189 0.015094 0.022642
24 0.081132 0.130189 0.015094 0.022642
25 0.095283 0.126415 0.005660 0.015094
26 0.114151 0.129245 0.005660 0.020755
27 0.140566 0.127358 0.016981 0.016981
28 0.174528 0.123585 0.016981 0.009434
29 0.204717 0.127358 0.016981 0.016981
30 0.022642 0.171698 0.011321 0.022642
31 0.056604 0.171698 0.022642 0.022642
32 0.095283 0.171698 0.024528 0.022642
33 0.120755 0.171698 0.018868 0.022642
34 0.153774 0.171698 0.020755 0.022642
35 0.193396 0.171698 0.024528 0.022642
36 0.216038 0.171698 0.016981 0.022642
37 0.236792 0.171698 0.016981 0.022642
38 0.274528 0.171698 0.024528 0.022642
39 0.316981 0.171698 0.026415 0.022642
40 0.016981 0.213208 0.007547 0.022642
41 0.032075 0.216981 0.011321 0.030189
42 0.065094 0.213208 0.020755 0.022642
43 0.086792 0.213208 0.018868 0.022642
44 0.116981 0.213208 0.030189 0.022642
45 0.159434 0.213208 0.024528 0.022642
46 0.200943 0.213208 0.024528 0.022642
47 0.223585 0.213208 0.016981 0.022642
48 0.257547 0.216038 0.024528 0.028302
49 0.284906 0.213208 0.022642 0.022642
50 0.014151 0.262264 0.016981 0.022642
51 0.034906 0.262264 0.020755 0.022642
52 0.058491 0.262264 0.022642 0.022642
53 0.087736 0.262264 0.024528 0.022642
54 0.129245 0.262264 0.032075 0.022642
55 0.168868 0.262264 0.020755 0.022642
56 0.194340 0.262264 0.018868 0.022642
57 0.215094 0.262264 0.018868 0.022642
58 0.232075 0.265094 0.007547 0.028302
59 0.247170 0.263208 0.015094 0.024528
60 0.018868 0.312264 0.007547 0.028302
61 0.044340 0.311321 0.013208 0.026415
62 0.073585 0.313208 0.015094 0.030189
63 0.090566 0.312264 0.007547 0.028302
64 0.116038 0.305660 0.013208 0.015094
65 0.147170 0.309434 0.015094 0.022642
66 0.166038 0.305660 0.011321 0.015094
67 0.181132 0.310377 0.015094 0.024528
68 0.210377 0.305660 0.013208 0.015094
69 0.228302 0.310377 0.011321 0.024528
70 0.022642 0.359434 0.015094 0.024528
71 0.054717 0.359434 0.018868 0.024528
72 0.073585 0.358491 0.007547 0.022642
73 0.086792 0.363208 0.007547 0.032075
74 0.103774 0.359434 0.018868 0.024528
75 0.129245 0.359434 0.005660 0.024528
76 0.150943 0.354717 0.026415 0.015094
77 0.175472 0.354717 0.015094 0.015094
78 0.196226 0.354717 0.015094 0.015094
79 0.216038 0.358491 0.016981 0.022642
80 0.010377 0.409434 0.016981 0.022642
81 0.026415 0.405660 0.011321 0.015094
82 0.050943 0.405660 0.011321 0.015094
83 0.066038 0.408491 0.007547 0.020755
84 0.093396 0.405660 0.016981 0.015094
85 0.112264 0.405660 0.016981 0.015094
86 0.149057 0.405660 0.026415 0.015094
87 0.184906 0.405660 0.015094 0.015094
88 0.214151 0.409434 0.016981 0.022642
89 0.235849 0.405660 0.015094 0.015094
90 0.004717 0.453774 0.005660 0.028302
91 0.026415 0.451887 0.003774 0.024528
92 0.048113 0.453774 0.005660 0.028302
93 0.070755 0.456604 0.013208 0.033962
94 0.102830 0.450000 0.016981 0.020755
95 0.126415 0.450000 0.018868 0.020755
96 0.149057 0.450000 0.018868 0.020755
97 0.170755 0.450000 0.020755 0.020755
98 0.207547 0.450000 0.018868 0.020755
99 0.230189 0.450000 0.018868 0.020755
