0 0.016981 0.035849 0.003774 0.033962
1 0.035849 0.035849 0.003774 0.033962
2 0.053774 0.035849 0.028302 0.033962
3 0.080189 0.041509 0.020755 0.045283
4 0.122642 0.035849 0.033962 0.033962
5 0.155660 0.035849 0.028302 0.033962
6 0.176415 0.035849 0.001887 0.033962
7 0.198113 0.041509 0.007547 0.045283
8 0.207547 0.041509 0.007547 0.045283
9 0.221698 0.027358 0.016981 0.016981
10 0.027358 0.094340 0.024528 0.022642
11 0.046226 0.097170 0.005660 0.028302
12 0.061321 0.088679 0.013208 0.011321
13 0.082075 0.092453 0.001887 0.018868
14 0.092453 0.103774 0.015094 0.041509
15 0.114151 0.100000 0.024528 0.033962
16 0.149057 0.100000 0.011321 0.033962
17 0.170755 0.100000 0.020755 0.033962
18 0.206604 0.100000 0.020755 0.033962
19 0.242453 0.100000 0.024528 0.033962
20 0.012264 0.160377 0.020755 0.033962
21 0.050000 0.159434 0.020755 0.032075
22 0.086792 0.160377 0.022642 0.033962
23 0.124528 0.160377 0.022642 0.033962
24 0.159434 0.159434 0.020755 0.032075
25 0.187736 0.154717 0.001887 0.022642
26 0.203774 0.155660 0.003774 0.024528
27 0.233962 0.153774 0.022642 0.020755
28 0.268868 0.150000 0.020755 0.013208
29 0.294340 0.153774 0.022642 0.020755
30 0.011321 0.213208 0.018868 0.033962
31 0.044340 0.215094 0.035849 0.037736
32 0.079245 0.212264 0.026415 0.032075
33 0.119811 0.213208 0.020755 0.033962
34 0.155660 0.213208 0.024528 0.033962
35 0.183019 0.213208 0.022642 0.033962
36 0.216981 0.213208 0.018868 0.033962
37 0.252830 0.213208 0.018868 0.033962
38 0.291509 0.213208 0.024528 0.033962
39 0.330189 0.213208 0.022642 0.033962
40 0.004717 0.269811 0.001887 0.033962
41 0.029245 0.269811 0.016981 0.033962
42 0.063208 0.269811 0.024528 0.033962
43 0.088679 0.269811 0.018868 0.033962
44 0.115094 0.269811 0.030189 0.033962
45 0.144340 0.269811 0.024528 0.033962
46 0.186792 0.269811 0.026415 0.033962
47 0.225472 0.269811 0.020755 0.033962
48 0.262264 0.273585 0.026415 0.041509
49 0.293396 0.269811 0.024528 0.033962
50 0.023585 0.330189 0.020755 0.033962
51 0.059434 0.330189 0.024528 0.033962
52 0.098113 0.330189 0.022642 0.033962
53 0.124528 0.330189 0.026415 0.033962
54 0.161321 0.330189 0.039623 0.033962
55 0.196226 0.330189 0.026415 0.033962
56 0.238679 0.330189 0.028302 0.033962
57 0.278302 0.330189 0.024528 0.033962
58 0.297170 0.334906 0.005660 0.043396
59 0.324528 0.331132 0.015094 0.035849
60 0.006604 0.397170 0.005660 0.043396
61 0.033019 0.394340 0.020755 0.037736
62 0.067925 0.383019 0.022642 0.015094
63 0.097170 0.386792 0.005660 0.022642
64 0.123585 0.388679 0.016981 0.026415
65 0.154717 0.394340 0.018868 0.037736
66 0.186792 0.388679 0.018868 0.026415
67 0.221698 0.394340 0.020755 0.037736
68 0.247170 0.388679 0.018868 0.026415
69 0.266038 0.394340 0.015094 0.037736
70 0.011321 0.456604 0.018868 0.037736
71 0.043396 0.456604 0.018868 0.037736
72 0.055660 0.455660 0.001887 0.035849
73 0.074528 0.461321 0.009434 0.047170
74 0.092453 0.456604 0.018868 0.037736
75 0.121698 0.456604 0.009434 0.037736
76 0.147170 0.450943 0.033962 0.026415
77 0.177358 0.450943 0.018868 0.026415
78 0.199057 0.450943 0.020755 0.026415
79 0.221698 0.456604 0.020755 0.037736
80 0.023585 0.522642 0.020755 0.037736
81 0.043396 0.516981 0.011321 0.026415
82 0.063208 0.516981 0.016981 0.026415
83 0.096226 0.519811 0.015094 0.032075
84 0.115094 0.516981 0.018868 0.026415
85 0.150000 0.516981 0.020755 0.026415
86 0.178302 0.516038 0.032075 0.024528
87 0.220755 0.516038 0.018868 0.024528
88 0.242453 0.521698 0.020755 0.035849
89 0.263208 0.516981 0.016981 0.026415
90 0.011321 0.583962 0.015094 0.047170
91 0.033019 0.581132 0.001887 0.041509
92 0.056604 0.583962 0.015094 0.047170
93 0.076415 0.577358 0.016981 0.033962
94 0.109434 0.575472 0.022642 0.030189
95 0.145283 0.575472 0.018868 0.030189
96 0.170755 0.575472 0.020755 0.030189
97 0.207547 0.575472 0.022642 0.030189
98 0.248113 0.575472 0.024528 0.030189
99 0.284906 0.575472 0.022642 0.030189
