0 0.017925 0.033019 0.009434 0.028302
1 0.045283 0.033019 0.011321 0.028302
2 0.074528 0.032075 0.020755 0.026415
3 0.114151 0.035849 0.024528 0.033962
4 0.151887 0.033019 0.024528 0.028302
5 0.191509 0.033019 0.024528 0.028302
6 0.209434 0.033019 0.003774 0.028302
7 0.229245 0.036792 0.009434 0.035849
8 0.252830 0.036792 0.011321 0.035849
9 0.268868 0.026415 0.013208 0.015094
10 0.014151 0.083019 0.020755 0.018868
11 0.033019 0.090566 0.009434 0.033962
12 0.050943 0.084906 0.015094 0.022642
13 0.076415 0.087736 0.005660 0.028302
14 0.107547 0.088679 0.022642 0.030189
15 0.133962 0.086792 0.022642 0.026415
16 0.152830 0.087736 0.011321 0.028302
17 0.175472 0.086792 0.022642 0.026415
18 0.215094 0.087736 0.022642 0.028302
19 0.250943 0.087736 0.022642 0.028302
20 0.017925 0.140566 0.024528 0.028302
21 0.047170 0.140566 0.022642 0.028302
22 0.071698 0.140566 0.022642 0.028302
23 0.111321 0.140566 0.022642 0.028302
24 0.137736 0.139623 0.022642 0.026415
25 0.157547 0.136792 0.009434 0.020755
26 0.173585 0.139623 0.011321 0.026415
27 0.206604 0.136792 0.020755 0.020755
28 0.242453 0.132075 0.020755 0.011321
29 0.276415 0.136792 0.020755 0.020755
30 0.011321 0.187736 0.018868 0.028302
31 0.040566 0.189623 0.032075 0.032075
32 0.073585 0.186792 0.026415 0.026415
33 0.101887 0.186792 0.026415 0.026415
34 0.132075 0.187736 0.026415 0.028302
35 0.163208 0.186792 0.024528 0.026415
36 0.203774 0.186792 0.026415 0.026415
37 0.247170 0.186792 0.026415 0.026415
38 0.275472 0.186792 0.026415 0.026415
39 0.306604 0.186792 0.028302 0.026415
40 0.009434 0.237736 0.007547 0.026415
41 0.027358 0.237736 0.020755 0.026415
42 0.066038 0.237736 0.026415 0.026415
43 0.106604 0.237736 0.020755 0.026415
44 0.139623 0.237736 0.037736 0.026415
45 0.188679 0.237736 0.026415 0.026415
46 0.219811 0.237736 0.028302 0.026415
47 0.262264 0.237736 0.026415 0.026415
48 0.291509 0.238679 0.028302 0.028302
49 0.322642 0.237736 0.026415 0.026415
50 0.025472 0.284906 0.024528 0.026415
51 0.052830 0.284906 0.022642 0.026415
52 0.080189 0.284906 0.024528 0.026415
53 0.117925 0.284906 0.024528 0.026415
54 0.162264 0.284906 0.037736 0.026415
55 0.199057 0.284906 0.028302 0.026415
56 0.231132 0.284906 0.024528 0.026415
57 0.261321 0.284906 0.028302 0.026415
58 0.290566 0.290566 0.018868 0.037736
59 0.306604 0.285849 0.009434 0.028302
60 0.023585 0.347170 0.016981 0.037736
61 0.057547 0.345283 0.016981 0.033962
62 0.096226 0.335849 0.026415 0.015094
63 0.116981 0.342453 0.003774 0.028302
64 0.144340 0.338679 0.020755 0.020755
65 0.181132 0.344340 0.022642 0.032075
66 0.216038 0.338679 0.020755 0.020755
67 0.254717 0.344340 0.026415 0.032075
68 0.295283 0.338679 0.020755 0.020755
69 0.328302 0.344340 0.018868 0.032075
70 0.024528 0.400000 0.022642 0.030189
71 0.050000 0.400943 0.020755 0.032075
72 0.066038 0.398113 0.007547 0.026415
73 0.092453 0.403774 0.015094 0.037736
74 0.123585 0.400943 0.020755 0.032075
75 0.144340 0.400943 0.009434 0.032075
76 0.170755 0.395283 0.032075 0.020755
77 0.200943 0.395283 0.020755 0.020755
78 0.226415 0.395283 0.022642 0.020755
79 0.266038 0.400943 0.026415 0.032075
80 0.016981 0.457547 0.022642 0.032075
81 0.049057 0.451887 0.015094 0.020755
82 0.080189 0.451887 0.016981 0.020755
83 0.108491 0.457547 0.013208 0.032075
84 0.128302 0.451887 0.022642 0.020755
85 0.155660 0.451887 0.020755 0.020755
86 0.187736 0.451887 0.032075 0.020755
87 0.228302 0.451887 0.022642 0.020755
88 0.252830 0.457547 0.022642 0.032075
89 0.277358 0.451887 0.018868 0.020755
90 0.021698 0.509434 0.013208 0.033962
91 0.049057 0.511321 0.011321 0.037736
92 0.064151 0.509434 0.015094 0.033962
93 0.085849 0.520755 0.020755 0.056604
94 0.121698 0.503774 0.024528 0.022642
95 0.158491 0.503774 0.022642 0.022642
96 0.199057 0.503774 0.024528 0.022642
97 0.236792 0.503774 0.024528 0.022642
98 0.276415 0.503774 0.024528 0.022642
99 0.304717 0.503774 0.028302 0.022642
