0 0.004717 0.031132 0.005660 0.024528
1 0.016038 0.035849 0.009434 0.033962
2 0.046226 0.033019 0.020755 0.028302
3 0.077358 0.030189 0.011321 0.022642
4 0.097170 0.029245 0.020755 0.020755
5 0.123585 0.033019 0.028302 0.028302
6 0.147170 0.033019 0.007547 0.028302
7 0.160377 0.036792 0.011321 0.035849
8 0.186792 0.036792 0.011321 0.035849
9 0.204717 0.025472 0.013208 0.013208
10 0.021698 0.082075 0.016981 0.016981
11 0.047170 0.084906 0.003774 0.022642
12 0.072642 0.084906 0.016981 0.022642
13 0.096226 0.087736 0.003774 0.028302
14 0.111321 0.088679 0.015094 0.030189
15 0.139623 0.084906 0.015094 0.022642
16 0.152830 0.083962 0.007547 0.020755
17 0.179245 0.084906 0.015094 0.022642
18 0.208491 0.084906 0.013208 0.022642
19 0.228302 0.083962 0.015094 0.020755
20 0.012264 0.133962 0.013208 0.022642
21 0.038679 0.133962 0.013208 0.022642
22 0.069811 0.133962 0.015094 0.022642
23 0.086792 0.133962 0.015094 0.022642
24 0.116038 0.133019 0.013208 0.020755
25 0.138679 0.130189 0.005660 0.015094
26 0.146226 0.132075 0.005660 0.018868
27 0.164151 0.133019 0.022642 0.020755
28 0.189623 0.127358 0.016981 0.009434
29 0.224528 0.133019 0.022642 0.020755
30 0.012264 0.176415 0.013208 0.024528
31 0.050000 0.178302 0.028302 0.028302
32 0.089623 0.177358 0.024528 0.026415
33 0.126415 0.177358 0.022642 0.026415
34 0.163208 0.179245 0.024528 0.030189
35 0.204717 0.177358 0.024528 0.026415
36 0.243396 0.177358 0.022642 0.026415
37 0.267925 0.177358 0.022642 0.026415
38 0.295283 0.177358 0.024528 0.026415
39 0.321698 0.177358 0.024528 0.026415
40 0.010377 0.226415 0.009434 0.026415
41 0.037736 0.227358 0.018868 0.028302
42 0.064151 0.226415 0.026415 0.026415
43 0.088679 0.226415 0.018868 0.026415
44 0.117925 0.226415 0.028302 0.026415
45 0.161321 0.226415 0.024528 0.026415
46 0.192453 0.226415 0.026415 0.026415
47 0.220755 0.226415 0.022642 0.026415
48 0.250943 0.227358 0.026415 0.028302
49 0.291509 0.226415 0.024528 0.026415
50 0.024528 0.273585 0.022642 0.026415
51 0.063208 0.273585 0.020755 0.026415
52 0.101887 0.273585 0.022642 0.026415
53 0.126415 0.273585 0.022642 0.026415
54 0.170755 0.273585 0.032075 0.026415
55 0.214151 0.273585 0.024528 0.026415
56 0.241509 0.273585 0.022642 0.026415
57 0.270755 0.273585 0.024528 0.026415
58 0.294340 0.278302 0.015094 0.035849
59 0.321698 0.275472 0.009434 0.030189
60 0.010377 0.333019 0.013208 0.035849
61 0.031132 0.335849 0.020755 0.041509
62 0.054717 0.330189 0.018868 0.030189
63 0.070755 0.323585 0.005660 0.016981
64 0.087736 0.325472 0.016981 0.020755
65 0.122642 0.328302 0.018868 0.026415
66 0.157547 0.325472 0.016981 0.020755
67 0.189623 0.328302 0.020755 0.026415
68 0.221698 0.324528 0.016981 0.018868
69 0.237736 0.328302 0.011321 0.026415
70 0.015094 0.389623 0.018868 0.028302
71 0.035849 0.388679 0.018868 0.026415
72 0.062264 0.388679 0.007547 0.026415
73 0.084906 0.392453 0.011321 0.033962
74 0.105660 0.388679 0.018868 0.026415
75 0.124528 0.388679 0.007547 0.026415
76 0.148113 0.384906 0.028302 0.018868
77 0.186792 0.384906 0.018868 0.018868
78 0.211321 0.384906 0.018868 0.018868
79 0.246226 0.389623 0.020755 0.028302
80 0.024528 0.442453 0.018868 0.028302
81 0.044340 0.438679 0.013208 0.020755
82 0.065094 0.437736 0.016981 0.018868
83 0.081132 0.440566 0.011321 0.024528
84 0.100000 0.437736 0.018868 0.018868
85 0.132075 0.437736 0.018868 0.018868
86 0.159434 0.437736 0.028302 0.018868
87 0.197170 0.437736 0.020755 0.018868
88 0.220755 0.441509 0.018868 0.026415
89 0.241509 0.437736 0.018868 0.018868
90 0.019811 0.495283 0.009434 0.039623
91 0.044340 0.491509 0.005660 0.032075
92 0.065094 0.495283 0.009434 0.039623
93 0.083962 0.492453 0.016981 0.033962
94 0.102830 0.486792 0.016981 0.022642
95 0.135849 0.486792 0.018868 0.022642
96 0.168868 0.486792 0.020755 0.022642
97 0.202830 0.486792 0.020755 0.022642
98 0.225472 0.486792 0.020755 0.022642
99 0.260377 0.486792 0.022642 0.022642
