0 0.005660 0.032075 0.003774 0.026415
1 0.024528 0.030189 0.007547 0.022642
2 0.051887 0.032075 0.020755 0.026415
3 0.078302 0.037736 0.020755 0.037736
4 0.120755 0.032075 0.033962 0.026415
5 0.151887 0.033019 0.024528 0.028302
6 0.183019 0.030189 0.003774 0.022642
7 0.192453 0.035849 0.007547 0.033962
8 0.204717 0.035849 0.009434 0.033962
9 0.229245 0.026415 0.013208 0.015094
10 0.012264 0.085849 0.020755 0.020755
11 0.041509 0.086792 0.003774 0.022642
12 0.061321 0.086792 0.009434 0.022642
13 0.073585 0.084906 0.003774 0.018868
14 0.089623 0.089623 0.016981 0.028302
15 0.112264 0.088679 0.016981 0.026415
16 0.128302 0.088679 0.003774 0.026415
17 0.153774 0.088679 0.016981 0.026415
18 0.174528 0.088679 0.016981 0.026415
19 0.196226 0.088679 0.018868 0.026415
20 0.014151 0.135849 0.016981 0.026415
21 0.050000 0.135849 0.020755 0.026415
22 0.085849 0.135849 0.016981 0.026415
23 0.104717 0.134906 0.016981 0.024528
24 0.125472 0.135849 0.016981 0.026415
25 0.139623 0.132075 0.003774 0.018868
26 0.160377 0.133962 0.003774 0.022642
27 0.173585 0.132075 0.015094 0.018868
28 0.197170 0.128302 0.020755 0.011321
29 0.218868 0.132075 0.015094 0.018868
30 0.010377 0.182075 0.016981 0.028302
31 0.036792 0.182075 0.032075 0.028302
32 0.069811 0.181132 0.022642 0.026415
33 0.093396 0.181132 0.020755 0.026415
34 0.130189 0.181132 0.018868 0.026415
35 0.154717 0.181132 0.018868 0.026415
36 0.186792 0.181132 0.018868 0.026415
37 0.207547 0.181132 0.018868 0.026415
38 0.240566 0.181132 0.020755 0.026415
39 0.274528 0.181132 0.020755 0.026415
40 0.002830 0.228302 0.001887 0.026415
41 0.022642 0.228302 0.011321 0.026415
42 0.039623 0.228302 0.018868 0.026415
43 0.059434 0.228302 0.016981 0.026415
44 0.086792 0.228302 0.026415 0.026415
45 0.116038 0.228302 0.020755 0.026415
46 0.150000 0.229245 0.020755 0.028302
47 0.183019 0.228302 0.018868 0.026415
48 0.219811 0.230189 0.020755 0.030189
49 0.243396 0.228302 0.018868 0.026415
50 0.027358 0.277358 0.020755 0.026415
51 0.050000 0.277358 0.020755 0.026415
52 0.085849 0.277358 0.020755 0.026415
53 0.120755 0.277358 0.022642 0.026415
54 0.160377 0.277358 0.030189 0.026415
55 0.191509 0.277358 0.020755 0.026415
56 0.218868 0.277358 0.022642 0.026415
57 0.243396 0.277358 0.022642 0.026415
58 0.262264 0.279245 0.007547 0.030189
59 0.276415 0.278302 0.016981 0.028302
60 0.010377 0.328302 0.009434 0.030189
61 0.039623 0.330189 0.018868 0.033962
62 0.074528 0.328302 0.020755 0.030189
63 0.100000 0.318868 0.003774 0.011321
64 0.114151 0.322642 0.016981 0.018868
65 0.149057 0.326415 0.018868 0.026415
66 0.172642 0.322642 0.016981 0.018868
67 0.192453 0.326415 0.018868 0.026415
68 0.214151 0.322642 0.016981 0.018868
69 0.240566 0.327358 0.009434 0.028302
70 0.016038 0.379245 0.020755 0.026415
71 0.041509 0.379245 0.018868 0.026415
72 0.066038 0.379245 0.003774 0.026415
73 0.089623 0.383962 0.009434 0.035849
74 0.116981 0.379245 0.015094 0.026415
75 0.143396 0.380189 0.003774 0.028302
76 0.174528 0.376415 0.024528 0.020755
77 0.200943 0.376415 0.016981 0.020755
78 0.220755 0.375472 0.018868 0.018868
79 0.256604 0.379245 0.018868 0.026415
80 0.016038 0.434906 0.020755 0.028302
81 0.034906 0.431132 0.009434 0.020755
82 0.064151 0.430189 0.015094 0.018868
83 0.093396 0.433962 0.009434 0.026415
84 0.122642 0.430189 0.018868 0.018868
85 0.154717 0.430189 0.015094 0.018868
86 0.175472 0.430189 0.022642 0.018868
87 0.200943 0.430189 0.016981 0.018868
88 0.232075 0.434906 0.018868 0.028302
89 0.263208 0.430189 0.016981 0.018868
90 0.006604 0.484906 0.009434 0.033962
91 0.015094 0.487736 0.003774 0.039623
92 0.035849 0.484906 0.007547 0.033962
93 0.051887 0.490566 0.020755 0.045283
94 0.085849 0.479245 0.016981 0.022642
95 0.105660 0.479245 0.015094 0.022642
96 0.127358 0.479245 0.016981 0.022642
97 0.160377 0.479245 0.018868 0.022642
98 0.181132 0.479245 0.018868 0.022642
99 0.218868 0.479245 0.022642 0.022642
