100 0.014151 0.030189 0.016981 0.022642
101 0.046226 0.030189 0.016981 0.022642
102 0.068868 0.030189 0.020755 0.022642
103 0.094340 0.030189 0.018868 0.022642
104 0.118868 0.030189 0.018868 0.022642
105 0.149057 0.030189 0.030189 0.022642
106 0.193396 0.034906 0.028302 0.032075
107 0.219811 0.034906 0.020755 0.032075
108 0.242453 0.034906 0.020755 0.032075
109 0.279245 0.035849 0.018868 0.033962
110 0.026415 0.083019 0.022642 0.022642
111 0.066981 0.083019 0.028302 0.022642
112 0.109434 0.083019 0.030189 0.022642
113 0.139623 0.083019 0.018868 0.022642
114 0.175472 0.083019 0.018868 0.022642
115 0.198113 0.083019 0.018868 0.022642
116 0.233962 0.083019 0.022642 0.022642
117 0.267925 0.083019 0.018868 0.022642
118 0.304717 0.083019 0.024528 0.022642
119 0.329245 0.083019 0.020755 0.022642
120 0.024528 0.129245 0.022642 0.032075
121 0.046226 0.124528 0.016981 0.022642
122 0.080189 0.129245 0.016981 0.032075
123 0.105660 0.124528 0.022642 0.022642
124 0.143396 0.129245 0.022642 0.032075
125 0.170755 0.124528 0.020755 0.022642
126 0.208491 0.124528 0.020755 0.022642
127 0.241509 0.124528 0.018868 0.022642
128 0.266038 0.124528 0.018868 0.022642
129 0.301887 0.129245 0.018868 0.032075
130 0.013208 0.175472 0.018868 0.022642
131 0.046226 0.180189 0.020755 0.032075
132 0.066981 0.175472 0.016981 0.022642
133 0.098113 0.175472 0.018868 0.022642
134 0.132075 0.175472 0.022642 0.022642
135 0.157547 0.175472 0.020755 0.022642
136 0.194340 0.175472 0.022642 0.022642
137 0.223585 0.175472 0.024528 0.022642
138 0.249057 0.175472 0.018868 0.022642
139 0.269811 0.175472 0.018868 0.022642
140 0.021698 0.226415 0.016981 0.022642
141 0.052830 0.225472 0.015094 0.020755
142 0.074528 0.219811 0.016981 0.009434
143 0.095283 0.226415 0.016981 0.022642
144 0.120755 0.231132 0.026415 0.032075
145 0.159434 0.218868 0.016981 0.007547
146 0.193396 0.219811 0.016981 0.009434
147 0.213208 0.219811 0.018868 0.009434
148 0.234906 0.219811 0.016981 0.009434
149 0.250943 0.220755 0.007547 0.011321
150 0.020755 0.271698 0.011321 0.011321
151 0.041509 0.267925 0.003774 0.003774
152 0.059434 0.282075 0.020755 0.032075
153 0.090566 0.277358 0.007547 0.022642
154 0.116038 0.277358 0.016981 0.022642
155 0.147170 0.284906 0.015094 0.037736
156 0.178302 0.284906 0.013208 0.037736
157 0.193396 0.284906 0.013208 0.037736
158 0.223585 0.282075 0.016981 0.032075
159 0.253774 0.282075 0.016981 0.032075
160 0.020755 0.328302 0.015094 0.011321
161 0.034906 0.326415 0.001887 0.007547
162 0.058491 0.326415 0.011321 0.007547
163 0.088679 0.326415 0.015094 0.007547
164 0.103774 0.326415 0.007547 0.007547
165 0.126415 0.328302 0.007547 0.011321
166 0.137736 0.325472 0.007547 0.005660
167 0.161321 0.329245 0.009434 0.013208
168 0.192453 0.332075 0.018868 0.018868
169 0.216981 0.331132 0.018868 0.016981
170 0.024528 0.369811 0.018868 0.018868
171 0.060377 0.370755 0.022642 0.020755
172 0.088679 0.368868 0.022642 0.016981
173 0.123585 0.370755 0.020755 0.020755
174 0.159434 0.371698 0.020755 0.022642
175 0.184906 0.370755 0.018868 0.020755
176 0.221698 0.370755 0.024528 0.020755
177 0.261321 0.370755 0.020755 0.020755
178 0.300000 0.370755 0.022642 0.020755
179 0.324528 0.371698 0.022642 0.022642
180 0.016981 0.411321 0.030189 0.018868
