0 0.018868 0.033962 0.007547 0.030189
1 0.041509 0.038679 0.011321 0.039623
2 0.059434 0.033962 0.020755 0.030189
3 0.094340 0.038679 0.018868 0.039623
4 0.124528 0.034906 0.030189 0.032075
5 0.158491 0.034906 0.026415 0.032075
6 0.189623 0.030189 0.005660 0.022642
7 0.215094 0.035849 0.011321 0.033962
8 0.240566 0.034906 0.009434 0.032075
9 0.255660 0.027358 0.016981 0.016981
10 0.014151 0.086792 0.016981 0.018868
11 0.031132 0.088679 0.005660 0.022642
12 0.055660 0.088679 0.009434 0.022642
13 0.081132 0.091509 0.007547 0.028302
14 0.093396 0.092453 0.013208 0.030189
15 0.125472 0.093396 0.020755 0.032075
16 0.147170 0.092453 0.015094 0.030189
17 0.179245 0.092453 0.018868 0.030189
18 0.202830 0.093396 0.020755 0.032075
19 0.224528 0.092453 0.018868 0.030189
20 0.015094 0.144340 0.018868 0.032075
21 0.047170 0.143396 0.018868 0.030189
22 0.069811 0.143396 0.018868 0.030189
23 0.092453 0.144340 0.018868 0.032075
24 0.115094 0.143396 0.018868 0.030189
25 0.141509 0.137736 0.007547 0.018868
26 0.154717 0.140566 0.007547 0.024528
27 0.172642 0.138679 0.020755 0.020755
28 0.194340 0.133962 0.018868 0.011321
29 0.227358 0.138679 0.020755 0.020755
30 0.013208 0.194340 0.018868 0.030189
31 0.055660 0.194340 0.032075 0.030189
32 0.091509 0.193396 0.035849 0.028302
33 0.127358 0.194340 0.028302 0.030189
34 0.160377 0.195283 0.030189 0.032075
35 0.197170 0.194340 0.032075 0.030189
36 0.232075 0.194340 0.026415 0.030189
37 0.276415 0.194340 0.028302 0.030189
38 0.310377 0.195283 0.032075 0.032075
39 0.348113 0.194340 0.035849 0.030189
40 0.013208 0.245283 0.015094 0.030189
41 0.047170 0.245283 0.018868 0.030189
42 0.089623 0.245283 0.032075 0.030189
43 0.135849 0.245283 0.030189 0.030189
44 0.187736 0.245283 0.039623 0.030189
45 0.227358 0.245283 0.035849 0.030189
46 0.266038 0.244340 0.030189 0.028302
47 0.298113 0.245283 0.026415 0.030189
48 0.340566 0.248113 0.032075 0.035849
49 0.374528 0.245283 0.032075 0.030189
50 0.028302 0.300000 0.022642 0.030189
51 0.059434 0.300000 0.032075 0.030189
52 0.110377 0.300943 0.035849 0.032075
53 0.150943 0.300000 0.033962 0.030189
54 0.192453 0.300000 0.041509 0.030189
55 0.246226 0.300000 0.035849 0.030189
56 0.299057 0.300000 0.035849 0.030189
57 0.348113 0.300000 0.028302 0.030189
58 0.372642 0.301887 0.009434 0.033962
59 0.400000 0.300000 0.015094 0.030189
60 0.017925 0.354717 0.009434 0.033962
61 0.036792 0.352830 0.016981 0.030189
62 0.067925 0.352830 0.018868 0.030189
63 0.083019 0.351887 0.007547 0.028302
64 0.101887 0.348113 0.018868 0.020755
65 0.126415 0.352830 0.018868 0.030189
66 0.146226 0.347170 0.016981 0.018868
67 0.181132 0.352830 0.018868 0.030189
68 0.215094 0.348113 0.018868 0.020755
69 0.234906 0.352830 0.016981 0.030189
70 0.015094 0.406604 0.018868 0.032075
71 0.048113 0.405660 0.020755 0.030189
72 0.079245 0.405660 0.007547 0.030189
73 0.106604 0.409434 0.013208 0.037736
74 0.130189 0.405660 0.022642 0.030189
75 0.150943 0.405660 0.011321 0.030189
76 0.179245 0.400000 0.033962 0.018868
77 0.219811 0.400000 0.020755 0.018868
78 0.246226 0.399057 0.020755 0.016981
79 0.282075 0.403774 0.020755 0.026415
80 0.013208 0.460377 0.018868 0.026415
81 0.033019 0.456604 0.016981 0.018868
82 0.064151 0.457547 0.015094 0.020755
83 0.095283 0.458491 0.013208 0.022642
84 0.116038 0.456604 0.020755 0.018868
85 0.139623 0.456604 0.022642 0.018868
86 0.169811 0.457547 0.030189 0.020755
87 0.212264 0.456604 0.020755 0.018868
88 0.245283 0.460377 0.018868 0.026415
89 0.266981 0.456604 0.020755 0.018868
90 0.020755 0.510377 0.007547 0.035849
91 0.043396 0.507547 0.003774 0.030189
92 0.063208 0.509434 0.005660 0.033962
93 0.089623 0.509434 0.016981 0.033962
94 0.113208 0.504717 0.018868 0.024528
95 0.136792 0.504717 0.020755 0.024528
96 0.164151 0.504717 0.022642 0.024528
97 0.203774 0.504717 0.022642 0.024528
98 0.241509 0.504717 0.022642 0.024528
99 0.267925 0.504717 0.022642 0.024528
