0 0.006604 0.033019 0.009434 0.028302
1 0.029245 0.030189 0.009434 0.022642
2 0.063208 0.033019 0.024528 0.028302
3 0.091509 0.033962 0.024528 0.030189
4 0.116981 0.033019 0.022642 0.028302
5 0.143396 0.033962 0.026415 0.030189
6 0.171698 0.030189 0.003774 0.022642
7 0.190566 0.032075 0.007547 0.026415
8 0.211321 0.031132 0.007547 0.024528
9 0.236792 0.024528 0.013208 0.011321
10 0.026415 0.079245 0.022642 0.022642
11 0.052830 0.073585 0.003774 0.011321
12 0.065094 0.073585 0.009434 0.011321
13 0.075472 0.077358 0.003774 0.018868
14 0.089623 0.081132 0.016981 0.026415
15 0.128302 0.083019 0.026415 0.030189
16 0.160377 0.082075 0.011321 0.028302
17 0.181132 0.082075 0.026415 0.028302
18 0.208491 0.082075 0.024528 0.028302
19 0.234906 0.081132 0.024528 0.026415
20 0.015094 0.131132 0.026415 0.028302
21 0.055660 0.131132 0.024528 0.028302
22 0.081132 0.131132 0.022642 0.028302
23 0.106604 0.130189 0.024528 0.026415
24 0.144340 0.132075 0.024528 0.030189
25 0.176415 0.126415 0.005660 0.018868
26 0.195283 0.127358 0.005660 0.020755
27 0.208491 0.126415 0.016981 0.018868
28 0.238679 0.122642 0.016981 0.011321
29 0.268868 0.126415 0.016981 0.018868
30 0.024528 0.180189 0.018868 0.028302
31 0.065094 0.180189 0.028302 0.028302
32 0.106604 0.179245 0.028302 0.026415
33 0.150943 0.179245 0.026415 0.026415
34 0.195283 0.180189 0.028302 0.028302
35 0.237736 0.179245 0.030189 0.026415
36 0.283019 0.180189 0.026415 0.028302
37 0.315094 0.180189 0.026415 0.028302
38 0.355660 0.180189 0.028302 0.028302
39 0.388679 0.179245 0.030189 0.026415
40 0.011321 0.226415 0.011321 0.026415
41 0.041509 0.227358 0.022642 0.028302
42 0.083019 0.226415 0.026415 0.026415
43 0.109434 0.226415 0.022642 0.026415
44 0.144340 0.226415 0.035849 0.026415
45 0.182075 0.226415 0.032075 0.026415
46 0.230189 0.227358 0.030189 0.028302
47 0.274528 0.226415 0.028302 0.026415
48 0.320755 0.230189 0.030189 0.033962
49 0.354717 0.227358 0.026415 0.028302
50 0.026415 0.280189 0.026415 0.028302
51 0.066038 0.279245 0.026415 0.026415
52 0.098113 0.279245 0.030189 0.026415
53 0.143396 0.278302 0.026415 0.024528
54 0.180189 0.278302 0.035849 0.024528
55 0.218868 0.279245 0.030189 0.026415
56 0.260377 0.279245 0.026415 0.026415
57 0.294340 0.279245 0.030189 0.026415
58 0.317925 0.283019 0.009434 0.033962
59 0.342453 0.279245 0.009434 0.026415
60 0.017925 0.335849 0.009434 0.033962
61 0.045283 0.333962 0.015094 0.030189
62 0.064151 0.326415 0.018868 0.015094
63 0.079245 0.327358 0.003774 0.016981
64 0.096226 0.327358 0.018868 0.016981
65 0.133019 0.332075 0.024528 0.026415
66 0.163208 0.327358 0.005660 0.016981
67 0.183019 0.332075 0.022642 0.026415
68 0.220755 0.327358 0.018868 0.016981
69 0.251887 0.332075 0.013208 0.026415
70 0.016038 0.386792 0.024528 0.030189
71 0.042453 0.384906 0.020755 0.026415
72 0.070755 0.383962 0.009434 0.024528
73 0.099057 0.387736 0.013208 0.032075
74 0.128302 0.384906 0.015094 0.026415
75 0.155660 0.384906 0.009434 0.026415
76 0.182075 0.381132 0.032075 0.018868
77 0.223585 0.381132 0.020755 0.018868
78 0.256604 0.379245 0.018868 0.015094
79 0.283962 0.384906 0.024528 0.026415
80 0.026415 0.435849 0.022642 0.026415
81 0.049057 0.432075 0.015094 0.018868
82 0.081132 0.431132 0.018868 0.016981
83 0.110377 0.435849 0.005660 0.026415
84 0.125472 0.432075 0.020755 0.018868
85 0.151887 0.431132 0.020755 0.016981
86 0.192453 0.431132 0.030189 0.016981
87 0.219811 0.432075 0.020755 0.018868
88 0.259434 0.435849 0.024528 0.026415
89 0.287736 0.432075 0.020755 0.018868
90 0.023585 0.485849 0.013208 0.035849
91 0.049057 0.481132 0.007547 0.026415
92 0.070755 0.485849 0.009434 0.035849
93 0.088679 0.484906 0.015094 0.033962
94 0.122642 0.479245 0.022642 0.022642
95 0.146226 0.479245 0.020755 0.022642
96 0.181132 0.479245 0.022642 0.022642
97 0.205660 0.479245 0.022642 0.022642
98 0.241509 0.479245 0.022642 0.022642
99 0.283019 0.479245 0.026415 0.022642
