0 0.017925 0.032075 0.001887 0.026415
1 0.027358 0.030189 0.005660 0.022642
2 0.053774 0.031132 0.016981 0.024528
3 0.075472 0.035849 0.015094 0.033962
4 0.099057 0.032075 0.024528 0.026415
5 0.137736 0.032075 0.018868 0.026415
6 0.164151 0.027358 0.003774 0.016981
7 0.171698 0.034906 0.007547 0.032075
8 0.196226 0.035849 0.007547 0.033962
9 0.218868 0.024528 0.007547 0.011321
10 0.014151 0.081132 0.001887 0.018868
11 0.032075 0.083019 0.003774 0.022642
12 0.047170 0.071698 0.000000 0.000000
13 0.064151 0.081132 0.003774 0.018868
14 0.087736 0.086792 0.013208 0.030189
15 0.103774 0.084906 0.015094 0.026415
16 0.116981 0.083962 0.003774 0.024528
17 0.132075 0.084906 0.015094 0.026415
18 0.150943 0.084906 0.015094 0.026415
19 0.172642 0.083962 0.016981 0.024528
20 0.010377 0.133019 0.016981 0.024528
21 0.044340 0.133019 0.016981 0.024528
22 0.071698 0.133019 0.011321 0.024528
23 0.102830 0.133962 0.016981 0.026415
24 0.134906 0.133019 0.016981 0.024528
25 0.147170 0.130189 0.003774 0.018868
26 0.157547 0.132075 0.005660 0.022642
27 0.183962 0.130189 0.016981 0.018868
28 0.205660 0.121698 0.018868 0.001887
29 0.229245 0.130189 0.016981 0.018868
30 0.008491 0.179245 0.013208 0.026415
31 0.042453 0.181132 0.028302 0.030189
32 0.070755 0.179245 0.016981 0.026415
33 0.100943 0.179245 0.016981 0.026415
34 0.119811 0.179245 0.016981 0.026415
35 0.141509 0.179245 0.018868 0.026415
36 0.173585 0.179245 0.015094 0.026415
37 0.194340 0.179245 0.015094 0.026415
38 0.230189 0.179245 0.022642 0.026415
39 0.251887 0.179245 0.016981 0.026415
40 0.017925 0.228302 0.001887 0.026415
41 0.029245 0.228302 0.013208 0.026415
42 0.059434 0.228302 0.016981 0.026415
43 0.078302 0.228302 0.016981 0.026415
44 0.102830 0.228302 0.024528 0.026415
45 0.126415 0.228302 0.018868 0.026415
46 0.164151 0.228302 0.022642 0.026415
47 0.197170 0.228302 0.016981 0.026415
48 0.233962 0.228302 0.022642 0.026415
49 0.255660 0.228302 0.016981 0.026415
50 0.024528 0.273585 0.015094 0.026415
51 0.045283 0.273585 0.018868 0.026415
52 0.066981 0.273585 0.016981 0.026415
53 0.098113 0.273585 0.018868 0.026415
54 0.123585 0.273585 0.028302 0.026415
55 0.163208 0.273585 0.020755 0.026415
56 0.195283 0.273585 0.016981 0.026415
57 0.229245 0.273585 0.016981 0.026415
58 0.246226 0.277358 0.005660 0.033962
59 0.266038 0.273585 0.007547 0.026415
60 0.016981 0.330189 0.003774 0.033962
61 0.028302 0.328302 0.015094 0.030189
62 0.064151 0.320755 0.022642 0.015094
63 0.079245 0.324528 0.003774 0.022642
64 0.105660 0.322642 0.015094 0.018868
65 0.136792 0.326415 0.016981 0.026415
66 0.169811 0.322642 0.015094 0.018868
67 0.200943 0.326415 0.016981 0.026415
68 0.221698 0.322642 0.016981 0.018868
69 0.247170 0.317925 0.007547 0.009434
70 0.025472 0.379245 0.016981 0.026415
71 0.043396 0.379245 0.015094 0.026415
72 0.053774 0.379245 0.001887 0.026415
73 0.075472 0.382075 0.007547 0.032075
74 0.099057 0.379245 0.013208 0.026415
75 0.119811 0.379245 0.001887 0.026415
76 0.134906 0.375472 0.024528 0.018868
77 0.159434 0.375472 0.013208 0.018868
78 0.191509 0.375472 0.016981 0.018868
79 0.210377 0.379245 0.016981 0.026415
80 0.012264 0.430189 0.016981 0.026415
81 0.038679 0.426415 0.009434 0.018868
82 0.064151 0.426415 0.011321 0.018868
83 0.089623 0.429245 0.009434 0.024528
84 0.118868 0.426415 0.015094 0.018868
85 0.138679 0.426415 0.013208 0.018868
86 0.160377 0.426415 0.022642 0.018868
87 0.197170 0.426415 0.016981 0.018868
88 0.226415 0.430189 0.015094 0.026415
89 0.258491 0.426415 0.015094 0.018868
90 0.018868 0.477358 0.003774 0.030189
91 0.035849 0.462264 0.000000 0.000000
92 0.039623 0.477358 0.003774 0.030189
93 0.049057 0.473585 0.011321 0.022642
94 0.080189 0.473585 0.016981 0.022642
95 0.098113 0.473585 0.015094 0.022642
96 0.130189 0.473585 0.015094 0.022642
97 0.148113 0.473585 0.016981 0.022642
98 0.170755 0.473585 0.016981 0.022642
99 0.194340 0.473585 0.018868 0.022642
