0 0.017925 0.030189 0.005660 0.022642
1 0.037736 0.030189 0.007547 0.022642
2 0.054717 0.026415 0.015094 0.015094
3 0.083962 0.033019 0.016981 0.028302
4 0.116038 0.031132 0.016981 0.024528
5 0.134906 0.030189 0.016981 0.022642
6 0.158491 0.030189 0.003774 0.022642
7 0.182075 0.032075 0.009434 0.026415
8 0.208491 0.033019 0.009434 0.028302
9 0.219811 0.022642 0.009434 0.007547
10 0.022642 0.070755 0.011321 0.009434
11 0.033019 0.080189 0.005660 0.028302
12 0.055660 0.071698 0.009434 0.011321
13 0.063208 0.075472 0.001887 0.018868
14 0.075472 0.079245 0.015094 0.026415
15 0.108491 0.076415 0.016981 0.020755
16 0.126415 0.075472 0.007547 0.018868
17 0.140566 0.077358 0.016981 0.022642
18 0.163208 0.077358 0.016981 0.022642
19 0.183962 0.077358 0.016981 0.022642
20 0.010377 0.124528 0.016981 0.022642
21 0.044340 0.124528 0.016981 0.022642
22 0.076415 0.124528 0.013208 0.022642
23 0.108491 0.124528 0.016981 0.022642
24 0.143396 0.124528 0.018868 0.022642
25 0.159434 0.119811 0.005660 0.013208
26 0.178302 0.121698 0.005660 0.016981
27 0.203774 0.119811 0.015094 0.013208
28 0.222642 0.116981 0.015094 0.007547
29 0.251887 0.119811 0.016981 0.013208
30 0.012264 0.166981 0.013208 0.024528
31 0.032075 0.166038 0.022642 0.022642
32 0.067925 0.166038 0.015094 0.022642
33 0.100000 0.164151 0.018868 0.018868
34 0.121698 0.166038 0.020755 0.022642
35 0.158491 0.166038 0.018868 0.022642
36 0.183019 0.166038 0.018868 0.022642
37 0.202830 0.166038 0.016981 0.022642
38 0.227358 0.166038 0.020755 0.022642
39 0.260377 0.165094 0.018868 0.020755
40 0.013208 0.209434 0.015094 0.022642
41 0.047170 0.209434 0.018868 0.022642
42 0.081132 0.209434 0.018868 0.022642
43 0.101887 0.209434 0.011321 0.022642
44 0.135849 0.209434 0.022642 0.022642
45 0.160377 0.209434 0.022642 0.022642
46 0.188679 0.209434 0.022642 0.022642
47 0.221698 0.208491 0.016981 0.020755
48 0.243396 0.209434 0.022642 0.022642
49 0.278302 0.209434 0.016981 0.022642
50 0.024528 0.250943 0.015094 0.022642
51 0.052830 0.250943 0.015094 0.022642
52 0.073585 0.250943 0.018868 0.022642
53 0.094340 0.250943 0.015094 0.022642
54 0.116981 0.250943 0.022642 0.022642
55 0.154717 0.250943 0.018868 0.022642
56 0.184906 0.250943 0.015094 0.022642
57 0.218868 0.250943 0.022642 0.022642
58 0.237736 0.254717 0.011321 0.030189
59 0.260377 0.251887 0.003774 0.024528
60 0.005660 0.302830 0.007547 0.028302
61 0.017925 0.303774 0.013208 0.030189
62 0.054717 0.296226 0.026415 0.015094
63 0.085849 0.297170 0.005660 0.016981
64 0.111321 0.297170 0.015094 0.016981
65 0.141509 0.301887 0.018868 0.026415
66 0.176415 0.297170 0.016981 0.016981
67 0.209434 0.302830 0.018868 0.028302
68 0.239623 0.297170 0.015094 0.016981
69 0.266038 0.300943 0.011321 0.024528
70 0.010377 0.350000 0.016981 0.024528
71 0.043396 0.350943 0.015094 0.026415
72 0.061321 0.349057 0.009434 0.022642
73 0.078302 0.353774 0.016981 0.032075
74 0.098113 0.349057 0.015094 0.022642
75 0.110377 0.350000 0.005660 0.024528
76 0.138679 0.346226 0.020755 0.016981
77 0.157547 0.346226 0.013208 0.016981
78 0.176415 0.346226 0.016981 0.016981
79 0.209434 0.349057 0.018868 0.022642
80 0.011321 0.400943 0.018868 0.024528
81 0.029245 0.397170 0.013208 0.016981
82 0.047170 0.397170 0.011321 0.016981
83 0.058491 0.400943 0.007547 0.024528
84 0.074528 0.396226 0.013208 0.015094
85 0.088679 0.396226 0.011321 0.015094
86 0.108491 0.397170 0.020755 0.016981
87 0.130189 0.397170 0.015094 0.016981
88 0.148113 0.400000 0.013208 0.022642
89 0.165094 0.397170 0.016981 0.016981
90 0.020755 0.447170 0.011321 0.030189
91 0.047170 0.448113 0.007547 0.032075
92 0.063208 0.447170 0.013208 0.030189
93 0.091509 0.437736 0.009434 0.011321
94 0.122642 0.442453 0.018868 0.020755
95 0.142453 0.442453 0.013208 0.020755
96 0.159434 0.442453 0.016981 0.020755
97 0.190566 0.442453 0.018868 0.020755
98 0.226415 0.442453 0.018868 0.020755
99 0.250000 0.442453 0.020755 0.020755
