0 0.018868 0.033962 0.007547 0.030189
1 0.035849 0.033019 0.015094 0.028302
2 0.058491 0.036792 0.026415 0.035849
3 0.094340 0.035849 0.015094 0.033962
4 0.116981 0.033962 0.022642 0.030189
5 0.153774 0.033962 0.016981 0.030189
6 0.166981 0.033019 0.005660 0.028302
7 0.175472 0.035849 0.007547 0.033962
8 0.184906 0.036792 0.007547 0.035849
9 0.199057 0.025472 0.009434 0.013208
10 0.013208 0.084906 0.015094 0.022642
11 0.029245 0.093396 0.005660 0.039623
12 0.041509 0.096226 0.015094 0.045283
13 0.065094 0.092453 0.005660 0.037736
14 0.078302 0.091509 0.013208 0.035849
15 0.095283 0.088679 0.016981 0.030189
16 0.110377 0.088679 0.009434 0.030189
17 0.127358 0.088679 0.016981 0.030189
18 0.149057 0.088679 0.015094 0.030189
19 0.180189 0.088679 0.016981 0.030189
20 0.013208 0.151887 0.015094 0.028302
21 0.033962 0.152830 0.015094 0.030189
22 0.050943 0.152830 0.015094 0.030189
23 0.070755 0.152830 0.016981 0.030189
24 0.104717 0.152830 0.016981 0.030189
25 0.133019 0.148113 0.005660 0.020755
26 0.144340 0.150943 0.005660 0.026415
27 0.157547 0.148113 0.016981 0.020755
28 0.190566 0.147170 0.015094 0.018868
29 0.223585 0.149057 0.016981 0.022642
30 0.022642 0.201887 0.015094 0.030189
31 0.040566 0.199057 0.016981 0.024528
32 0.072642 0.201887 0.016981 0.030189
33 0.091509 0.201887 0.016981 0.030189
34 0.124528 0.201887 0.015094 0.030189
35 0.156604 0.201887 0.015094 0.030189
36 0.185849 0.200943 0.016981 0.028302
37 0.217925 0.200943 0.016981 0.028302
38 0.235849 0.201887 0.015094 0.030189
39 0.266981 0.201887 0.016981 0.030189
40 0.017925 0.250943 0.009434 0.030189
41 0.031132 0.250943 0.009434 0.030189
42 0.048113 0.250943 0.016981 0.030189
43 0.069811 0.250943 0.015094 0.030189
44 0.093396 0.250943 0.020755 0.030189
45 0.116038 0.250943 0.016981 0.030189
46 0.146226 0.250943 0.016981 0.030189
47 0.178302 0.250943 0.016981 0.030189
48 0.210377 0.251887 0.016981 0.032075
49 0.240566 0.250943 0.016981 0.030189
50 0.010377 0.301887 0.016981 0.030189
51 0.033962 0.301887 0.018868 0.030189
52 0.055660 0.301887 0.016981 0.030189
53 0.074528 0.301887 0.016981 0.030189
54 0.110377 0.301887 0.024528 0.030189
55 0.134906 0.301887 0.016981 0.030189
56 0.166981 0.301887 0.016981 0.030189
57 0.197170 0.301887 0.016981 0.030189
58 0.212264 0.304717 0.009434 0.035849
59 0.229245 0.304717 0.013208 0.035849
60 0.019811 0.359434 0.009434 0.035849
61 0.050943 0.362264 0.018868 0.041509
62 0.071698 0.356604 0.018868 0.030189
63 0.087736 0.355660 0.005660 0.028302
64 0.113208 0.352830 0.015094 0.022642
65 0.141509 0.356604 0.015094 0.030189
66 0.170755 0.351887 0.013208 0.020755
67 0.188679 0.356604 0.015094 0.030189
68 0.204717 0.352830 0.013208 0.022642
69 0.221698 0.356604 0.009434 0.030189
70 0.022642 0.417925 0.015094 0.032075
71 0.055660 0.416981 0.016981 0.030189
72 0.070755 0.416981 0.005660 0.030189
73 0.090566 0.420755 0.007547 0.037736
74 0.103774 0.416981 0.015094 0.030189
75 0.116981 0.416981 0.007547 0.030189
76 0.150000 0.413208 0.024528 0.022642
77 0.186792 0.413208 0.015094 0.022642
78 0.205660 0.413208 0.015094 0.022642
79 0.233962 0.416981 0.015094 0.030189
80 0.024528 0.473585 0.015094 0.030189
81 0.050000 0.469811 0.009434 0.022642
82 0.079245 0.469811 0.015094 0.022642
83 0.105660 0.472642 0.007547 0.028302
84 0.132075 0.468868 0.015094 0.020755
85 0.150943 0.468868 0.015094 0.020755
86 0.186792 0.468868 0.022642 0.020755
87 0.209434 0.468868 0.015094 0.020755
88 0.228302 0.472642 0.015094 0.028302
89 0.256604 0.468868 0.015094 0.020755
90 0.005660 0.524528 0.007547 0.033962
91 0.014151 0.525472 0.005660 0.035849
92 0.024528 0.525472 0.007547 0.035849
93 0.038679 0.535849 0.016981 0.056604
94 0.061321 0.518868 0.016981 0.022642
95 0.092453 0.518868 0.015094 0.022642
96 0.113208 0.518868 0.015094 0.022642
97 0.133019 0.518868 0.016981 0.022642
98 0.151887 0.518868 0.016981 0.022642
99 0.171698 0.519811 0.018868 0.024528
