0 0.006604 0.034906 0.005660 0.032075
1 0.030189 0.038679 0.011321 0.039623
2 0.054717 0.034906 0.030189 0.032075
3 0.085849 0.038679 0.024528 0.039623
4 0.125472 0.034906 0.024528 0.032075
5 0.153774 0.034906 0.024528 0.032075
6 0.172642 0.038679 0.005660 0.039623
7 0.184906 0.040566 0.011321 0.043396
8 0.200000 0.040566 0.011321 0.043396
9 0.228302 0.028302 0.018868 0.018868
10 0.015094 0.091509 0.018868 0.020755
11 0.029245 0.098113 0.005660 0.033962
12 0.056604 0.098113 0.018868 0.033962
13 0.083962 0.095283 0.005660 0.028302
14 0.099057 0.097170 0.020755 0.032075
15 0.136792 0.097170 0.024528 0.032075
16 0.164151 0.097170 0.018868 0.032075
17 0.187736 0.097170 0.024528 0.032075
18 0.217925 0.097170 0.024528 0.032075
19 0.244340 0.097170 0.024528 0.032075
20 0.017925 0.150000 0.024528 0.032075
21 0.044340 0.150000 0.024528 0.032075
22 0.079245 0.150000 0.018868 0.032075
23 0.106604 0.150000 0.024528 0.032075
24 0.146226 0.150000 0.024528 0.032075
25 0.166981 0.146226 0.005660 0.024528
26 0.174528 0.149057 0.005660 0.030189
27 0.198113 0.147170 0.011321 0.026415
28 0.218868 0.142453 0.018868 0.016981
29 0.237736 0.147170 0.011321 0.026415
30 0.026415 0.200943 0.018868 0.032075
31 0.065094 0.200943 0.024528 0.032075
32 0.091509 0.200943 0.024528 0.032075
33 0.121698 0.200943 0.024528 0.032075
34 0.150000 0.200943 0.024528 0.032075
35 0.180189 0.200943 0.024528 0.032075
36 0.208491 0.200943 0.024528 0.032075
37 0.236792 0.200943 0.024528 0.032075
38 0.265094 0.200943 0.024528 0.032075
39 0.304717 0.200943 0.024528 0.032075
40 0.026415 0.251887 0.018868 0.032075
41 0.049057 0.251887 0.018868 0.032075
42 0.083962 0.251887 0.024528 0.032075
43 0.120755 0.251887 0.018868 0.032075
44 0.148113 0.251887 0.024528 0.032075
45 0.189623 0.251887 0.024528 0.032075
46 0.216038 0.251887 0.024528 0.032075
47 0.242453 0.251887 0.024528 0.032075
48 0.283962 0.254717 0.024528 0.037736
49 0.310377 0.251887 0.024528 0.032075
50 0.017925 0.308491 0.024528 0.032075
51 0.046226 0.308491 0.024528 0.032075
52 0.083962 0.308491 0.024528 0.032075
53 0.125472 0.308491 0.024528 0.032075
54 0.166981 0.308491 0.024528 0.032075
55 0.197170 0.308491 0.024528 0.032075
56 0.223585 0.308491 0.024528 0.032075
57 0.265094 0.308491 0.024528 0.032075
58 0.298113 0.314151 0.011321 0.043396
59 0.317925 0.308491 0.020755 0.032075
60 0.018868 0.376415 0.011321 0.043396
61 0.051887 0.367925 0.024528 0.026415
62 0.091509 0.377358 0.024528 0.045283
63 0.110377 0.374528 0.005660 0.039623
64 0.131132 0.370755 0.024528 0.032075
65 0.161321 0.370755 0.024528 0.032075
66 0.200943 0.370755 0.024528 0.032075
67 0.229245 0.370755 0.024528 0.032075
68 0.259434 0.370755 0.024528 0.032075
69 0.300943 0.370755 0.024528 0.032075
70 0.029245 0.434906 0.024528 0.032075
71 0.055660 0.434906 0.024528 0.032075
72 0.087736 0.434906 0.005660 0.032075
73 0.105660 0.434906 0.018868 0.032075
74 0.140566 0.434906 0.024528 0.032075
75 0.160377 0.437736 0.011321 0.037736
76 0.183019 0.434906 0.030189 0.032075
77 0.216038 0.434906 0.024528 0.032075
78 0.244340 0.434906 0.024528 0.032075
79 0.282075 0.434906 0.024528 0.032075
80 0.014151 0.491509 0.024528 0.032075
81 0.049057 0.491509 0.018868 0.032075
82 0.087736 0.491509 0.024528 0.032075
83 0.114151 0.491509 0.024528 0.032075
84 0.144340 0.491509 0.024528 0.032075
85 0.182075 0.491509 0.024528 0.032075
86 0.212264 0.491509 0.024528 0.032075
87 0.238679 0.491509 0.024528 0.032075
88 0.265094 0.491509 0.024528 0.032075
89 0.295283 0.491509 0.024528 0.032075
90 0.022642 0.548113 0.015094 0.043396
91 0.046226 0.548113 0.005660 0.043396
92 0.073585 0.548113 0.015094 0.043396
93 0.094340 0.560377 0.018868 0.067925
94 0.119811 0.542453 0.024528 0.032075
95 0.161321 0.542453 0.024528 0.032075
96 0.200943 0.542453 0.024528 0.032075
97 0.240566 0.542453 0.024528 0.032075
98 0.280189 0.542453 0.024528 0.032075
99 0.308491 0.542453 0.024528 0.032075
