0 0.004717 0.032075 0.005660 0.026415
1 0.024528 0.027358 0.007547 0.016981
2 0.050943 0.030189 0.015094 0.022642
3 0.078302 0.033019 0.013208 0.028302
4 0.106604 0.029245 0.016981 0.020755
5 0.141509 0.032075 0.018868 0.026415
6 0.166981 0.030189 0.001887 0.022642
7 0.186792 0.032075 0.007547 0.026415
8 0.197170 0.031132 0.005660 0.024528
9 0.221698 0.025472 0.009434 0.013208
10 0.019811 0.073585 0.013208 0.015094
11 0.034906 0.077358 0.005660 0.022642
12 0.055660 0.071698 0.005660 0.011321
13 0.074528 0.075472 0.001887 0.018868
14 0.086792 0.080189 0.015094 0.028302
15 0.113208 0.078302 0.011321 0.024528
16 0.124528 0.078302 0.007547 0.024528
17 0.140566 0.079245 0.013208 0.026415
18 0.157547 0.079245 0.013208 0.026415
19 0.183962 0.079245 0.013208 0.026415
20 0.011321 0.126415 0.015094 0.026415
21 0.040566 0.125472 0.013208 0.024528
22 0.061321 0.126415 0.016981 0.026415
23 0.078302 0.127358 0.013208 0.028302
24 0.107547 0.125472 0.011321 0.024528
25 0.128302 0.121698 0.003774 0.016981
26 0.146226 0.123585 0.005660 0.020755
27 0.158491 0.122642 0.015094 0.018868
28 0.177358 0.117925 0.015094 0.009434
29 0.194340 0.121698 0.015094 0.016981
30 0.021698 0.173585 0.009434 0.026415
31 0.050943 0.174528 0.018868 0.028302
32 0.083019 0.172642 0.018868 0.024528
33 0.101887 0.173585 0.015094 0.026415
34 0.135849 0.173585 0.018868 0.026415
35 0.171698 0.173585 0.022642 0.026415
36 0.206604 0.173585 0.016981 0.026415
37 0.227358 0.173585 0.016981 0.026415
38 0.260377 0.173585 0.018868 0.026415
39 0.285849 0.173585 0.024528 0.026415
40 0.020755 0.220755 0.011321 0.026415
41 0.047170 0.224528 0.011321 0.033962
42 0.080189 0.220755 0.020755 0.026415
43 0.112264 0.220755 0.013208 0.026415
44 0.150000 0.220755 0.028302 0.026415
45 0.193396 0.220755 0.024528 0.026415
46 0.233019 0.220755 0.020755 0.026415
47 0.253774 0.220755 0.016981 0.026415
48 0.276415 0.223585 0.020755 0.032075
49 0.312264 0.220755 0.016981 0.026415
50 0.022642 0.273585 0.015094 0.026415
51 0.042453 0.273585 0.016981 0.026415
52 0.077358 0.273585 0.018868 0.026415
53 0.108491 0.273585 0.016981 0.026415
54 0.145283 0.273585 0.026415 0.026415
55 0.174528 0.273585 0.020755 0.026415
56 0.206604 0.273585 0.016981 0.026415
57 0.242453 0.273585 0.020755 0.026415
58 0.263208 0.275472 0.009434 0.030189
59 0.284906 0.273585 0.007547 0.026415
60 0.008491 0.324528 0.009434 0.030189
61 0.033019 0.324528 0.013208 0.030189
62 0.063208 0.316981 0.013208 0.015094
63 0.076415 0.317925 0.005660 0.016981
64 0.100943 0.319811 0.013208 0.020755
65 0.133019 0.324528 0.016981 0.030189
66 0.163208 0.319811 0.013208 0.020755
67 0.180189 0.324528 0.016981 0.030189
68 0.197170 0.318868 0.013208 0.018868
69 0.226415 0.324528 0.015094 0.030189
70 0.026415 0.375472 0.018868 0.033962
71 0.048113 0.373585 0.016981 0.030189
72 0.078302 0.373585 0.009434 0.030189
73 0.094340 0.379245 0.011321 0.041509
74 0.125472 0.373585 0.016981 0.030189
75 0.144340 0.373585 0.009434 0.030189
76 0.166981 0.367925 0.028302 0.018868
77 0.206604 0.367925 0.016981 0.018868
78 0.228302 0.369811 0.015094 0.022642
79 0.263208 0.374528 0.020755 0.032075
80 0.022642 0.435849 0.015094 0.033962
81 0.040566 0.429245 0.013208 0.020755
82 0.066981 0.430189 0.013208 0.022642
83 0.080189 0.431132 0.009434 0.024528
84 0.106604 0.429245 0.016981 0.020755
85 0.139623 0.429245 0.018868 0.020755
86 0.166038 0.428302 0.026415 0.018868
87 0.200943 0.429245 0.016981 0.020755
88 0.223585 0.434906 0.020755 0.032075
89 0.258491 0.429245 0.015094 0.020755
90 0.016981 0.490566 0.007547 0.037736
91 0.038679 0.485849 0.005660 0.028302
92 0.058491 0.489623 0.007547 0.035849
93 0.074528 0.483019 0.016981 0.022642
94 0.094340 0.482075 0.015094 0.020755
95 0.112264 0.483019 0.013208 0.022642
96 0.131132 0.482075 0.013208 0.020755
97 0.150000 0.482075 0.013208 0.020755
98 0.167925 0.482075 0.011321 0.020755
99 0.195283 0.483019 0.013208 0.022642
