0 0.017925 0.030189 0.009434 0.022642
1 0.035849 0.033019 0.015094 0.028302
2 0.055660 0.032075 0.020755 0.026415
3 0.084906 0.035849 0.026415 0.033962
4 0.125472 0.030189 0.020755 0.022642
5 0.165094 0.032075 0.024528 0.026415
6 0.193396 0.033019 0.005660 0.028302
7 0.214151 0.033962 0.009434 0.030189
8 0.229245 0.033962 0.009434 0.030189
9 0.256604 0.025472 0.015094 0.013208
10 0.015094 0.081132 0.018868 0.018868
11 0.045283 0.085849 0.007547 0.028302
12 0.071698 0.083019 0.018868 0.022642
13 0.086792 0.085849 0.007547 0.028302
14 0.117925 0.083019 0.020755 0.022642
15 0.143396 0.083019 0.026415 0.022642
16 0.179245 0.083019 0.015094 0.022642
17 0.216981 0.083019 0.026415 0.022642
18 0.256604 0.083019 0.026415 0.022642
19 0.301887 0.083019 0.030189 0.022642
20 0.016981 0.130189 0.026415 0.022642
21 0.049057 0.130189 0.026415 0.022642
22 0.081132 0.130189 0.026415 0.022642
23 0.109434 0.130189 0.026415 0.022642
24 0.139623 0.130189 0.026415 0.022642
25 0.171698 0.130189 0.007547 0.022642
26 0.194340 0.132075 0.007547 0.026415
27 0.213208 0.127358 0.018868 0.016981
28 0.235849 0.124528 0.018868 0.011321
29 0.267925 0.127358 0.018868 0.016981
30 0.014151 0.175472 0.020755 0.022642
31 0.040566 0.177358 0.028302 0.026415
32 0.082075 0.177358 0.028302 0.026415
33 0.110377 0.177358 0.024528 0.026415
34 0.149057 0.177358 0.026415 0.026415
35 0.178302 0.177358 0.024528 0.026415
36 0.204717 0.177358 0.020755 0.026415
37 0.237736 0.177358 0.018868 0.026415
38 0.266038 0.177358 0.026415 0.026415
39 0.297170 0.177358 0.024528 0.026415
40 0.018868 0.222642 0.007547 0.026415
41 0.045283 0.222642 0.018868 0.026415
42 0.083019 0.222642 0.026415 0.026415
43 0.107547 0.222642 0.018868 0.026415
44 0.138679 0.222642 0.035849 0.026415
45 0.185849 0.222642 0.028302 0.026415
46 0.216981 0.222642 0.026415 0.026415
47 0.247170 0.222642 0.022642 0.026415
48 0.284906 0.222642 0.026415 0.026415
49 0.312264 0.222642 0.024528 0.026415
50 0.014151 0.267925 0.024528 0.026415
51 0.038679 0.267925 0.020755 0.026415
52 0.078302 0.267925 0.024528 0.026415
53 0.121698 0.267925 0.028302 0.026415
54 0.172642 0.267925 0.043396 0.026415
55 0.212264 0.267925 0.028302 0.026415
56 0.255660 0.267925 0.028302 0.026415
57 0.298113 0.267925 0.022642 0.026415
58 0.329245 0.270755 0.009434 0.032075
59 0.347170 0.267925 0.018868 0.026415
60 0.017925 0.321698 0.009434 0.032075
61 0.034906 0.322642 0.016981 0.033962
62 0.056604 0.320755 0.018868 0.030189
63 0.076415 0.314151 0.009434 0.016981
64 0.106604 0.315094 0.020755 0.018868
65 0.128302 0.318868 0.018868 0.026415
66 0.160377 0.315094 0.018868 0.018868
67 0.185849 0.318868 0.020755 0.026415
68 0.207547 0.315094 0.018868 0.018868
69 0.225472 0.318868 0.013208 0.026415
70 0.012264 0.371698 0.020755 0.026415
71 0.033962 0.371698 0.018868 0.026415
72 0.049057 0.371698 0.007547 0.026415
73 0.058491 0.374528 0.007547 0.032075
74 0.084906 0.371698 0.018868 0.026415
75 0.114151 0.371698 0.005660 0.026415
76 0.135849 0.367925 0.030189 0.018868
77 0.162264 0.367925 0.018868 0.018868
78 0.197170 0.367925 0.020755 0.018868
79 0.232075 0.371698 0.018868 0.026415
80 0.016038 0.422642 0.020755 0.026415
81 0.037736 0.418868 0.015094 0.018868
82 0.071698 0.418868 0.018868 0.018868
83 0.095283 0.420755 0.016981 0.022642
84 0.118868 0.418868 0.018868 0.018868
85 0.141509 0.418868 0.018868 0.018868
86 0.179245 0.418868 0.030189 0.018868
87 0.220755 0.418868 0.018868 0.018868
88 0.252830 0.422642 0.018868 0.026415
89 0.287736 0.418868 0.016981 0.018868
90 0.008491 0.470755 0.013208 0.032075
91 0.019811 0.467925 0.005660 0.026415
92 0.033019 0.470755 0.013208 0.032075
93 0.053774 0.477358 0.016981 0.045283
94 0.081132 0.466038 0.026415 0.022642
95 0.108491 0.466038 0.024528 0.022642
96 0.136792 0.466038 0.024528 0.022642
97 0.167925 0.466038 0.026415 0.022642
98 0.207547 0.466038 0.026415 0.022642
99 0.236792 0.466038 0.028302 0.022642
