100 0.013208 0.030189 0.015094 0.022642
101 0.033019 0.031132 0.016981 0.024528
102 0.068868 0.036792 0.024528 0.035849
103 0.097170 0.032075 0.024528 0.026415
104 0.135849 0.032075 0.022642 0.026415
105 0.180189 0.030189 0.032075 0.022642
106 0.216981 0.033019 0.033962 0.028302
107 0.261321 0.034906 0.028302 0.032075
108 0.293396 0.035849 0.032075 0.033962
109 0.337736 0.035849 0.026415 0.033962
110 0.028302 0.084906 0.022642 0.022642
111 0.063208 0.084906 0.035849 0.022642
112 0.112264 0.085849 0.032075 0.024528
113 0.154717 0.085849 0.022642 0.024528
114 0.195283 0.084906 0.024528 0.022642
115 0.221698 0.084906 0.020755 0.022642
116 0.247170 0.084906 0.022642 0.022642
117 0.283019 0.084906 0.022642 0.022642
118 0.309434 0.084906 0.018868 0.022642
119 0.343396 0.084906 0.022642 0.022642
120 0.025472 0.130189 0.024528 0.026415
121 0.051887 0.128302 0.024528 0.022642
122 0.081132 0.132075 0.026415 0.030189
123 0.124528 0.129245 0.026415 0.024528
124 0.166981 0.132075 0.028302 0.030189
125 0.198113 0.128302 0.026415 0.022642
126 0.227358 0.128302 0.024528 0.022642
127 0.266981 0.128302 0.024528 0.022642
128 0.296226 0.128302 0.022642 0.022642
129 0.319811 0.132075 0.020755 0.030189
130 0.013208 0.177358 0.022642 0.022642
131 0.042453 0.182075 0.024528 0.032075
132 0.066038 0.177358 0.015094 0.022642
133 0.102830 0.178302 0.028302 0.024528
134 0.134906 0.178302 0.024528 0.024528
135 0.177358 0.179245 0.030189 0.026415
136 0.222642 0.177358 0.026415 0.022642
137 0.267925 0.186792 0.033962 0.041509
138 0.311321 0.177358 0.018868 0.022642
139 0.345283 0.180189 0.022642 0.028302
140 0.021698 0.238679 0.013208 0.024528
141 0.038679 0.237736 0.013208 0.022642
142 0.066981 0.230189 0.016981 0.007547
143 0.087736 0.238679 0.013208 0.024528
144 0.105660 0.244340 0.018868 0.035849
145 0.139623 0.228302 0.018868 0.003774
146 0.162264 0.229245 0.018868 0.005660
147 0.185849 0.230189 0.020755 0.007547
148 0.222642 0.230189 0.022642 0.007547
149 0.253774 0.232075 0.005660 0.011321
150 0.021698 0.287736 0.016981 0.013208
151 0.037736 0.283962 0.007547 0.005660
152 0.052830 0.300000 0.018868 0.037736
153 0.068868 0.291509 0.009434 0.020755
154 0.097170 0.291509 0.016981 0.020755
155 0.120755 0.300000 0.026415 0.037736
156 0.147170 0.303774 0.018868 0.045283
157 0.185849 0.302830 0.028302 0.043396
158 0.211321 0.298113 0.015094 0.033962
159 0.243396 0.297170 0.015094 0.032075
160 0.011321 0.350943 0.015094 0.011321
161 0.035849 0.349057 0.003774 0.007547
162 0.050000 0.349057 0.016981 0.007547
163 0.081132 0.350000 0.015094 0.009434
164 0.107547 0.349057 0.007547 0.007547
165 0.132075 0.347170 0.011321 0.003774
166 0.144340 0.348113 0.005660 0.005660
167 0.166981 0.349057 0.005660 0.007547
168 0.194340 0.355660 0.022642 0.020755
169 0.228302 0.358491 0.018868 0.026415
170 0.017925 0.404717 0.009434 0.028302
171 0.033962 0.403774 0.018868 0.026415
172 0.054717 0.403774 0.018868 0.026415
173 0.086792 0.403774 0.018868 0.026415
174 0.121698 0.403774 0.020755 0.026415
175 0.157547 0.403774 0.016981 0.026415
176 0.182075 0.403774 0.020755 0.026415
177 0.203774 0.403774 0.018868 0.026415
178 0.225472 0.404717 0.016981 0.028302
179 0.260377 0.402830 0.018868 0.024528
180 0.030189 0.443396 0.033962 0.011321
