100 0.009434 0.030189 0.011321 0.022642
101 0.028302 0.030189 0.015094 0.022642
102 0.049057 0.030189 0.018868 0.022642
103 0.072642 0.033019 0.016981 0.028302
104 0.091509 0.033019 0.016981 0.028302
105 0.113208 0.030189 0.022642 0.022642
106 0.149057 0.033962 0.022642 0.030189
107 0.183019 0.034906 0.018868 0.032075
108 0.215094 0.034906 0.018868 0.032075
109 0.237736 0.035849 0.015094 0.033962
110 0.022642 0.083019 0.018868 0.022642
111 0.059434 0.083019 0.024528 0.022642
112 0.089623 0.083019 0.024528 0.022642
113 0.126415 0.083019 0.015094 0.022642
114 0.158491 0.083019 0.015094 0.022642
115 0.177358 0.083019 0.015094 0.022642
116 0.197170 0.083019 0.020755 0.022642
117 0.228302 0.083019 0.015094 0.022642
118 0.264151 0.083019 0.022642 0.022642
119 0.291509 0.083019 0.020755 0.022642
120 0.012264 0.128302 0.020755 0.030189
121 0.045283 0.124528 0.015094 0.022642
122 0.066038 0.124528 0.015094 0.022642
123 0.089623 0.124528 0.020755 0.022642
124 0.127358 0.124528 0.020755 0.022642
125 0.163208 0.124528 0.020755 0.022642
126 0.185849 0.124528 0.016981 0.022642
127 0.215094 0.124528 0.015094 0.022642
128 0.247170 0.124528 0.015094 0.022642
129 0.276415 0.128302 0.016981 0.030189
130 0.011321 0.173585 0.015094 0.022642
131 0.034906 0.177358 0.020755 0.030189
132 0.068868 0.173585 0.013208 0.022642
133 0.100000 0.176415 0.018868 0.028302
134 0.133962 0.173585 0.022642 0.022642
135 0.159434 0.175472 0.016981 0.026415
136 0.195283 0.173585 0.020755 0.022642
137 0.231132 0.177358 0.024528 0.030189
138 0.251887 0.173585 0.013208 0.022642
139 0.280189 0.174528 0.016981 0.024528
140 0.011321 0.222642 0.015094 0.022642
141 0.039623 0.222642 0.015094 0.022642
142 0.057547 0.214151 0.013208 0.005660
143 0.074528 0.222642 0.013208 0.022642
144 0.097170 0.229245 0.024528 0.035849
145 0.133019 0.215094 0.016981 0.007547
146 0.165094 0.216038 0.016981 0.009434
147 0.183962 0.215094 0.016981 0.007547
148 0.206604 0.216038 0.016981 0.009434
149 0.221698 0.215094 0.005660 0.007547
150 0.018868 0.271698 0.011321 0.011321
151 0.044340 0.269811 0.005660 0.007547
152 0.072642 0.285849 0.020755 0.039623
153 0.090566 0.277358 0.007547 0.022642
154 0.117925 0.277358 0.016981 0.022642
155 0.138679 0.283962 0.016981 0.035849
156 0.167925 0.283962 0.015094 0.035849
157 0.186792 0.283962 0.015094 0.035849
158 0.202830 0.281132 0.013208 0.030189
159 0.218868 0.281132 0.015094 0.030189
160 0.011321 0.330189 0.011321 0.011321
161 0.019811 0.328302 0.001887 0.007547
162 0.039623 0.329245 0.011321 0.009434
163 0.057547 0.328302 0.013208 0.007547
164 0.083962 0.329245 0.009434 0.009434
165 0.107547 0.330189 0.011321 0.011321
166 0.122642 0.327358 0.007547 0.005660
167 0.138679 0.331132 0.013208 0.013208
168 0.157547 0.333019 0.016981 0.016981
169 0.175472 0.332075 0.015094 0.015094
170 0.024528 0.368868 0.015094 0.016981
171 0.042453 0.370755 0.016981 0.020755
172 0.073585 0.367925 0.015094 0.015094
173 0.094340 0.371698 0.018868 0.022642
174 0.115094 0.371698 0.018868 0.022642
175 0.149057 0.371698 0.018868 0.022642
176 0.181132 0.371698 0.018868 0.022642
177 0.200943 0.369811 0.016981 0.018868
178 0.220755 0.370755 0.018868 0.020755
179 0.246226 0.371698 0.020755 0.022642
180 0.018868 0.411321 0.033962 0.018868
