0 0.006604 0.032075 0.009434 0.026415
1 0.032075 0.033019 0.011321 0.028302
2 0.063208 0.032075 0.020755 0.026415
3 0.097170 0.034906 0.020755 0.032075
4 0.137736 0.033019 0.026415 0.028302
5 0.180189 0.033019 0.024528 0.028302
6 0.207547 0.033019 0.003774 0.028302
7 0.216038 0.033962 0.009434 0.030189
8 0.228302 0.033962 0.011321 0.030189
9 0.256604 0.025472 0.015094 0.013208
10 0.012264 0.078302 0.016981 0.016981
11 0.025472 0.081132 0.005660 0.022642
12 0.046226 0.075472 0.009434 0.011321
13 0.054717 0.079245 0.003774 0.018868
14 0.082075 0.084906 0.016981 0.030189
15 0.101887 0.082075 0.018868 0.024528
16 0.133962 0.082075 0.011321 0.024528
17 0.162264 0.082075 0.018868 0.024528
18 0.187736 0.082075 0.020755 0.024528
19 0.220755 0.082075 0.018868 0.024528
20 0.022642 0.131132 0.018868 0.024528
21 0.043396 0.131132 0.018868 0.024528
22 0.064151 0.131132 0.015094 0.024528
23 0.096226 0.131132 0.018868 0.024528
24 0.116981 0.131132 0.018868 0.024528
25 0.145283 0.128302 0.007547 0.018868
26 0.169811 0.130189 0.007547 0.022642
27 0.196226 0.127358 0.018868 0.016981
28 0.220755 0.123585 0.018868 0.009434
29 0.252830 0.127358 0.018868 0.016981
30 0.014151 0.175472 0.016981 0.026415
31 0.043396 0.178302 0.033962 0.032075
32 0.076415 0.175472 0.024528 0.026415
33 0.101887 0.175472 0.022642 0.026415
34 0.141509 0.175472 0.022642 0.026415
35 0.166981 0.175472 0.024528 0.026415
36 0.195283 0.175472 0.020755 0.026415
37 0.233019 0.175472 0.020755 0.026415
38 0.261321 0.175472 0.024528 0.026415
39 0.302830 0.175472 0.024528 0.026415
40 0.022642 0.226415 0.015094 0.026415
41 0.041509 0.226415 0.018868 0.026415
42 0.076415 0.226415 0.024528 0.026415
43 0.102830 0.226415 0.016981 0.026415
44 0.133019 0.226415 0.032075 0.026415
45 0.166038 0.226415 0.026415 0.026415
46 0.195283 0.226415 0.024528 0.026415
47 0.220755 0.226415 0.022642 0.026415
48 0.245283 0.226415 0.022642 0.026415
49 0.281132 0.226415 0.022642 0.026415
50 0.013208 0.271698 0.022642 0.026415
51 0.036792 0.271698 0.020755 0.026415
52 0.074528 0.271698 0.024528 0.026415
53 0.115094 0.271698 0.022642 0.026415
54 0.159434 0.271698 0.035849 0.026415
55 0.195283 0.271698 0.028302 0.026415
56 0.237736 0.271698 0.022642 0.026415
57 0.265094 0.271698 0.024528 0.026415
58 0.284906 0.273585 0.011321 0.030189
59 0.299057 0.271698 0.005660 0.026415
60 0.023585 0.322642 0.013208 0.030189
61 0.040566 0.322642 0.013208 0.030189
62 0.068868 0.315094 0.016981 0.015094
63 0.083962 0.316038 0.005660 0.016981
64 0.100943 0.316981 0.016981 0.018868
65 0.132075 0.320755 0.018868 0.026415
66 0.163208 0.316981 0.016981 0.018868
67 0.183962 0.320755 0.020755 0.026415
68 0.217925 0.316981 0.016981 0.018868
69 0.250943 0.320755 0.015094 0.026415
70 0.023585 0.369811 0.020755 0.026415
71 0.059434 0.369811 0.016981 0.026415
72 0.085849 0.369811 0.009434 0.026415
73 0.099057 0.373585 0.013208 0.033962
74 0.117925 0.369811 0.016981 0.026415
75 0.145283 0.369811 0.007547 0.026415
76 0.167925 0.366038 0.030189 0.018868
77 0.198113 0.366038 0.018868 0.018868
78 0.232075 0.366038 0.018868 0.018868
79 0.255660 0.369811 0.020755 0.026415
80 0.013208 0.422642 0.018868 0.026415
81 0.044340 0.418868 0.013208 0.018868
82 0.065094 0.418868 0.016981 0.018868
83 0.091509 0.420755 0.009434 0.022642
84 0.119811 0.418868 0.016981 0.018868
85 0.142453 0.418868 0.016981 0.018868
86 0.168868 0.418868 0.028302 0.018868
87 0.197170 0.418868 0.020755 0.018868
88 0.233019 0.422642 0.016981 0.026415
89 0.251887 0.418868 0.016981 0.018868
90 0.020755 0.469811 0.011321 0.030189
91 0.035849 0.467925 0.007547 0.026415
92 0.058491 0.469811 0.011321 0.030189
93 0.085849 0.471698 0.016981 0.033962
94 0.107547 0.465094 0.018868 0.020755
95 0.144340 0.465094 0.020755 0.020755
96 0.180189 0.465094 0.020755 0.020755
97 0.201887 0.465094 0.018868 0.020755
98 0.222642 0.465094 0.018868 0.020755
99 0.259434 0.465094 0.024528 0.020755
