100 0.029245 0.033962 0.024528 0.030189
101 0.055660 0.033962 0.024528 0.030189
102 0.082075 0.033962 0.024528 0.030189
103 0.122642 0.033962 0.022642 0.030189
104 0.148113 0.033962 0.024528 0.030189
105 0.186792 0.033962 0.041509 0.030189
106 0.241509 0.038679 0.041509 0.039623
107 0.288679 0.038679 0.026415 0.039623
108 0.316981 0.039623 0.026415 0.041509
109 0.360377 0.040566 0.030189 0.043396
110 0.015094 0.096226 0.026415 0.030189
111 0.063208 0.096226 0.043396 0.030189
112 0.122642 0.096226 0.041509 0.030189
113 0.172642 0.096226 0.024528 0.030189
114 0.200000 0.096226 0.026415 0.030189
115 0.238679 0.096226 0.024528 0.030189
116 0.278302 0.096226 0.024528 0.030189
117 0.307547 0.096226 0.022642 0.030189
118 0.333019 0.096226 0.024528 0.030189
119 0.374528 0.096226 0.024528 0.030189
120 0.014151 0.150000 0.024528 0.039623
121 0.055660 0.145283 0.028302 0.030189
122 0.087736 0.150000 0.028302 0.039623
123 0.130189 0.145283 0.030189 0.030189
124 0.162264 0.150000 0.030189 0.039623
125 0.204717 0.145283 0.028302 0.030189
126 0.236792 0.145283 0.024528 0.030189
127 0.278302 0.145283 0.024528 0.030189
128 0.307547 0.145283 0.022642 0.030189
129 0.333019 0.150943 0.024528 0.041509
130 0.029245 0.205660 0.024528 0.030189
131 0.059434 0.211321 0.028302 0.041509
132 0.088679 0.205660 0.022642 0.030189
133 0.133019 0.205660 0.032075 0.030189
134 0.167925 0.205660 0.030189 0.030189
135 0.201887 0.205660 0.030189 0.030189
136 0.246226 0.205660 0.024528 0.030189
137 0.288679 0.205660 0.033962 0.030189
138 0.333962 0.205660 0.026415 0.030189
139 0.377358 0.205660 0.030189 0.030189
140 0.012264 0.266038 0.020755 0.030189
141 0.035849 0.261321 0.018868 0.020755
142 0.070755 0.254717 0.020755 0.007547
143 0.107547 0.266038 0.018868 0.030189
144 0.152830 0.272642 0.037736 0.043396
145 0.199057 0.253774 0.020755 0.005660
146 0.223585 0.254717 0.020755 0.007547
147 0.257547 0.255660 0.020755 0.009434
148 0.280189 0.254717 0.020755 0.007547
149 0.301887 0.257547 0.011321 0.013208
150 0.014151 0.319811 0.016981 0.013208
151 0.041509 0.316981 0.007547 0.007547
152 0.074528 0.335849 0.024528 0.045283
153 0.094340 0.328302 0.011321 0.030189
154 0.115094 0.328302 0.026415 0.030189
155 0.151887 0.334906 0.020755 0.043396
156 0.185849 0.334906 0.020755 0.043396
157 0.209434 0.334906 0.022642 0.043396
158 0.243396 0.333962 0.018868 0.041509
159 0.271698 0.333962 0.026415 0.041509
160 0.014151 0.383962 0.020755 0.013208
161 0.031132 0.383019 0.005660 0.011321
162 0.058491 0.382075 0.018868 0.009434
163 0.095283 0.383019 0.028302 0.011321
164 0.133019 0.383019 0.016981 0.011321
165 0.155660 0.382075 0.016981 0.009434
166 0.172642 0.383019 0.013208 0.011321
167 0.189623 0.385849 0.013208 0.016981
168 0.221698 0.389623 0.024528 0.024528
169 0.248113 0.390566 0.024528 0.026415
170 0.014151 0.436792 0.024528 0.028302
171 0.045283 0.437736 0.030189 0.030189
172 0.091509 0.435849 0.028302 0.026415
173 0.125472 0.438679 0.028302 0.032075
174 0.159434 0.438679 0.028302 0.032075
175 0.201887 0.439623 0.026415 0.033962
176 0.239623 0.437736 0.037736 0.030189
177 0.289623 0.439623 0.028302 0.033962
178 0.334906 0.438679 0.028302 0.032075
179 0.383962 0.437736 0.035849 0.030189
180 0.024528 0.483019 0.037736 0.015094
