0 0.007547 0.031132 0.003774 0.024528
1 0.015094 0.027358 0.007547 0.016981
2 0.030189 0.029245 0.015094 0.020755
3 0.063208 0.032075 0.016981 0.026415
4 0.095283 0.031132 0.020755 0.024528
5 0.116981 0.031132 0.018868 0.024528
6 0.129245 0.027358 0.001887 0.016981
7 0.134906 0.034906 0.005660 0.032075
8 0.146226 0.034906 0.005660 0.032075
9 0.154717 0.023585 0.007547 0.009434
10 0.026415 0.080189 0.018868 0.020755
11 0.054717 0.083962 0.003774 0.028302
12 0.075472 0.081132 0.011321 0.022642
13 0.086792 0.083962 0.003774 0.028302
14 0.102830 0.082075 0.016981 0.024528
15 0.132075 0.082075 0.015094 0.024528
16 0.146226 0.082075 0.005660 0.024528
17 0.160377 0.082075 0.015094 0.024528
18 0.181132 0.082075 0.015094 0.024528
19 0.213208 0.082075 0.015094 0.024528
20 0.024528 0.129245 0.015094 0.024528
21 0.043396 0.129245 0.015094 0.024528
22 0.075472 0.129245 0.015094 0.024528
23 0.103774 0.129245 0.015094 0.024528
24 0.120755 0.129245 0.015094 0.024528
25 0.133962 0.124528 0.003774 0.015094
26 0.150943 0.126415 0.003774 0.018868
27 0.179245 0.127358 0.018868 0.020755
28 0.201887 0.121698 0.018868 0.009434
29 0.226415 0.127358 0.018868 0.020755
30 0.024528 0.172642 0.015094 0.024528
31 0.060377 0.171698 0.022642 0.022642
32 0.082075 0.172642 0.016981 0.024528
33 0.113208 0.172642 0.015094 0.024528
34 0.144340 0.172642 0.016981 0.024528
35 0.165094 0.172642 0.016981 0.024528
36 0.198113 0.172642 0.015094 0.024528
37 0.216981 0.172642 0.015094 0.024528
38 0.234906 0.172642 0.016981 0.024528
39 0.255660 0.172642 0.016981 0.024528
40 0.004717 0.216038 0.001887 0.024528
41 0.030189 0.216038 0.015094 0.024528
42 0.048113 0.216038 0.016981 0.024528
43 0.069811 0.216038 0.015094 0.024528
44 0.094340 0.216038 0.022642 0.024528
45 0.127358 0.216038 0.016981 0.024528
46 0.161321 0.216038 0.016981 0.024528
47 0.190566 0.216038 0.015094 0.024528
48 0.224528 0.216981 0.018868 0.026415
49 0.258491 0.216038 0.015094 0.024528
50 0.014151 0.261321 0.016981 0.024528
51 0.048113 0.261321 0.016981 0.024528
52 0.066981 0.261321 0.016981 0.024528
53 0.087736 0.261321 0.016981 0.024528
54 0.125472 0.261321 0.024528 0.024528
55 0.163208 0.261321 0.016981 0.024528
56 0.182075 0.261321 0.016981 0.024528
57 0.204717 0.261321 0.016981 0.024528
58 0.221698 0.265094 0.005660 0.032075
59 0.248113 0.261321 0.016981 0.024528
60 0.019811 0.316038 0.005660 0.032075
61 0.049057 0.316981 0.018868 0.033962
62 0.082075 0.315094 0.016981 0.030189
63 0.098113 0.308491 0.003774 0.016981
64 0.110377 0.308491 0.016981 0.016981
65 0.133019 0.312264 0.016981 0.024528
66 0.155660 0.308491 0.016981 0.016981
67 0.178302 0.312264 0.016981 0.024528
68 0.200943 0.308491 0.016981 0.016981
69 0.218868 0.312264 0.007547 0.024528
70 0.021698 0.365094 0.016981 0.024528
71 0.050943 0.365094 0.015094 0.024528
72 0.072642 0.364151 0.001887 0.022642
73 0.079245 0.367925 0.007547 0.030189
74 0.103774 0.365094 0.015094 0.024528
75 0.117925 0.365094 0.001887 0.024528
76 0.135849 0.361321 0.022642 0.016981
77 0.160377 0.361321 0.015094 0.016981
78 0.191509 0.361321 0.016981 0.016981
79 0.221698 0.365094 0.016981 0.024528
80 0.021698 0.414151 0.016981 0.024528
81 0.037736 0.410377 0.011321 0.016981
82 0.068868 0.410377 0.016981 0.016981
83 0.086792 0.414151 0.007547 0.024528
84 0.113208 0.410377 0.015094 0.016981
85 0.132075 0.410377 0.015094 0.016981
86 0.154717 0.410377 0.022642 0.016981
87 0.176415 0.410377 0.016981 0.016981
88 0.208491 0.414151 0.016981 0.024528
89 0.231132 0.410377 0.016981 0.016981
90 0.019811 0.461321 0.009434 0.032075
91 0.042453 0.464151 0.001887 0.037736
92 0.049057 0.461321 0.007547 0.032075
93 0.063208 0.467925 0.016981 0.045283
94 0.083962 0.456604 0.016981 0.022642
95 0.116981 0.456604 0.018868 0.022642
96 0.138679 0.456604 0.016981 0.022642
97 0.170755 0.456604 0.016981 0.022642
98 0.193396 0.456604 0.016981 0.022642
99 0.227358 0.456604 0.020755 0.022642
