0 0.016981 0.032075 0.003774 0.026415
1 0.027358 0.033019 0.009434 0.028302
2 0.044340 0.032075 0.016981 0.026415
3 0.064151 0.035849 0.018868 0.033962
4 0.088679 0.032075 0.026415 0.026415
5 0.113208 0.032075 0.018868 0.026415
6 0.141509 0.033019 0.003774 0.028302
7 0.165094 0.035849 0.009434 0.033962
8 0.189623 0.035849 0.009434 0.033962
9 0.205660 0.024528 0.015094 0.011321
10 0.022642 0.081132 0.018868 0.018868
11 0.035849 0.083019 0.003774 0.022642
12 0.063208 0.083019 0.016981 0.022642
13 0.086792 0.085849 0.003774 0.028302
14 0.106604 0.085849 0.009434 0.028302
15 0.125472 0.084906 0.016981 0.026415
16 0.151887 0.084906 0.009434 0.026415
17 0.169811 0.084906 0.018868 0.026415
18 0.200943 0.084906 0.016981 0.026415
19 0.232075 0.084906 0.018868 0.026415
20 0.013208 0.132075 0.018868 0.026415
21 0.047170 0.132075 0.018868 0.026415
22 0.067925 0.132075 0.015094 0.026415
23 0.099057 0.132075 0.016981 0.026415
24 0.133962 0.132075 0.018868 0.026415
25 0.147170 0.128302 0.003774 0.018868
26 0.155660 0.130189 0.005660 0.022642
27 0.174528 0.127358 0.020755 0.016981
28 0.200000 0.124528 0.022642 0.011321
29 0.227358 0.127358 0.020755 0.016981
30 0.021698 0.178302 0.016981 0.028302
31 0.050000 0.179245 0.028302 0.030189
32 0.088679 0.177358 0.018868 0.026415
33 0.122642 0.177358 0.018868 0.026415
34 0.143396 0.177358 0.018868 0.026415
35 0.166038 0.177358 0.022642 0.026415
36 0.202830 0.177358 0.016981 0.026415
37 0.223585 0.177358 0.016981 0.026415
38 0.248113 0.177358 0.024528 0.026415
39 0.275472 0.177358 0.018868 0.026415
40 0.016038 0.226415 0.001887 0.026415
41 0.030189 0.226415 0.015094 0.026415
42 0.065094 0.226415 0.020755 0.026415
43 0.087736 0.226415 0.016981 0.026415
44 0.113208 0.226415 0.026415 0.026415
45 0.142453 0.226415 0.020755 0.026415
46 0.169811 0.226415 0.026415 0.026415
47 0.210377 0.226415 0.020755 0.026415
48 0.235849 0.226415 0.026415 0.026415
49 0.265094 0.226415 0.020755 0.026415
50 0.024528 0.271698 0.018868 0.026415
51 0.059434 0.271698 0.020755 0.026415
52 0.092453 0.271698 0.018868 0.026415
53 0.116038 0.271698 0.020755 0.026415
54 0.154717 0.272642 0.030189 0.028302
55 0.194340 0.271698 0.022642 0.026415
56 0.218868 0.272642 0.018868 0.028302
57 0.243396 0.271698 0.018868 0.026415
58 0.257547 0.273585 0.005660 0.030189
59 0.271698 0.272642 0.011321 0.028302
60 0.017925 0.322642 0.005660 0.030189
61 0.047170 0.322642 0.018868 0.030189
62 0.069811 0.315094 0.022642 0.015094
63 0.086792 0.321698 0.003774 0.028302
64 0.112264 0.317925 0.016981 0.020755
65 0.145283 0.320755 0.018868 0.026415
66 0.176415 0.316981 0.013208 0.018868
67 0.207547 0.320755 0.018868 0.026415
68 0.228302 0.317925 0.018868 0.020755
69 0.258491 0.320755 0.011321 0.026415
70 0.021698 0.369811 0.016981 0.026415
71 0.043396 0.369811 0.015094 0.026415
72 0.054717 0.369811 0.003774 0.026415
73 0.066038 0.373585 0.011321 0.033962
74 0.085849 0.369811 0.016981 0.026415
75 0.112264 0.369811 0.001887 0.026415
76 0.129245 0.366038 0.024528 0.018868
77 0.150943 0.366038 0.015094 0.018868
78 0.173585 0.366038 0.018868 0.018868
79 0.209434 0.370755 0.018868 0.028302
80 0.013208 0.422642 0.018868 0.026415
81 0.044340 0.418868 0.013208 0.018868
82 0.075472 0.418868 0.015094 0.018868
83 0.090566 0.421698 0.011321 0.024528
84 0.120755 0.418868 0.015094 0.018868
85 0.138679 0.418868 0.016981 0.018868
86 0.160377 0.419811 0.022642 0.020755
87 0.198113 0.418868 0.018868 0.018868
88 0.231132 0.422642 0.016981 0.026415
89 0.250943 0.418868 0.015094 0.018868
90 0.016981 0.470755 0.007547 0.032075
91 0.037736 0.467925 0.003774 0.026415
92 0.047170 0.471698 0.007547 0.033962
93 0.066981 0.471698 0.020755 0.033962
94 0.093396 0.466038 0.020755 0.022642
95 0.118868 0.466038 0.018868 0.022642
96 0.143396 0.466038 0.018868 0.022642
97 0.177358 0.466038 0.018868 0.022642
98 0.213208 0.466038 0.018868 0.022642
99 0.250000 0.466038 0.020755 0.022642
