0 0.004717 0.032075 0.001887 0.026415
1 0.012264 0.033019 0.005660 0.028302
2 0.040566 0.031132 0.016981 0.024528
3 0.065094 0.037736 0.020755 0.037736
4 0.101887 0.033019 0.026415 0.028302
5 0.141509 0.033019 0.022642 0.028302
6 0.168868 0.030189 0.001887 0.022642
7 0.186792 0.037736 0.007547 0.037736
8 0.196226 0.037736 0.007547 0.037736
9 0.224528 0.026415 0.015094 0.015094
10 0.026415 0.086792 0.022642 0.022642
11 0.045283 0.086792 0.003774 0.022642
12 0.056604 0.081132 0.015094 0.011321
13 0.081132 0.080189 0.003774 0.009434
14 0.095283 0.092453 0.013208 0.033962
15 0.128302 0.088679 0.018868 0.026415
16 0.156604 0.088679 0.011321 0.026415
17 0.172642 0.088679 0.016981 0.026415
18 0.195283 0.088679 0.016981 0.026415
19 0.228302 0.088679 0.018868 0.026415
20 0.020755 0.141509 0.015094 0.026415
21 0.050943 0.141509 0.018868 0.026415
22 0.084906 0.141509 0.015094 0.026415
23 0.105660 0.141509 0.018868 0.026415
24 0.141509 0.141509 0.018868 0.026415
25 0.167925 0.137736 0.003774 0.018868
26 0.175472 0.140566 0.003774 0.024528
27 0.190566 0.138679 0.022642 0.020755
28 0.215094 0.133962 0.018868 0.011321
29 0.253774 0.140566 0.024528 0.024528
30 0.009434 0.188679 0.015094 0.030189
31 0.032075 0.187736 0.026415 0.028302
32 0.058491 0.187736 0.022642 0.028302
33 0.092453 0.187736 0.018868 0.028302
34 0.127358 0.187736 0.016981 0.028302
35 0.163208 0.187736 0.020755 0.028302
36 0.198113 0.187736 0.015094 0.028302
37 0.216981 0.187736 0.015094 0.028302
38 0.238679 0.187736 0.016981 0.028302
39 0.258491 0.187736 0.018868 0.028302
40 0.023585 0.236792 0.013208 0.028302
41 0.040566 0.236792 0.013208 0.028302
42 0.068868 0.236792 0.016981 0.028302
43 0.086792 0.236792 0.015094 0.028302
44 0.108491 0.236792 0.024528 0.028302
45 0.132075 0.236792 0.018868 0.028302
46 0.156604 0.236792 0.022642 0.028302
47 0.190566 0.236792 0.018868 0.028302
48 0.223585 0.238679 0.020755 0.032075
49 0.247170 0.236792 0.018868 0.028302
50 0.011321 0.287736 0.018868 0.028302
51 0.048113 0.287736 0.020755 0.028302
52 0.082075 0.287736 0.020755 0.028302
53 0.104717 0.287736 0.020755 0.028302
54 0.146226 0.287736 0.028302 0.028302
55 0.183962 0.287736 0.020755 0.028302
56 0.210377 0.287736 0.020755 0.028302
57 0.243396 0.287736 0.018868 0.028302
58 0.274528 0.292453 0.009434 0.037736
59 0.287736 0.290566 0.013208 0.033962
60 0.016981 0.349057 0.007547 0.037736
61 0.043396 0.347170 0.018868 0.033962
62 0.067925 0.337736 0.026415 0.015094
63 0.097170 0.338679 0.005660 0.016981
64 0.124528 0.341509 0.015094 0.022642
65 0.155660 0.345283 0.016981 0.030189
66 0.184906 0.341509 0.015094 0.022642
67 0.214151 0.345283 0.016981 0.030189
68 0.233019 0.341509 0.016981 0.022642
69 0.252830 0.346226 0.011321 0.032075
70 0.015094 0.402830 0.018868 0.032075
71 0.034906 0.401887 0.016981 0.030189
72 0.050000 0.401887 0.001887 0.030189
73 0.069811 0.405660 0.007547 0.037736
74 0.086792 0.401887 0.015094 0.030189
75 0.100943 0.401887 0.001887 0.030189
76 0.121698 0.398113 0.028302 0.022642
77 0.150000 0.398113 0.016981 0.022642
78 0.172642 0.398113 0.016981 0.022642
79 0.202830 0.401887 0.016981 0.030189
80 0.013208 0.458491 0.018868 0.030189
81 0.031132 0.454717 0.009434 0.022642
82 0.045283 0.454717 0.015094 0.022642
83 0.071698 0.458491 0.011321 0.030189
84 0.100943 0.454717 0.016981 0.022642
85 0.121698 0.454717 0.016981 0.022642
86 0.161321 0.454717 0.028302 0.022642
87 0.196226 0.454717 0.015094 0.022642
88 0.229245 0.458491 0.016981 0.030189
89 0.250943 0.454717 0.015094 0.022642
90 0.006604 0.510377 0.009434 0.035849
91 0.025472 0.508491 0.001887 0.032075
92 0.043396 0.510377 0.007547 0.035849
93 0.073585 0.509434 0.018868 0.033962
94 0.108491 0.503774 0.016981 0.022642
95 0.128302 0.503774 0.015094 0.022642
96 0.162264 0.503774 0.018868 0.022642
97 0.185849 0.503774 0.016981 0.022642
98 0.216038 0.503774 0.016981 0.022642
99 0.250000 0.503774 0.020755 0.022642
