100 0.013208 0.030189 0.015094 0.022642
101 0.033962 0.030189 0.015094 0.022642
102 0.052830 0.030189 0.018868 0.022642
103 0.086792 0.030189 0.018868 0.022642
104 0.112264 0.031132 0.020755 0.024528
105 0.151887 0.030189 0.032075 0.022642
106 0.199057 0.034906 0.032075 0.032075
107 0.231132 0.034906 0.024528 0.032075
108 0.268868 0.034906 0.024528 0.032075
109 0.294340 0.035849 0.022642 0.033962
110 0.016038 0.083019 0.020755 0.022642
111 0.046226 0.083019 0.032075 0.022642
112 0.083962 0.083019 0.032075 0.022642
113 0.122642 0.083019 0.018868 0.022642
114 0.154717 0.083019 0.018868 0.022642
115 0.177358 0.083019 0.018868 0.022642
116 0.200000 0.083019 0.022642 0.022642
117 0.235849 0.083019 0.018868 0.022642
118 0.270755 0.083019 0.020755 0.022642
119 0.294340 0.083019 0.022642 0.022642
120 0.017925 0.128302 0.024528 0.030189
121 0.054717 0.124528 0.022642 0.022642
122 0.092453 0.128302 0.022642 0.030189
123 0.121698 0.124528 0.024528 0.022642
124 0.148113 0.128302 0.024528 0.030189
125 0.185849 0.124528 0.024528 0.022642
126 0.211321 0.124528 0.022642 0.022642
127 0.237736 0.124528 0.018868 0.022642
128 0.268868 0.124528 0.016981 0.022642
129 0.290566 0.129245 0.018868 0.032075
130 0.026415 0.175472 0.018868 0.022642
131 0.065094 0.180189 0.024528 0.032075
132 0.088679 0.175472 0.015094 0.022642
133 0.123585 0.176415 0.024528 0.024528
134 0.150000 0.175472 0.020755 0.022642
135 0.186792 0.176415 0.022642 0.024528
136 0.226415 0.175472 0.022642 0.022642
137 0.255660 0.176415 0.028302 0.024528
138 0.281132 0.175472 0.018868 0.022642
139 0.302830 0.175472 0.020755 0.022642
140 0.021698 0.226415 0.013208 0.022642
141 0.051887 0.225472 0.016981 0.020755
142 0.083019 0.218868 0.015094 0.007547
143 0.113208 0.226415 0.015094 0.022642
144 0.146226 0.232075 0.020755 0.033962
145 0.170755 0.218868 0.016981 0.007547
146 0.192453 0.219811 0.018868 0.009434
147 0.225472 0.218868 0.020755 0.007547
148 0.260377 0.219811 0.018868 0.009434
149 0.284906 0.219811 0.003774 0.009434
150 0.009434 0.272642 0.011321 0.009434
151 0.033962 0.269811 0.003774 0.003774
152 0.059434 0.286792 0.020755 0.037736
153 0.080189 0.279245 0.009434 0.022642
154 0.112264 0.279245 0.020755 0.022642
155 0.147170 0.286792 0.015094 0.037736
156 0.166981 0.286792 0.013208 0.037736
157 0.194340 0.286792 0.011321 0.037736
158 0.213208 0.283962 0.015094 0.032075
159 0.231132 0.283019 0.013208 0.030189
160 0.013208 0.330189 0.015094 0.011321
161 0.039623 0.328302 0.003774 0.007547
162 0.062264 0.328302 0.011321 0.007547
163 0.081132 0.329245 0.015094 0.009434
164 0.107547 0.328302 0.007547 0.007547
165 0.132075 0.329245 0.007547 0.009434
166 0.156604 0.328302 0.007547 0.007547
167 0.179245 0.330189 0.011321 0.011321
168 0.208491 0.334906 0.020755 0.020755
169 0.231132 0.333962 0.020755 0.018868
170 0.012264 0.375472 0.020755 0.022642
171 0.035849 0.375472 0.022642 0.022642
172 0.072642 0.373585 0.020755 0.018868
173 0.107547 0.376415 0.022642 0.024528
174 0.133962 0.375472 0.022642 0.022642
175 0.168868 0.376415 0.016981 0.024528
176 0.195283 0.375472 0.024528 0.022642
177 0.236792 0.375472 0.024528 0.022642
178 0.273585 0.376415 0.022642 0.024528
179 0.300000 0.375472 0.018868 0.022642
180 0.018868 0.416038 0.030189 0.016981
