100 0.020755 0.031132 0.015094 0.024528
101 0.043396 0.031132 0.018868 0.024528
102 0.066981 0.031132 0.020755 0.024528
103 0.100943 0.031132 0.020755 0.024528
104 0.136792 0.031132 0.020755 0.024528
105 0.176415 0.031132 0.032075 0.024528
106 0.225472 0.034906 0.032075 0.032075
107 0.266038 0.035849 0.018868 0.033962
108 0.291509 0.035849 0.020755 0.033962
109 0.313208 0.035849 0.018868 0.033962
110 0.026415 0.083962 0.022642 0.024528
111 0.057547 0.083962 0.032075 0.024528
112 0.105660 0.083962 0.033962 0.024528
113 0.146226 0.083962 0.020755 0.024528
114 0.182075 0.083962 0.020755 0.024528
115 0.203774 0.083962 0.018868 0.024528
116 0.236792 0.083962 0.020755 0.024528
117 0.271698 0.083962 0.018868 0.024528
118 0.298113 0.083962 0.022642 0.024528
119 0.336792 0.083962 0.020755 0.024528
120 0.013208 0.132075 0.018868 0.033962
121 0.035849 0.127358 0.022642 0.024528
122 0.062264 0.133019 0.022642 0.035849
123 0.089623 0.127358 0.024528 0.024528
124 0.129245 0.133019 0.024528 0.035849
125 0.168868 0.127358 0.020755 0.024528
126 0.195283 0.127358 0.020755 0.024528
127 0.216981 0.127358 0.018868 0.024528
128 0.239623 0.127358 0.015094 0.024528
129 0.258491 0.132075 0.018868 0.033962
130 0.024528 0.182075 0.018868 0.024528
131 0.047170 0.186792 0.018868 0.033962
132 0.068868 0.182075 0.016981 0.024528
133 0.104717 0.183019 0.020755 0.026415
134 0.130189 0.182075 0.022642 0.024528
135 0.167925 0.183019 0.018868 0.026415
136 0.205660 0.182075 0.022642 0.024528
137 0.233019 0.185849 0.024528 0.032075
138 0.269811 0.182075 0.018868 0.024528
139 0.301887 0.183019 0.018868 0.026415
140 0.011321 0.237736 0.018868 0.030189
141 0.026415 0.233962 0.007547 0.022642
142 0.041509 0.226415 0.015094 0.007547
143 0.060377 0.234906 0.011321 0.024528
144 0.078302 0.240566 0.020755 0.035849
145 0.111321 0.224528 0.015094 0.003774
146 0.132075 0.226415 0.015094 0.007547
147 0.164151 0.226415 0.015094 0.007547
148 0.181132 0.225472 0.015094 0.005660
149 0.194340 0.227358 0.007547 0.009434
150 0.023585 0.281132 0.013208 0.007547
151 0.046226 0.280189 0.005660 0.005660
152 0.074528 0.296226 0.016981 0.037736
153 0.102830 0.289623 0.009434 0.024528
154 0.120755 0.289623 0.018868 0.024528
155 0.140566 0.296226 0.016981 0.037736
156 0.162264 0.296226 0.018868 0.037736
157 0.182075 0.296226 0.016981 0.037736
158 0.211321 0.292453 0.011321 0.030189
159 0.229245 0.292453 0.020755 0.030189
160 0.013208 0.338679 0.015094 0.009434
161 0.028302 0.336792 0.003774 0.005660
162 0.038679 0.336792 0.013208 0.005660
163 0.068868 0.336792 0.013208 0.005660
164 0.083019 0.336792 0.007547 0.005660
165 0.105660 0.336792 0.011321 0.005660
166 0.131132 0.337736 0.005660 0.007547
167 0.158491 0.340566 0.018868 0.013208
168 0.194340 0.346226 0.022642 0.024528
169 0.230189 0.346226 0.018868 0.024528
170 0.022642 0.389623 0.011321 0.024528
171 0.041509 0.389623 0.018868 0.024528
172 0.062264 0.389623 0.018868 0.024528
173 0.097170 0.389623 0.020755 0.024528
174 0.130189 0.389623 0.018868 0.024528
175 0.162264 0.389623 0.018868 0.024528
176 0.195283 0.389623 0.016981 0.024528
177 0.218868 0.389623 0.018868 0.024528
178 0.239623 0.389623 0.018868 0.024528
179 0.266038 0.392453 0.026415 0.030189
180 0.051887 0.435849 0.069811 0.018868
