100 0.018868 0.031132 0.003774 0.024528
101 0.026415 0.031132 0.007547 0.024528
102 0.041509 0.030189 0.011321 0.022642
103 0.055660 0.031132 0.009434 0.024528
104 0.081132 0.031132 0.011321 0.024528
105 0.110377 0.031132 0.020755 0.024528
106 0.146226 0.034906 0.020755 0.032075
107 0.178302 0.035849 0.013208 0.033962
108 0.206604 0.035849 0.013208 0.033962
109 0.220755 0.036792 0.011321 0.035849
110 0.009434 0.083962 0.015094 0.020755
111 0.043396 0.085849 0.018868 0.024528
112 0.068868 0.085849 0.024528 0.024528
113 0.100000 0.083962 0.011321 0.020755
114 0.113208 0.084906 0.011321 0.022642
115 0.142453 0.085849 0.013208 0.024528
116 0.157547 0.083962 0.009434 0.020755
117 0.182075 0.085849 0.009434 0.024528
118 0.210377 0.083962 0.013208 0.020755
119 0.237736 0.085849 0.011321 0.024528
120 0.017925 0.135849 0.009434 0.037736
121 0.032075 0.128302 0.011321 0.022642
122 0.045283 0.133962 0.011321 0.033962
123 0.063208 0.128302 0.013208 0.022642
124 0.090566 0.128302 0.011321 0.022642
125 0.119811 0.129245 0.013208 0.024528
126 0.147170 0.129245 0.011321 0.024528
127 0.161321 0.129245 0.009434 0.024528
128 0.176415 0.128302 0.009434 0.022642
129 0.189623 0.129245 0.013208 0.024528
130 0.008491 0.184906 0.009434 0.022642
131 0.034906 0.185849 0.013208 0.024528
132 0.058491 0.185849 0.007547 0.024528
133 0.084906 0.185849 0.011321 0.024528
134 0.109434 0.185849 0.011321 0.024528
135 0.133019 0.184906 0.009434 0.022642
136 0.156604 0.183962 0.011321 0.020755
137 0.172642 0.188679 0.013208 0.030189
138 0.187736 0.185849 0.009434 0.024528
139 0.203774 0.186792 0.011321 0.026415
140 0.009434 0.225472 0.007547 0.005660
141 0.016981 0.233019 0.003774 0.020755
142 0.025472 0.225472 0.005660 0.005660
143 0.049057 0.234906 0.007547 0.024528
144 0.080189 0.240566 0.020755 0.035849
145 0.100943 0.225472 0.016981 0.005660
146 0.133019 0.225472 0.016981 0.005660
147 0.167925 0.227358 0.018868 0.009434
148 0.199057 0.226415 0.016981 0.007547
149 0.221698 0.225472 0.001887 0.005660
150 0.016981 0.279245 0.003774 0.003774
151 0.036792 0.280189 0.005660 0.005660
152 0.062264 0.289623 0.015094 0.024528
153 0.088679 0.281132 0.003774 0.007547
154 0.108491 0.289623 0.009434 0.024528
155 0.136792 0.297170 0.013208 0.039623
156 0.167925 0.298113 0.015094 0.041509
157 0.183019 0.297170 0.007547 0.039623
158 0.192453 0.293396 0.007547 0.032075
159 0.215094 0.289623 0.011321 0.024528
160 0.021698 0.339623 0.009434 0.003774
161 0.043396 0.337736 0.000000 0.000000
162 0.046226 0.339623 0.001887 0.003774
163 0.064151 0.339623 0.007547 0.003774
164 0.089623 0.338679 0.009434 0.001887
165 0.113208 0.338679 0.003774 0.001887
166 0.131132 0.341509 0.005660 0.007547
167 0.152830 0.340566 0.003774 0.005660
168 0.181132 0.347170 0.018868 0.018868
169 0.211321 0.343396 0.015094 0.011321
170 0.023585 0.382075 0.013208 0.013208
171 0.056604 0.385849 0.018868 0.020755
172 0.078302 0.383019 0.016981 0.015094
173 0.110377 0.383962 0.016981 0.016981
174 0.129245 0.388679 0.016981 0.026415
175 0.147170 0.384906 0.015094 0.018868
176 0.167925 0.385849 0.018868 0.020755
177 0.192453 0.383962 0.018868 0.016981
178 0.224528 0.384906 0.018868 0.018868
179 0.256604 0.387736 0.011321 0.024528
180 0.028302 0.426415 0.026415 0.011321
