0 0.015094 0.034906 0.003774 0.032075
1 0.028302 0.038679 0.011321 0.039623
2 0.054717 0.033962 0.030189 0.030189
3 0.093396 0.038679 0.020755 0.039623
4 0.122642 0.033962 0.026415 0.030189
5 0.150000 0.033962 0.020755 0.030189
6 0.179245 0.033019 0.003774 0.028302
7 0.188679 0.037736 0.011321 0.037736
8 0.203774 0.037736 0.011321 0.037736
9 0.218868 0.026415 0.015094 0.015094
10 0.022642 0.084906 0.015094 0.015094
11 0.050000 0.088679 0.005660 0.022642
12 0.073585 0.088679 0.011321 0.022642
13 0.096226 0.091509 0.003774 0.028302
14 0.122642 0.093396 0.015094 0.032075
15 0.145283 0.091509 0.018868 0.028302
16 0.162264 0.091509 0.011321 0.028302
17 0.189623 0.091509 0.016981 0.028302
18 0.210377 0.092453 0.016981 0.030189
19 0.243396 0.091509 0.018868 0.028302
20 0.013208 0.143396 0.018868 0.030189
21 0.037736 0.143396 0.018868 0.030189
22 0.063208 0.143396 0.020755 0.030189
23 0.096226 0.143396 0.018868 0.030189
24 0.120755 0.143396 0.018868 0.030189
25 0.137736 0.137736 0.003774 0.018868
26 0.146226 0.140566 0.005660 0.024528
27 0.156604 0.135849 0.011321 0.015094
28 0.172642 0.134906 0.013208 0.013208
29 0.188679 0.136792 0.011321 0.016981
30 0.009434 0.192453 0.015094 0.030189
31 0.037736 0.193396 0.030189 0.032075
32 0.076415 0.191509 0.020755 0.028302
33 0.098113 0.191509 0.018868 0.028302
34 0.123585 0.191509 0.020755 0.028302
35 0.161321 0.192453 0.020755 0.030189
36 0.199057 0.193396 0.020755 0.032075
37 0.235849 0.192453 0.018868 0.030189
38 0.260377 0.192453 0.022642 0.030189
39 0.288679 0.192453 0.022642 0.030189
40 0.012264 0.242453 0.016981 0.028302
41 0.046226 0.243396 0.020755 0.030189
42 0.069811 0.243396 0.018868 0.030189
43 0.103774 0.243396 0.018868 0.030189
44 0.143396 0.243396 0.030189 0.030189
45 0.175472 0.243396 0.026415 0.030189
46 0.205660 0.243396 0.026415 0.030189
47 0.244340 0.243396 0.016981 0.030189
48 0.284906 0.246226 0.030189 0.035849
49 0.312264 0.242453 0.020755 0.028302
50 0.027358 0.297170 0.020755 0.028302
51 0.066981 0.297170 0.024528 0.028302
52 0.107547 0.298113 0.022642 0.030189
53 0.146226 0.298113 0.020755 0.030189
54 0.175472 0.298113 0.033962 0.030189
55 0.208491 0.298113 0.024528 0.030189
56 0.246226 0.298113 0.020755 0.030189
57 0.271698 0.298113 0.022642 0.030189
58 0.291509 0.300943 0.009434 0.035849
59 0.305660 0.298113 0.015094 0.030189
60 0.017925 0.355660 0.009434 0.035849
61 0.047170 0.347170 0.015094 0.018868
62 0.070755 0.352830 0.024528 0.030189
63 0.091509 0.349057 0.005660 0.022642
64 0.106604 0.348113 0.016981 0.020755
65 0.125472 0.353774 0.016981 0.032075
66 0.156604 0.348113 0.015094 0.020755
67 0.177358 0.352830 0.018868 0.030189
68 0.208491 0.348113 0.016981 0.020755
69 0.237736 0.354717 0.015094 0.033962
70 0.023585 0.407547 0.016981 0.030189
71 0.041509 0.408491 0.015094 0.032075
72 0.067925 0.406604 0.003774 0.028302
73 0.081132 0.412264 0.011321 0.039623
74 0.098113 0.407547 0.015094 0.030189
75 0.120755 0.407547 0.003774 0.030189
76 0.137736 0.403774 0.026415 0.022642
77 0.174528 0.403774 0.016981 0.022642
78 0.207547 0.402830 0.015094 0.020755
79 0.225472 0.408491 0.016981 0.032075
80 0.013208 0.465094 0.015094 0.028302
81 0.032075 0.461321 0.015094 0.020755
82 0.062264 0.462264 0.015094 0.022642
83 0.092453 0.465094 0.015094 0.028302
84 0.122642 0.462264 0.015094 0.022642
85 0.143396 0.460377 0.015094 0.018868
86 0.164151 0.461321 0.022642 0.020755
87 0.198113 0.461321 0.018868 0.020755
88 0.233962 0.466038 0.018868 0.030189
89 0.252830 0.461321 0.015094 0.020755
90 0.018868 0.518868 0.011321 0.037736
91 0.040566 0.519811 0.001887 0.039623
92 0.051887 0.518868 0.013208 0.037736
93 0.069811 0.522642 0.018868 0.045283
94 0.096226 0.511321 0.022642 0.022642
95 0.132075 0.511321 0.022642 0.022642
96 0.163208 0.510377 0.032075 0.020755
97 0.205660 0.511321 0.026415 0.022642
98 0.237736 0.511321 0.026415 0.022642
99 0.272642 0.511321 0.032075 0.022642
