100 0.010377 0.030189 0.009434 0.022642
101 0.037736 0.030189 0.015094 0.022642
102 0.070755 0.030189 0.016981 0.022642
103 0.091509 0.031132 0.016981 0.024528
104 0.113208 0.031132 0.018868 0.024528
105 0.152830 0.030189 0.026415 0.022642
106 0.194340 0.034906 0.026415 0.032075
107 0.218868 0.036792 0.018868 0.035849
108 0.252830 0.035849 0.018868 0.033962
109 0.284906 0.036792 0.018868 0.035849
110 0.012264 0.084906 0.020755 0.022642
111 0.048113 0.084906 0.024528 0.022642
112 0.086792 0.084906 0.026415 0.022642
113 0.113208 0.084906 0.015094 0.022642
114 0.131132 0.084906 0.016981 0.022642
115 0.150000 0.084906 0.016981 0.022642
116 0.185849 0.083962 0.020755 0.020755
117 0.218868 0.084906 0.015094 0.022642
118 0.253774 0.084906 0.020755 0.022642
119 0.275472 0.084906 0.018868 0.022642
120 0.011321 0.131132 0.018868 0.032075
121 0.033962 0.126415 0.015094 0.022642
122 0.054717 0.131132 0.015094 0.032075
123 0.074528 0.126415 0.020755 0.022642
124 0.108491 0.131132 0.020755 0.032075
125 0.141509 0.126415 0.018868 0.022642
126 0.172642 0.126415 0.016981 0.022642
127 0.190566 0.126415 0.015094 0.022642
128 0.217925 0.126415 0.013208 0.022642
129 0.248113 0.132075 0.016981 0.033962
130 0.010377 0.179245 0.016981 0.022642
131 0.045283 0.184906 0.018868 0.033962
132 0.078302 0.179245 0.013208 0.022642
133 0.106604 0.179245 0.016981 0.022642
134 0.132075 0.179245 0.022642 0.022642
135 0.165094 0.179245 0.016981 0.022642
136 0.197170 0.179245 0.020755 0.022642
137 0.221698 0.182075 0.020755 0.028302
138 0.241509 0.179245 0.015094 0.022642
139 0.260377 0.179245 0.015094 0.022642
140 0.019811 0.232075 0.013208 0.022642
141 0.036792 0.231132 0.013208 0.020755
142 0.065094 0.224528 0.013208 0.007547
143 0.094340 0.232075 0.015094 0.022642
144 0.119811 0.237736 0.024528 0.033962
145 0.152830 0.224528 0.015094 0.007547
146 0.184906 0.225472 0.015094 0.009434
147 0.201887 0.226415 0.015094 0.011321
148 0.218868 0.225472 0.015094 0.009434
149 0.244340 0.223585 0.005660 0.005660
150 0.021698 0.279245 0.009434 0.011321
151 0.043396 0.276415 0.003774 0.005660
152 0.055660 0.287736 0.013208 0.028302
153 0.078302 0.283962 0.005660 0.020755
154 0.092453 0.283962 0.015094 0.020755
155 0.111321 0.291509 0.015094 0.035849
156 0.143396 0.291509 0.015094 0.035849
157 0.160377 0.291509 0.015094 0.035849
158 0.190566 0.289623 0.015094 0.032075
159 0.208491 0.289623 0.016981 0.032075
160 0.008491 0.333962 0.013208 0.011321
161 0.031132 0.333019 0.001887 0.009434
162 0.042453 0.333962 0.013208 0.011321
163 0.071698 0.333962 0.015094 0.011321
164 0.100943 0.333019 0.009434 0.009434
165 0.123585 0.333019 0.009434 0.009434
166 0.133962 0.332075 0.007547 0.007547
167 0.159434 0.336792 0.013208 0.016981
168 0.191509 0.336792 0.016981 0.016981
169 0.225472 0.335849 0.016981 0.015094
170 0.010377 0.373585 0.016981 0.018868
171 0.040566 0.371698 0.016981 0.015094
172 0.072642 0.371698 0.016981 0.015094
173 0.095283 0.373585 0.020755 0.018868
174 0.117925 0.374528 0.020755 0.020755
175 0.140566 0.373585 0.016981 0.018868
176 0.174528 0.374528 0.020755 0.020755
177 0.210377 0.373585 0.020755 0.018868
178 0.235849 0.371698 0.022642 0.015094
179 0.263208 0.375472 0.020755 0.022642
180 0.022642 0.415094 0.041509 0.018868
