0 0.016038 0.033962 0.005660 0.030189
1 0.025472 0.038679 0.009434 0.039623
2 0.049057 0.033962 0.026415 0.030189
3 0.076415 0.039623 0.024528 0.041509
4 0.119811 0.033962 0.035849 0.030189
5 0.156604 0.033962 0.033962 0.030189
6 0.194340 0.038679 0.007547 0.039623
7 0.218868 0.036792 0.015094 0.035849
8 0.249057 0.035849 0.015094 0.033962
9 0.269811 0.027358 0.015094 0.016981
10 0.028302 0.089623 0.022642 0.020755
11 0.045283 0.099057 0.007547 0.039623
12 0.067925 0.090566 0.011321 0.022642
13 0.089623 0.093396 0.005660 0.028302
14 0.101887 0.097170 0.015094 0.035849
15 0.138679 0.094340 0.024528 0.030189
16 0.164151 0.094340 0.015094 0.030189
17 0.187736 0.094340 0.024528 0.030189
18 0.213208 0.095283 0.022642 0.032075
19 0.250943 0.094340 0.022642 0.030189
20 0.028302 0.153774 0.022642 0.032075
21 0.066038 0.153774 0.022642 0.032075
22 0.092453 0.152830 0.022642 0.030189
23 0.128302 0.153774 0.022642 0.032075
24 0.164151 0.152830 0.022642 0.030189
25 0.195283 0.147170 0.005660 0.018868
26 0.205660 0.151887 0.007547 0.028302
27 0.223585 0.147170 0.020755 0.018868
28 0.249057 0.143396 0.022642 0.011321
29 0.286792 0.149057 0.022642 0.022642
30 0.012264 0.203774 0.020755 0.030189
31 0.043396 0.203774 0.030189 0.030189
32 0.092453 0.203774 0.033962 0.030189
33 0.125472 0.203774 0.028302 0.030189
34 0.168868 0.203774 0.024528 0.030189
35 0.209434 0.203774 0.030189 0.030189
36 0.254717 0.203774 0.026415 0.030189
37 0.283019 0.203774 0.026415 0.030189
38 0.325472 0.203774 0.028302 0.030189
39 0.359434 0.203774 0.032075 0.030189
40 0.011321 0.252830 0.015094 0.030189
41 0.047170 0.253774 0.026415 0.032075
42 0.081132 0.252830 0.033962 0.030189
43 0.116038 0.252830 0.024528 0.030189
44 0.161321 0.252830 0.039623 0.030189
45 0.214151 0.252830 0.032075 0.030189
46 0.258491 0.253774 0.026415 0.032075
47 0.290566 0.252830 0.026415 0.030189
48 0.320755 0.257547 0.026415 0.039623
49 0.366038 0.252830 0.030189 0.030189
50 0.015094 0.312264 0.022642 0.032075
51 0.052830 0.311321 0.026415 0.030189
52 0.095283 0.312264 0.032075 0.032075
53 0.139623 0.311321 0.030189 0.030189
54 0.189623 0.311321 0.039623 0.030189
55 0.243396 0.311321 0.033962 0.030189
56 0.289623 0.311321 0.032075 0.030189
57 0.321698 0.310377 0.024528 0.028302
58 0.343396 0.314151 0.007547 0.035849
59 0.370755 0.311321 0.013208 0.030189
60 0.007547 0.368868 0.007547 0.035849
61 0.026415 0.367925 0.018868 0.033962
62 0.049057 0.366038 0.018868 0.030189
63 0.074528 0.370755 0.005660 0.039623
64 0.106604 0.362264 0.024528 0.022642
65 0.136792 0.366038 0.024528 0.030189
66 0.175472 0.362264 0.018868 0.022642
67 0.209434 0.366038 0.022642 0.030189
68 0.245283 0.362264 0.018868 0.022642
69 0.278302 0.366038 0.016981 0.030189
70 0.026415 0.426415 0.022642 0.033962
71 0.066038 0.424528 0.026415 0.030189
72 0.086792 0.424528 0.011321 0.030189
73 0.102830 0.429245 0.013208 0.039623
74 0.128302 0.424528 0.026415 0.030189
75 0.150000 0.424528 0.013208 0.030189
76 0.191509 0.420755 0.039623 0.022642
77 0.227358 0.420755 0.028302 0.022642
78 0.265094 0.421698 0.020755 0.024528
79 0.304717 0.424528 0.024528 0.030189
80 0.024528 0.483019 0.022642 0.030189
81 0.061321 0.479245 0.020755 0.022642
82 0.096226 0.479245 0.018868 0.022642
83 0.119811 0.482075 0.016981 0.028302
84 0.156604 0.479245 0.026415 0.022642
85 0.198113 0.479245 0.026415 0.022642
86 0.246226 0.479245 0.035849 0.022642
87 0.290566 0.479245 0.026415 0.022642
88 0.319811 0.483019 0.028302 0.030189
89 0.361321 0.479245 0.020755 0.022642
90 0.010377 0.534906 0.009434 0.035849
91 0.033019 0.532075 0.001887 0.030189
92 0.054717 0.534906 0.007547 0.035849
93 0.070755 0.533962 0.020755 0.033962
94 0.108491 0.530189 0.024528 0.026415
95 0.134906 0.530189 0.024528 0.026415
96 0.165094 0.530189 0.024528 0.026415
97 0.192453 0.530189 0.022642 0.026415
98 0.231132 0.530189 0.024528 0.026415
99 0.257547 0.530189 0.024528 0.026415
