100 0.018868 0.030189 0.011321 0.022642
101 0.046226 0.030189 0.016981 0.022642
102 0.078302 0.030189 0.020755 0.022642
103 0.113208 0.031132 0.018868 0.024528
104 0.133962 0.031132 0.018868 0.024528
105 0.171698 0.030189 0.026415 0.022642
106 0.203774 0.034906 0.026415 0.032075
107 0.244340 0.034906 0.020755 0.032075
108 0.282075 0.034906 0.020755 0.032075
109 0.313208 0.034906 0.015094 0.032075
110 0.015094 0.081132 0.022642 0.022642
111 0.057547 0.081132 0.028302 0.022642
112 0.092453 0.081132 0.030189 0.022642
113 0.131132 0.081132 0.016981 0.022642
114 0.150000 0.081132 0.016981 0.022642
115 0.172642 0.081132 0.016981 0.022642
116 0.204717 0.081132 0.020755 0.022642
117 0.228302 0.081132 0.015094 0.022642
118 0.250000 0.081132 0.020755 0.022642
119 0.273585 0.081132 0.018868 0.022642
120 0.026415 0.127358 0.018868 0.032075
121 0.048113 0.122642 0.016981 0.022642
122 0.070755 0.127358 0.016981 0.032075
123 0.106604 0.122642 0.020755 0.022642
124 0.131132 0.127358 0.020755 0.032075
125 0.157547 0.122642 0.020755 0.022642
126 0.181132 0.122642 0.018868 0.022642
127 0.202830 0.122642 0.016981 0.022642
128 0.219811 0.122642 0.013208 0.022642
129 0.251887 0.127358 0.016981 0.032075
130 0.010377 0.173585 0.016981 0.022642
131 0.042453 0.178302 0.020755 0.032075
132 0.064151 0.173585 0.015094 0.022642
133 0.086792 0.175472 0.018868 0.026415
134 0.111321 0.173585 0.018868 0.022642
135 0.146226 0.173585 0.016981 0.022642
136 0.178302 0.173585 0.020755 0.022642
137 0.204717 0.173585 0.024528 0.022642
138 0.238679 0.173585 0.016981 0.022642
139 0.257547 0.174528 0.016981 0.024528
140 0.021698 0.224528 0.013208 0.022642
141 0.036792 0.223585 0.013208 0.020755
142 0.067925 0.216038 0.015094 0.005660
143 0.084906 0.224528 0.015094 0.022642
144 0.120755 0.229245 0.026415 0.032075
145 0.145283 0.216038 0.015094 0.005660
146 0.175472 0.216038 0.015094 0.005660
147 0.204717 0.216981 0.016981 0.007547
148 0.226415 0.216981 0.015094 0.007547
149 0.238679 0.216038 0.005660 0.005660
150 0.006604 0.269811 0.009434 0.011321
151 0.014151 0.266038 0.001887 0.003774
152 0.026415 0.278302 0.015094 0.028302
153 0.054717 0.275472 0.007547 0.022642
154 0.067925 0.275472 0.015094 0.022642
155 0.086792 0.281132 0.015094 0.033962
156 0.118868 0.281132 0.015094 0.033962
157 0.139623 0.281132 0.015094 0.033962
158 0.158491 0.280189 0.015094 0.032075
159 0.186792 0.280189 0.015094 0.032075
160 0.011321 0.320755 0.011321 0.007547
161 0.020755 0.316981 0.000000 0.000000
162 0.032075 0.320755 0.011321 0.007547
163 0.050000 0.319811 0.013208 0.005660
164 0.073585 0.317925 0.007547 0.001887
165 0.084906 0.321698 0.007547 0.009434
166 0.108491 0.319811 0.005660 0.005660
167 0.129245 0.321698 0.009434 0.009434
168 0.154717 0.324528 0.015094 0.015094
169 0.185849 0.325472 0.016981 0.016981
170 0.010377 0.362264 0.016981 0.018868
171 0.034906 0.362264 0.020755 0.018868
172 0.057547 0.361321 0.020755 0.016981
173 0.094340 0.361321 0.018868 0.016981
174 0.115094 0.363208 0.018868 0.020755
175 0.150943 0.362264 0.018868 0.018868
176 0.177358 0.362264 0.022642 0.018868
177 0.203774 0.361321 0.018868 0.016981
178 0.238679 0.361321 0.020755 0.016981
179 0.261321 0.364151 0.020755 0.022642
180 0.020755 0.401887 0.033962 0.015094
