100 0.010377 0.031132 0.016981 0.024528
101 0.043396 0.030189 0.018868 0.022642
102 0.078302 0.030189 0.020755 0.022642
103 0.101887 0.031132 0.018868 0.024528
104 0.134906 0.031132 0.020755 0.024528
105 0.175472 0.030189 0.030189 0.022642
106 0.222642 0.035849 0.030189 0.033962
107 0.254717 0.035849 0.022642 0.033962
108 0.290566 0.036792 0.022642 0.035849
109 0.316038 0.035849 0.016981 0.033962
110 0.015094 0.084906 0.022642 0.022642
111 0.043396 0.084906 0.030189 0.022642
112 0.080189 0.084906 0.032075 0.022642
113 0.122642 0.085849 0.018868 0.024528
114 0.154717 0.084906 0.018868 0.022642
115 0.188679 0.085849 0.018868 0.024528
116 0.222642 0.084906 0.022642 0.022642
117 0.245283 0.084906 0.018868 0.022642
118 0.283019 0.084906 0.022642 0.022642
119 0.307547 0.084906 0.022642 0.022642
120 0.015094 0.132075 0.022642 0.030189
121 0.039623 0.128302 0.018868 0.022642
122 0.060377 0.132075 0.018868 0.030189
123 0.097170 0.128302 0.024528 0.022642
124 0.125472 0.132075 0.024528 0.030189
125 0.150943 0.129245 0.022642 0.024528
126 0.173585 0.128302 0.018868 0.022642
127 0.194340 0.128302 0.018868 0.022642
128 0.229245 0.128302 0.016981 0.022642
129 0.260377 0.133962 0.018868 0.033962
130 0.015094 0.181132 0.018868 0.022642
131 0.052830 0.186792 0.022642 0.033962
132 0.074528 0.181132 0.016981 0.022642
133 0.105660 0.182075 0.018868 0.024528
134 0.143396 0.181132 0.022642 0.022642
135 0.182075 0.182075 0.020755 0.024528
136 0.221698 0.181132 0.024528 0.022642
137 0.252830 0.182075 0.030189 0.024528
138 0.281132 0.181132 0.018868 0.022642
139 0.303774 0.181132 0.018868 0.022642
140 0.021698 0.233962 0.013208 0.022642
141 0.038679 0.233019 0.013208 0.020755
142 0.054717 0.226415 0.015094 0.007547
143 0.071698 0.234906 0.015094 0.024528
144 0.093396 0.239623 0.024528 0.033962
145 0.116038 0.227358 0.016981 0.009434
146 0.134906 0.227358 0.016981 0.009434
147 0.166038 0.228302 0.018868 0.011321
148 0.185849 0.227358 0.016981 0.009434
149 0.199057 0.227358 0.005660 0.009434
150 0.018868 0.280189 0.011321 0.009434
151 0.041509 0.277358 0.003774 0.003774
152 0.056604 0.294340 0.018868 0.037736
153 0.072642 0.286792 0.009434 0.022642
154 0.089623 0.286792 0.020755 0.022642
155 0.110377 0.294340 0.013208 0.037736
156 0.130189 0.295283 0.015094 0.039623
157 0.149057 0.294340 0.015094 0.037736
158 0.169811 0.292453 0.015094 0.033962
159 0.199057 0.291509 0.013208 0.032075
160 0.010377 0.341509 0.016981 0.015094
161 0.033019 0.337736 0.001887 0.007547
162 0.046226 0.337736 0.013208 0.007547
163 0.062264 0.339623 0.015094 0.011321
164 0.089623 0.338679 0.009434 0.009434
165 0.111321 0.339623 0.007547 0.011321
166 0.119811 0.337736 0.005660 0.007547
167 0.140566 0.339623 0.009434 0.011321
168 0.171698 0.346226 0.022642 0.024528
169 0.196226 0.343396 0.018868 0.018868
170 0.013208 0.388679 0.018868 0.022642
171 0.048113 0.389623 0.024528 0.024528
172 0.087736 0.386792 0.020755 0.018868
173 0.110377 0.388679 0.020755 0.022642
174 0.134906 0.388679 0.020755 0.022642
175 0.156604 0.389623 0.018868 0.024528
176 0.195283 0.388679 0.024528 0.022642
177 0.234906 0.389623 0.020755 0.024528
178 0.261321 0.388679 0.020755 0.022642
179 0.295283 0.388679 0.020755 0.022642
180 0.016981 0.429245 0.030189 0.016981
