100 0.010377 0.030189 0.016981 0.022642
101 0.033019 0.030189 0.020755 0.022642
102 0.068868 0.030189 0.024528 0.022642
103 0.095283 0.031132 0.020755 0.024528
104 0.122642 0.031132 0.022642 0.024528
105 0.151887 0.030189 0.032075 0.022642
106 0.190566 0.034906 0.033962 0.032075
107 0.222642 0.035849 0.022642 0.033962
108 0.262264 0.035849 0.022642 0.033962
109 0.289623 0.036792 0.020755 0.035849
110 0.030189 0.084906 0.026415 0.022642
111 0.077358 0.084906 0.033962 0.022642
112 0.126415 0.084906 0.037736 0.022642
113 0.159434 0.085849 0.024528 0.024528
114 0.185849 0.084906 0.020755 0.022642
115 0.219811 0.084906 0.020755 0.022642
116 0.248113 0.084906 0.024528 0.022642
117 0.285849 0.084906 0.020755 0.022642
118 0.324528 0.084906 0.026415 0.022642
119 0.366981 0.084906 0.024528 0.022642
120 0.029245 0.132075 0.024528 0.030189
121 0.053774 0.128302 0.020755 0.022642
122 0.080189 0.132075 0.020755 0.030189
123 0.106604 0.128302 0.028302 0.022642
124 0.138679 0.132075 0.028302 0.030189
125 0.169811 0.128302 0.022642 0.022642
126 0.198113 0.128302 0.022642 0.022642
127 0.221698 0.128302 0.020755 0.022642
128 0.246226 0.128302 0.020755 0.022642
129 0.268868 0.133019 0.020755 0.032075
130 0.012264 0.179245 0.020755 0.022642
131 0.037736 0.183962 0.022642 0.032075
132 0.073585 0.179245 0.018868 0.022642
133 0.100000 0.180189 0.022642 0.024528
134 0.141509 0.179245 0.030189 0.022642
135 0.174528 0.181132 0.024528 0.026415
136 0.216038 0.179245 0.024528 0.022642
137 0.257547 0.181132 0.032075 0.026415
138 0.285849 0.179245 0.020755 0.022642
139 0.311321 0.180189 0.022642 0.024528
140 0.027358 0.229245 0.020755 0.020755
141 0.063208 0.230189 0.016981 0.022642
142 0.085849 0.222642 0.020755 0.007547
143 0.121698 0.230189 0.016981 0.022642
144 0.150943 0.235849 0.030189 0.033962
145 0.177358 0.221698 0.018868 0.005660
146 0.213208 0.224528 0.018868 0.011321
147 0.245283 0.223585 0.018868 0.009434
148 0.279245 0.224528 0.018868 0.011321
149 0.308491 0.224528 0.009434 0.011321
150 0.021698 0.277358 0.016981 0.011321
151 0.037736 0.273585 0.003774 0.003774
152 0.054717 0.289623 0.022642 0.035849
153 0.083962 0.283019 0.009434 0.022642
154 0.102830 0.283019 0.020755 0.022642
155 0.124528 0.293396 0.018868 0.043396
156 0.146226 0.293396 0.016981 0.043396
157 0.178302 0.292453 0.020755 0.041509
158 0.210377 0.287736 0.016981 0.032075
159 0.243396 0.275472 0.018868 0.007547
160 0.015094 0.340566 0.018868 0.013208
161 0.031132 0.337736 0.001887 0.007547
162 0.054717 0.338679 0.015094 0.009434
163 0.072642 0.338679 0.016981 0.009434
164 0.089623 0.338679 0.009434 0.009434
165 0.112264 0.338679 0.009434 0.009434
166 0.124528 0.336792 0.007547 0.005660
167 0.137736 0.340566 0.007547 0.013208
168 0.154717 0.343396 0.018868 0.018868
169 0.190566 0.342453 0.022642 0.016981
170 0.012264 0.381132 0.020755 0.018868
171 0.050000 0.384906 0.028302 0.026415
172 0.080189 0.380189 0.024528 0.016981
173 0.109434 0.383962 0.026415 0.024528
174 0.152830 0.383962 0.026415 0.024528
175 0.180189 0.383962 0.020755 0.024528
176 0.221698 0.383962 0.032075 0.024528
177 0.254717 0.383962 0.026415 0.024528
178 0.299057 0.383962 0.032075 0.024528
179 0.331132 0.383019 0.028302 0.022642
180 0.026415 0.427358 0.041509 0.020755
