0 0.006604 0.032075 0.005660 0.026415
1 0.016038 0.035849 0.009434 0.033962
2 0.048113 0.031132 0.020755 0.024528
3 0.075472 0.032075 0.022642 0.026415
4 0.114151 0.032075 0.024528 0.026415
5 0.153774 0.032075 0.024528 0.026415
6 0.168868 0.030189 0.001887 0.022642
7 0.189623 0.031132 0.005660 0.024528
8 0.200000 0.032075 0.007547 0.026415
9 0.213208 0.025472 0.011321 0.013208
10 0.023585 0.082075 0.020755 0.020755
11 0.039623 0.077358 0.003774 0.011321
12 0.051887 0.077358 0.013208 0.011321
13 0.062264 0.081132 0.003774 0.018868
14 0.089623 0.084906 0.016981 0.026415
15 0.124528 0.084906 0.022642 0.026415
16 0.144340 0.084906 0.009434 0.026415
17 0.175472 0.084906 0.022642 0.026415
18 0.213208 0.083962 0.022642 0.024528
19 0.252830 0.083962 0.022642 0.024528
20 0.016981 0.129245 0.022642 0.024528
21 0.052830 0.130189 0.022642 0.026415
22 0.091509 0.129245 0.020755 0.024528
23 0.117925 0.130189 0.024528 0.026415
24 0.145283 0.130189 0.022642 0.026415
25 0.163208 0.126415 0.005660 0.018868
26 0.182075 0.126415 0.005660 0.018868
27 0.198113 0.127358 0.022642 0.020755
28 0.223585 0.121698 0.020755 0.009434
29 0.259434 0.126415 0.020755 0.018868
30 0.014151 0.175472 0.016981 0.026415
31 0.054717 0.175472 0.030189 0.026415
32 0.097170 0.175472 0.028302 0.026415
33 0.128302 0.175472 0.026415 0.026415
34 0.161321 0.175472 0.028302 0.026415
35 0.193396 0.175472 0.028302 0.026415
36 0.237736 0.175472 0.026415 0.026415
37 0.266038 0.175472 0.026415 0.026415
38 0.306604 0.175472 0.028302 0.026415
39 0.350000 0.175472 0.028302 0.026415
40 0.008491 0.220755 0.005660 0.026415
41 0.024528 0.221698 0.018868 0.028302
42 0.049057 0.220755 0.022642 0.026415
43 0.083019 0.220755 0.018868 0.026415
44 0.110377 0.220755 0.032075 0.026415
45 0.157547 0.219811 0.028302 0.024528
46 0.200000 0.220755 0.030189 0.026415
47 0.232075 0.220755 0.026415 0.026415
48 0.264151 0.225472 0.030189 0.035849
49 0.298113 0.220755 0.026415 0.026415
50 0.029245 0.276415 0.024528 0.028302
51 0.070755 0.275472 0.024528 0.026415
52 0.099057 0.275472 0.028302 0.026415
53 0.130189 0.275472 0.026415 0.026415
54 0.165094 0.274528 0.035849 0.024528
55 0.206604 0.275472 0.020755 0.026415
56 0.242453 0.275472 0.024528 0.026415
57 0.270755 0.275472 0.024528 0.026415
58 0.300000 0.278302 0.007547 0.032075
59 0.309434 0.275472 0.007547 0.026415
60 0.017925 0.329245 0.005660 0.032075
61 0.033962 0.328302 0.015094 0.030189
62 0.065094 0.320755 0.020755 0.015094
63 0.080189 0.324528 0.005660 0.022642
64 0.108491 0.323585 0.020755 0.020755
65 0.144340 0.326415 0.020755 0.026415
66 0.170755 0.323585 0.020755 0.020755
67 0.209434 0.326415 0.022642 0.026415
68 0.236792 0.323585 0.020755 0.020755
69 0.268868 0.326415 0.013208 0.026415
70 0.030189 0.379245 0.026415 0.030189
71 0.069811 0.377358 0.018868 0.026415
72 0.100000 0.377358 0.007547 0.026415
73 0.115094 0.381132 0.015094 0.033962
74 0.136792 0.377358 0.016981 0.026415
75 0.165094 0.377358 0.005660 0.026415
76 0.190566 0.374528 0.033962 0.020755
77 0.220755 0.374528 0.018868 0.020755
78 0.257547 0.374528 0.020755 0.020755
79 0.296226 0.378302 0.022642 0.028302
80 0.023585 0.431132 0.020755 0.028302
81 0.056604 0.427358 0.011321 0.020755
82 0.073585 0.427358 0.018868 0.020755
83 0.100943 0.427358 0.009434 0.020755
84 0.119811 0.426415 0.020755 0.018868
85 0.153774 0.425472 0.020755 0.016981
86 0.188679 0.426415 0.022642 0.018868
87 0.220755 0.426415 0.015094 0.018868
88 0.255660 0.430189 0.024528 0.026415
89 0.295283 0.427358 0.020755 0.020755
90 0.021698 0.481132 0.009434 0.033962
91 0.033019 0.483962 0.009434 0.039623
92 0.044340 0.481132 0.009434 0.033962
93 0.062264 0.481132 0.018868 0.033962
94 0.084906 0.475472 0.022642 0.022642
95 0.124528 0.475472 0.022642 0.022642
96 0.161321 0.475472 0.024528 0.022642
97 0.186792 0.475472 0.022642 0.022642
98 0.223585 0.475472 0.024528 0.022642
99 0.252830 0.475472 0.026415 0.022642
