100 0.019811 0.029245 0.013208 0.020755
101 0.038679 0.029245 0.016981 0.020755
102 0.060377 0.029245 0.018868 0.020755
103 0.094340 0.029245 0.015094 0.020755
104 0.116981 0.029245 0.018868 0.020755
105 0.140566 0.029245 0.024528 0.020755
106 0.178302 0.033019 0.024528 0.028302
107 0.202830 0.033962 0.020755 0.030189
108 0.239623 0.033962 0.022642 0.030189
109 0.275472 0.033962 0.022642 0.030189
110 0.013208 0.077358 0.022642 0.018868
111 0.040566 0.078302 0.028302 0.020755
112 0.081132 0.078302 0.026415 0.020755
113 0.120755 0.078302 0.018868 0.020755
114 0.143396 0.078302 0.018868 0.020755
115 0.163208 0.078302 0.016981 0.020755
116 0.183019 0.078302 0.018868 0.020755
117 0.204717 0.077358 0.016981 0.018868
118 0.227358 0.078302 0.020755 0.020755
119 0.262264 0.078302 0.018868 0.020755
120 0.027358 0.120755 0.020755 0.026415
121 0.061321 0.117925 0.016981 0.020755
122 0.097170 0.122642 0.020755 0.030189
123 0.121698 0.117925 0.020755 0.020755
124 0.160377 0.122642 0.022642 0.030189
125 0.195283 0.117925 0.020755 0.020755
126 0.232075 0.117925 0.018868 0.020755
127 0.253774 0.117925 0.016981 0.020755
128 0.272642 0.117925 0.016981 0.020755
129 0.306604 0.123585 0.016981 0.032075
130 0.010377 0.168868 0.016981 0.020755
131 0.043396 0.174528 0.018868 0.032075
132 0.072642 0.168868 0.013208 0.020755
133 0.094340 0.171698 0.026415 0.026415
134 0.133019 0.167925 0.020755 0.018868
135 0.159434 0.171698 0.024528 0.026415
136 0.183962 0.168868 0.020755 0.020755
137 0.221698 0.170755 0.024528 0.024528
138 0.259434 0.168868 0.016981 0.020755
139 0.290566 0.169811 0.018868 0.022642
140 0.010377 0.219811 0.013208 0.020755
141 0.038679 0.217925 0.013208 0.016981
142 0.054717 0.214151 0.015094 0.009434
143 0.083019 0.216981 0.011321 0.015094
144 0.100943 0.223585 0.016981 0.028302
145 0.129245 0.213208 0.013208 0.007547
146 0.146226 0.214151 0.016981 0.009434
147 0.176415 0.214151 0.016981 0.009434
148 0.208491 0.214151 0.016981 0.009434
149 0.234906 0.214151 0.005660 0.009434
150 0.006604 0.262264 0.009434 0.011321
151 0.015094 0.258491 0.003774 0.003774
152 0.029245 0.268868 0.016981 0.024528
153 0.057547 0.266981 0.005660 0.020755
154 0.082075 0.266981 0.013208 0.020755
155 0.112264 0.271698 0.016981 0.030189
156 0.130189 0.272642 0.011321 0.032075
157 0.158491 0.272642 0.011321 0.032075
158 0.183019 0.271698 0.011321 0.030189
159 0.199057 0.269811 0.013208 0.026415
160 0.007547 0.312264 0.011321 0.009434
161 0.020755 0.311321 0.003774 0.007547
162 0.030189 0.312264 0.011321 0.009434
163 0.055660 0.313208 0.013208 0.011321
164 0.079245 0.312264 0.007547 0.009434
165 0.091509 0.312264 0.009434 0.009434
166 0.100000 0.310377 0.003774 0.005660
167 0.118868 0.314151 0.007547 0.013208
168 0.133019 0.315094 0.016981 0.015094
169 0.166038 0.314151 0.015094 0.013208
170 0.020755 0.350000 0.015094 0.016981
171 0.052830 0.350943 0.018868 0.018868
172 0.086792 0.349057 0.018868 0.015094
173 0.110377 0.351887 0.020755 0.020755
174 0.136792 0.351887 0.024528 0.020755
175 0.168868 0.350943 0.013208 0.018868
176 0.200943 0.350943 0.024528 0.018868
177 0.240566 0.351887 0.020755 0.020755
178 0.274528 0.349057 0.020755 0.015094
179 0.305660 0.351887 0.015094 0.020755
180 0.019811 0.387736 0.032075 0.013208
