100 0.023585 0.030189 0.020755 0.022642
101 0.058491 0.030189 0.022642 0.022642
102 0.085849 0.030189 0.024528 0.022642
103 0.125472 0.031132 0.024528 0.024528
104 0.156604 0.031132 0.026415 0.024528
105 0.204717 0.030189 0.035849 0.022642
106 0.255660 0.035849 0.035849 0.033962
107 0.302830 0.036792 0.032075 0.035849
108 0.349057 0.036792 0.033962 0.035849
109 0.394340 0.035849 0.030189 0.033962
110 0.027358 0.084906 0.028302 0.022642
111 0.077358 0.084906 0.037736 0.022642
112 0.116981 0.084906 0.037736 0.022642
113 0.161321 0.084906 0.024528 0.022642
114 0.192453 0.084906 0.026415 0.022642
115 0.222642 0.084906 0.022642 0.022642
116 0.248113 0.084906 0.024528 0.022642
117 0.274528 0.084906 0.024528 0.022642
118 0.313208 0.084906 0.022642 0.022642
119 0.353774 0.084906 0.024528 0.022642
120 0.020755 0.133962 0.030189 0.037736
121 0.050943 0.126415 0.026415 0.022642
122 0.083019 0.133962 0.030189 0.037736
123 0.115094 0.126415 0.026415 0.022642
124 0.147170 0.133962 0.030189 0.037736
125 0.190566 0.126415 0.026415 0.022642
126 0.223585 0.126415 0.028302 0.022642
127 0.264151 0.125472 0.026415 0.020755
128 0.305660 0.126415 0.022642 0.022642
129 0.331132 0.132075 0.024528 0.033962
130 0.025472 0.183019 0.024528 0.022642
131 0.054717 0.188679 0.026415 0.033962
132 0.090566 0.183019 0.018868 0.022642
133 0.116038 0.183962 0.028302 0.024528
134 0.149057 0.183019 0.026415 0.022642
135 0.178302 0.183962 0.028302 0.024528
136 0.218868 0.183019 0.026415 0.022642
137 0.249057 0.183962 0.030189 0.024528
138 0.291509 0.183019 0.024528 0.022642
139 0.332075 0.183019 0.026415 0.022642
140 0.022642 0.235849 0.018868 0.022642
141 0.050000 0.235849 0.024528 0.022642
142 0.085849 0.229245 0.020755 0.009434
143 0.109434 0.235849 0.018868 0.022642
144 0.134906 0.242453 0.028302 0.035849
145 0.174528 0.228302 0.020755 0.007547
146 0.200943 0.229245 0.024528 0.009434
147 0.239623 0.229245 0.022642 0.009434
148 0.268868 0.229245 0.024528 0.009434
149 0.287736 0.230189 0.009434 0.011321
150 0.025472 0.284906 0.016981 0.011321
151 0.038679 0.282075 0.005660 0.005660
152 0.072642 0.296226 0.032075 0.033962
153 0.096226 0.290566 0.007547 0.022642
154 0.124528 0.290566 0.022642 0.022642
155 0.157547 0.298113 0.016981 0.037736
156 0.191509 0.298113 0.016981 0.037736
157 0.222642 0.298113 0.015094 0.037736
158 0.243396 0.296226 0.018868 0.033962
159 0.280189 0.296226 0.020755 0.033962
160 0.022642 0.343396 0.018868 0.015094
161 0.047170 0.339623 0.003774 0.007547
162 0.061321 0.340566 0.016981 0.009434
163 0.094340 0.340566 0.018868 0.009434
164 0.114151 0.340566 0.009434 0.009434
165 0.130189 0.342453 0.015094 0.013208
166 0.144340 0.340566 0.009434 0.009434
167 0.170755 0.342453 0.013208 0.013208
168 0.204717 0.347170 0.024528 0.022642
169 0.246226 0.345283 0.024528 0.018868
170 0.019811 0.389623 0.028302 0.024528
171 0.051887 0.389623 0.032075 0.024528
172 0.087736 0.386792 0.032075 0.018868
173 0.124528 0.390566 0.030189 0.026415
174 0.171698 0.390566 0.033962 0.026415
175 0.216038 0.390566 0.028302 0.026415
176 0.261321 0.390566 0.035849 0.026415
177 0.299057 0.390566 0.032075 0.026415
178 0.336792 0.390566 0.032075 0.026415
179 0.369811 0.388679 0.030189 0.022642
180 0.044340 0.432075 0.054717 0.018868
