100 0.015094 0.033962 0.018868 0.030189
101 0.048113 0.034906 0.016981 0.032075
102 0.083019 0.034906 0.018868 0.032075
103 0.116038 0.033962 0.016981 0.030189
104 0.147170 0.033962 0.018868 0.030189
105 0.187736 0.034906 0.032075 0.032075
106 0.236792 0.038679 0.032075 0.039623
107 0.278302 0.040566 0.020755 0.043396
108 0.316038 0.040566 0.020755 0.043396
109 0.352830 0.039623 0.018868 0.041509
110 0.016038 0.089623 0.020755 0.016981
111 0.047170 0.097170 0.033962 0.032075
112 0.093396 0.097170 0.032075 0.032075
113 0.124528 0.097170 0.018868 0.032075
114 0.150000 0.097170 0.020755 0.032075
115 0.175472 0.097170 0.018868 0.032075
116 0.207547 0.097170 0.018868 0.032075
117 0.227358 0.097170 0.016981 0.032075
118 0.249057 0.096226 0.018868 0.030189
119 0.271698 0.096226 0.018868 0.030189
120 0.015094 0.152830 0.018868 0.041509
121 0.036792 0.148113 0.020755 0.032075
122 0.074528 0.152830 0.020755 0.041509
123 0.111321 0.147170 0.026415 0.030189
124 0.143396 0.152830 0.026415 0.041509
125 0.183962 0.148113 0.020755 0.032075
126 0.219811 0.147170 0.016981 0.030189
127 0.254717 0.148113 0.018868 0.032075
128 0.278302 0.148113 0.016981 0.032075
129 0.313208 0.153774 0.018868 0.043396
130 0.024528 0.210377 0.018868 0.032075
131 0.059434 0.216038 0.020755 0.043396
132 0.083962 0.210377 0.016981 0.032075
133 0.106604 0.210377 0.020755 0.032075
134 0.142453 0.209434 0.020755 0.030189
135 0.180189 0.210377 0.020755 0.032075
136 0.214151 0.209434 0.016981 0.030189
137 0.237736 0.214151 0.026415 0.039623
138 0.262264 0.210377 0.018868 0.032075
139 0.294340 0.210377 0.018868 0.032075
140 0.014151 0.272642 0.016981 0.032075
141 0.032075 0.266981 0.011321 0.020755
142 0.049057 0.258491 0.015094 0.003774
143 0.066981 0.272642 0.013208 0.032075
144 0.092453 0.278302 0.026415 0.043396
145 0.116038 0.257547 0.016981 0.001887
146 0.148113 0.257547 0.016981 0.001887
147 0.179245 0.260377 0.018868 0.007547
148 0.200943 0.259434 0.016981 0.005660
149 0.216038 0.258491 0.001887 0.003774
150 0.019811 0.324528 0.009434 0.011321
151 0.039623 0.320755 0.003774 0.003774
152 0.066038 0.342453 0.018868 0.047170
153 0.080189 0.333962 0.005660 0.030189
154 0.108491 0.333962 0.016981 0.030189
155 0.128302 0.341509 0.011321 0.045283
156 0.140566 0.341509 0.009434 0.045283
157 0.164151 0.341509 0.011321 0.045283
158 0.193396 0.339623 0.013208 0.041509
159 0.222642 0.340566 0.018868 0.043396
160 0.021698 0.390566 0.013208 0.011321
161 0.030189 0.384906 0.000000 0.000000
162 0.050943 0.390566 0.011321 0.011321
163 0.067925 0.389623 0.015094 0.009434
164 0.090566 0.390566 0.003774 0.011321
165 0.111321 0.387736 0.007547 0.005660
166 0.135849 0.388679 0.007547 0.007547
167 0.160377 0.388679 0.007547 0.007547
168 0.179245 0.398113 0.018868 0.026415
169 0.201887 0.398113 0.018868 0.026415
170 0.025472 0.443396 0.016981 0.026415
171 0.046226 0.446226 0.020755 0.032075
172 0.070755 0.443396 0.016981 0.026415
173 0.104717 0.446226 0.016981 0.032075
174 0.123585 0.446226 0.016981 0.032075
175 0.147170 0.446226 0.018868 0.032075
176 0.183962 0.446226 0.024528 0.032075
177 0.209434 0.446226 0.018868 0.032075
178 0.244340 0.446226 0.016981 0.032075
179 0.283019 0.446226 0.026415 0.032075
180 0.029245 0.490566 0.032075 0.018868
