100 0.015094 0.034906 0.018868 0.032075
101 0.041509 0.034906 0.022642 0.032075
102 0.082075 0.034906 0.028302 0.032075
103 0.110377 0.035849 0.024528 0.033962
104 0.141509 0.035849 0.026415 0.033962
105 0.174528 0.034906 0.035849 0.032075
106 0.211321 0.041509 0.033962 0.045283
107 0.255660 0.041509 0.024528 0.045283
108 0.283019 0.041509 0.026415 0.045283
109 0.325472 0.043396 0.024528 0.049057
110 0.026415 0.102830 0.026415 0.032075
111 0.061321 0.102830 0.035849 0.032075
112 0.102830 0.102830 0.039623 0.032075
113 0.148113 0.102830 0.024528 0.032075
114 0.187736 0.102830 0.024528 0.032075
115 0.228302 0.102830 0.022642 0.032075
116 0.269811 0.102830 0.026415 0.032075
117 0.309434 0.102830 0.022642 0.032075
118 0.336792 0.102830 0.028302 0.032075
119 0.366981 0.102830 0.024528 0.032075
120 0.025472 0.159434 0.024528 0.043396
121 0.063208 0.153774 0.024528 0.032075
122 0.104717 0.159434 0.024528 0.043396
123 0.133019 0.153774 0.028302 0.032075
124 0.166981 0.159434 0.028302 0.043396
125 0.195283 0.153774 0.024528 0.032075
126 0.222642 0.153774 0.026415 0.032075
127 0.250943 0.153774 0.022642 0.032075
128 0.286792 0.153774 0.018868 0.032075
129 0.311321 0.160377 0.022642 0.045283
130 0.025472 0.217925 0.020755 0.032075
131 0.065094 0.224528 0.024528 0.045283
132 0.100943 0.217925 0.020755 0.032075
133 0.139623 0.218868 0.026415 0.033962
134 0.183019 0.217925 0.030189 0.032075
135 0.212264 0.218868 0.024528 0.033962
136 0.252830 0.217925 0.026415 0.032075
137 0.284906 0.223585 0.030189 0.043396
138 0.325472 0.217925 0.020755 0.032075
139 0.350943 0.218868 0.022642 0.033962
140 0.023585 0.282075 0.020755 0.032075
141 0.059434 0.279245 0.020755 0.026415
142 0.084906 0.270755 0.022642 0.009434
143 0.107547 0.282075 0.018868 0.032075
144 0.150943 0.288679 0.037736 0.045283
145 0.196226 0.270755 0.022642 0.009434
146 0.222642 0.270755 0.022642 0.009434
147 0.259434 0.270755 0.024528 0.009434
148 0.300000 0.270755 0.022642 0.009434
149 0.332075 0.272642 0.011321 0.013208
150 0.025472 0.336792 0.016981 0.013208
151 0.040566 0.334906 0.009434 0.009434
152 0.069811 0.352830 0.022642 0.045283
153 0.101887 0.345283 0.011321 0.030189
154 0.136792 0.345283 0.024528 0.030189
155 0.174528 0.358491 0.020755 0.056604
156 0.208491 0.358491 0.016981 0.056604
157 0.242453 0.358491 0.016981 0.056604
158 0.264151 0.352830 0.018868 0.045283
159 0.299057 0.352830 0.020755 0.045283
160 0.011321 0.412264 0.018868 0.013208
161 0.027358 0.412264 0.005660 0.013208
162 0.041509 0.412264 0.018868 0.013208
163 0.066038 0.412264 0.022642 0.013208
164 0.089623 0.412264 0.013208 0.013208
165 0.109434 0.413208 0.015094 0.015094
166 0.125472 0.410377 0.013208 0.009434
167 0.152830 0.412264 0.011321 0.013208
168 0.172642 0.418868 0.024528 0.026415
169 0.214151 0.418868 0.024528 0.026415
170 0.027358 0.465094 0.024528 0.028302
171 0.066038 0.468868 0.026415 0.035849
172 0.108491 0.464151 0.028302 0.026415
173 0.148113 0.468868 0.024528 0.035849
174 0.176415 0.468868 0.024528 0.035849
175 0.215094 0.468868 0.022642 0.035849
176 0.248113 0.468868 0.032075 0.035849
177 0.278302 0.468868 0.024528 0.035849
178 0.321698 0.468868 0.028302 0.035849
179 0.354717 0.466981 0.033962 0.032075
180 0.032075 0.516038 0.037736 0.020755
