100 0.008491 0.033962 0.013208 0.030189
101 0.024528 0.033962 0.015094 0.030189
102 0.046226 0.033962 0.020755 0.030189
103 0.071698 0.034906 0.018868 0.032075
104 0.107547 0.033962 0.018868 0.030189
105 0.134906 0.033962 0.028302 0.030189
106 0.167925 0.040566 0.030189 0.043396
107 0.199057 0.040566 0.020755 0.043396
108 0.225472 0.040566 0.020755 0.043396
109 0.251887 0.042453 0.020755 0.047170
110 0.028302 0.100000 0.022642 0.030189
111 0.069811 0.100000 0.030189 0.030189
112 0.115094 0.100000 0.033962 0.030189
113 0.156604 0.100000 0.018868 0.030189
114 0.192453 0.100000 0.018868 0.030189
115 0.212264 0.100000 0.016981 0.030189
116 0.248113 0.100000 0.020755 0.030189
117 0.283019 0.100000 0.015094 0.030189
118 0.304717 0.100000 0.024528 0.030189
119 0.333019 0.100000 0.020755 0.030189
120 0.023585 0.155660 0.020755 0.043396
121 0.048113 0.149057 0.016981 0.030189
122 0.066981 0.154717 0.016981 0.041509
123 0.089623 0.149057 0.024528 0.030189
124 0.131132 0.155660 0.024528 0.043396
125 0.170755 0.149057 0.020755 0.030189
126 0.207547 0.149057 0.018868 0.030189
127 0.238679 0.149057 0.016981 0.030189
128 0.260377 0.149057 0.015094 0.030189
129 0.282075 0.155660 0.016981 0.043396
130 0.021698 0.211321 0.016981 0.030189
131 0.055660 0.216981 0.020755 0.041509
132 0.079245 0.211321 0.015094 0.030189
133 0.100943 0.212264 0.020755 0.032075
134 0.136792 0.211321 0.024528 0.030189
135 0.173585 0.212264 0.018868 0.032075
136 0.211321 0.211321 0.022642 0.030189
137 0.251887 0.216038 0.024528 0.039623
138 0.285849 0.211321 0.016981 0.030189
139 0.318868 0.212264 0.018868 0.032075
140 0.013208 0.270755 0.015094 0.028302
141 0.030189 0.268868 0.015094 0.024528
142 0.059434 0.261321 0.016981 0.009434
143 0.081132 0.271698 0.015094 0.030189
144 0.108491 0.266038 0.028302 0.018868
145 0.143396 0.260377 0.015094 0.007547
146 0.165094 0.260377 0.016981 0.007547
147 0.186792 0.261321 0.018868 0.009434
148 0.206604 0.260377 0.016981 0.007547
149 0.223585 0.262264 0.005660 0.011321
150 0.019811 0.312264 0.013208 0.013208
151 0.030189 0.308491 0.003774 0.005660
152 0.054717 0.328302 0.018868 0.045283
153 0.072642 0.320755 0.005660 0.030189
154 0.099057 0.320755 0.020755 0.030189
155 0.133962 0.333962 0.015094 0.056604
156 0.153774 0.333962 0.013208 0.056604
157 0.167925 0.333962 0.011321 0.056604
158 0.183019 0.326415 0.015094 0.041509
159 0.210377 0.313208 0.013208 0.015094
160 0.012264 0.387736 0.013208 0.013208
161 0.020755 0.381132 0.000000 0.000000
162 0.043396 0.386792 0.015094 0.011321
163 0.075472 0.386792 0.018868 0.011321
164 0.093396 0.387736 0.009434 0.013208
165 0.120755 0.387736 0.011321 0.013208
166 0.146226 0.385849 0.009434 0.009434
167 0.157547 0.386792 0.005660 0.011321
168 0.175472 0.394340 0.018868 0.026415
169 0.207547 0.394340 0.018868 0.026415
170 0.022642 0.439623 0.018868 0.026415
171 0.055660 0.438679 0.016981 0.024528
172 0.078302 0.439623 0.020755 0.026415
173 0.115094 0.444340 0.018868 0.035849
174 0.135849 0.444340 0.018868 0.035849
175 0.166981 0.443396 0.016981 0.033962
176 0.204717 0.444340 0.024528 0.035849
177 0.241509 0.444340 0.018868 0.035849
178 0.265094 0.439623 0.020755 0.026415
179 0.303774 0.440566 0.022642 0.028302
180 0.019811 0.491509 0.032075 0.020755
