0 0.019811 0.032075 0.009434 0.026415
1 0.035849 0.035849 0.011321 0.033962
2 0.057547 0.032075 0.020755 0.026415
3 0.091509 0.034906 0.020755 0.032075
4 0.118868 0.033962 0.026415 0.030189
5 0.146226 0.032075 0.020755 0.026415
6 0.175472 0.033019 0.003774 0.028302
7 0.187736 0.033962 0.009434 0.030189
8 0.200943 0.033962 0.009434 0.030189
9 0.214151 0.025472 0.013208 0.013208
10 0.010377 0.080189 0.016981 0.016981
11 0.034906 0.085849 0.005660 0.028302
12 0.049057 0.083019 0.018868 0.022642
13 0.065094 0.085849 0.005660 0.028302
14 0.089623 0.087736 0.016981 0.032075
15 0.110377 0.084906 0.020755 0.026415
16 0.130189 0.084906 0.011321 0.026415
17 0.159434 0.084906 0.020755 0.026415
18 0.197170 0.084906 0.020755 0.026415
19 0.221698 0.084906 0.020755 0.026415
20 0.023585 0.136792 0.020755 0.028302
21 0.057547 0.135849 0.020755 0.026415
22 0.090566 0.135849 0.018868 0.026415
23 0.122642 0.135849 0.018868 0.026415
24 0.156604 0.136792 0.018868 0.028302
25 0.171698 0.132075 0.007547 0.018868
26 0.185849 0.134906 0.009434 0.024528
27 0.203774 0.131132 0.018868 0.016981
28 0.227358 0.128302 0.020755 0.011321
29 0.263208 0.132075 0.020755 0.018868
30 0.024528 0.183019 0.015094 0.026415
31 0.062264 0.187736 0.033962 0.035849
32 0.103774 0.183962 0.022642 0.028302
33 0.138679 0.183019 0.020755 0.026415
34 0.164151 0.183019 0.022642 0.026415
35 0.203774 0.183019 0.022642 0.026415
36 0.226415 0.183019 0.018868 0.026415
37 0.262264 0.183019 0.018868 0.026415
38 0.299057 0.183019 0.020755 0.026415
39 0.327358 0.183019 0.024528 0.026415
40 0.017925 0.237736 0.009434 0.026415
41 0.048113 0.237736 0.016981 0.026415
42 0.083019 0.237736 0.022642 0.026415
43 0.109434 0.237736 0.018868 0.026415
44 0.149057 0.237736 0.033962 0.026415
45 0.182075 0.237736 0.024528 0.026415
46 0.210377 0.237736 0.020755 0.026415
47 0.234906 0.237736 0.020755 0.026415
48 0.258491 0.238679 0.022642 0.028302
49 0.297170 0.237736 0.020755 0.026415
50 0.012264 0.285849 0.020755 0.028302
51 0.048113 0.284906 0.020755 0.026415
52 0.087736 0.284906 0.024528 0.026415
53 0.116981 0.285849 0.022642 0.028302
54 0.161321 0.284906 0.035849 0.026415
55 0.198113 0.284906 0.026415 0.026415
56 0.224528 0.284906 0.018868 0.026415
57 0.251887 0.284906 0.024528 0.026415
58 0.286792 0.288679 0.015094 0.033962
59 0.301887 0.285849 0.007547 0.028302
60 0.020755 0.341509 0.015094 0.033962
61 0.040566 0.339623 0.016981 0.030189
62 0.065094 0.332075 0.020755 0.015094
63 0.081132 0.330189 0.003774 0.011321
64 0.106604 0.334906 0.020755 0.020755
65 0.139623 0.337736 0.018868 0.026415
66 0.171698 0.334906 0.015094 0.020755
67 0.195283 0.337736 0.020755 0.026415
68 0.230189 0.334906 0.018868 0.020755
69 0.252830 0.341509 0.015094 0.033962
70 0.015094 0.391509 0.018868 0.028302
71 0.039623 0.390566 0.018868 0.026415
72 0.059434 0.390566 0.009434 0.026415
73 0.085849 0.394340 0.016981 0.033962
74 0.106604 0.390566 0.016981 0.026415
75 0.123585 0.391509 0.009434 0.028302
76 0.157547 0.387736 0.028302 0.020755
77 0.185849 0.387736 0.016981 0.020755
78 0.217925 0.387736 0.016981 0.020755
79 0.253774 0.391509 0.020755 0.028302
80 0.024528 0.444340 0.018868 0.028302
81 0.056604 0.440566 0.015094 0.020755
82 0.073585 0.440566 0.015094 0.020755
83 0.100943 0.443396 0.009434 0.026415
84 0.129245 0.439623 0.016981 0.018868
85 0.163208 0.440566 0.016981 0.020755
86 0.188679 0.440566 0.026415 0.020755
87 0.225472 0.440566 0.020755 0.020755
88 0.261321 0.445283 0.020755 0.030189
89 0.298113 0.440566 0.018868 0.020755
90 0.012264 0.496226 0.013208 0.033962
91 0.029245 0.492453 0.009434 0.026415
92 0.041509 0.496226 0.011321 0.033962
93 0.060377 0.501887 0.018868 0.045283
94 0.086792 0.490566 0.022642 0.022642
95 0.125472 0.490566 0.020755 0.022642
96 0.162264 0.490566 0.022642 0.022642
97 0.191509 0.490566 0.024528 0.022642
98 0.233019 0.490566 0.024528 0.022642
99 0.263208 0.490566 0.024528 0.022642
