100 0.020755 0.033962 0.015094 0.030189
101 0.050943 0.033962 0.015094 0.030189
102 0.071698 0.033962 0.022642 0.030189
103 0.107547 0.034906 0.018868 0.032075
104 0.142453 0.034906 0.020755 0.032075
105 0.173585 0.033962 0.030189 0.030189
106 0.216981 0.040566 0.030189 0.043396
107 0.259434 0.040566 0.020755 0.043396
108 0.283962 0.040566 0.020755 0.043396
109 0.321698 0.042453 0.020755 0.047170
110 0.016981 0.100000 0.022642 0.030189
111 0.047170 0.100000 0.030189 0.030189
112 0.096226 0.100000 0.033962 0.030189
113 0.135849 0.100000 0.018868 0.030189
114 0.156604 0.100000 0.018868 0.030189
115 0.191509 0.100000 0.016981 0.030189
116 0.212264 0.100000 0.020755 0.030189
117 0.246226 0.100000 0.016981 0.030189
118 0.268868 0.100000 0.024528 0.030189
119 0.295283 0.100000 0.020755 0.030189
120 0.025472 0.155660 0.020755 0.043396
121 0.050000 0.149057 0.016981 0.030189
122 0.072642 0.154717 0.016981 0.041509
123 0.110377 0.149057 0.024528 0.030189
124 0.136792 0.155660 0.024528 0.043396
125 0.172642 0.149057 0.020755 0.030189
126 0.198113 0.149057 0.018868 0.030189
127 0.231132 0.149057 0.016981 0.030189
128 0.249057 0.149057 0.015094 0.030189
129 0.270755 0.155660 0.016981 0.043396
130 0.023585 0.212264 0.016981 0.032075
131 0.046226 0.217925 0.020755 0.043396
132 0.077358 0.211321 0.015094 0.030189
133 0.108491 0.212264 0.020755 0.032075
134 0.148113 0.211321 0.024528 0.030189
135 0.175472 0.212264 0.018868 0.032075
136 0.200000 0.211321 0.022642 0.030189
137 0.230189 0.217925 0.026415 0.043396
138 0.266981 0.211321 0.016981 0.030189
139 0.300000 0.212264 0.018868 0.032075
140 0.025472 0.272642 0.016981 0.028302
141 0.056604 0.270755 0.015094 0.024528
142 0.076415 0.263208 0.016981 0.009434
143 0.096226 0.273585 0.015094 0.030189
144 0.120755 0.280189 0.030189 0.043396
145 0.159434 0.262264 0.016981 0.007547
146 0.182075 0.262264 0.016981 0.007547
147 0.205660 0.263208 0.018868 0.009434
148 0.225472 0.262264 0.016981 0.007547
149 0.242453 0.264151 0.005660 0.011321
150 0.019811 0.327358 0.013208 0.013208
151 0.043396 0.323585 0.003774 0.005660
152 0.067925 0.343396 0.018868 0.045283
153 0.096226 0.335849 0.007547 0.030189
154 0.112264 0.335849 0.020755 0.030189
155 0.145283 0.349057 0.015094 0.056604
156 0.161321 0.349057 0.013208 0.056604
157 0.181132 0.349057 0.015094 0.056604
158 0.200000 0.342453 0.015094 0.043396
159 0.221698 0.341509 0.016981 0.041509
160 0.023585 0.402830 0.013208 0.013208
161 0.036792 0.399057 0.001887 0.005660
162 0.049057 0.401887 0.015094 0.011321
163 0.083019 0.401887 0.018868 0.011321
164 0.114151 0.402830 0.009434 0.013208
165 0.128302 0.402830 0.011321 0.013208
166 0.142453 0.400943 0.009434 0.009434
167 0.165094 0.401887 0.005660 0.011321
168 0.194340 0.409434 0.018868 0.026415
169 0.226415 0.409434 0.018868 0.026415
170 0.022642 0.455660 0.018868 0.028302
171 0.054717 0.454717 0.018868 0.026415
172 0.081132 0.454717 0.022642 0.026415
173 0.118868 0.459434 0.018868 0.035849
174 0.150943 0.459434 0.018868 0.035849
175 0.183962 0.459434 0.016981 0.035849
176 0.206604 0.459434 0.024528 0.035849
177 0.243396 0.459434 0.018868 0.035849
178 0.279245 0.458491 0.022642 0.033962
179 0.308491 0.456604 0.024528 0.030189
180 0.033962 0.506604 0.033962 0.020755
