100 0.010377 0.030189 0.013208 0.022642
101 0.037736 0.030189 0.015094 0.022642
102 0.063208 0.030189 0.024528 0.022642
103 0.089623 0.031132 0.020755 0.024528
104 0.128302 0.031132 0.022642 0.024528
105 0.156604 0.030189 0.026415 0.022642
106 0.196226 0.035849 0.026415 0.033962
107 0.233019 0.035849 0.020755 0.033962
108 0.268868 0.035849 0.020755 0.033962
109 0.300943 0.036792 0.016981 0.035849
110 0.024528 0.084906 0.022642 0.022642
111 0.053774 0.084906 0.028302 0.022642
112 0.097170 0.084906 0.032075 0.022642
113 0.128302 0.084906 0.018868 0.022642
114 0.149057 0.084906 0.018868 0.022642
115 0.180189 0.084906 0.016981 0.022642
116 0.216038 0.084906 0.020755 0.022642
117 0.239623 0.084906 0.015094 0.022642
118 0.277358 0.084906 0.026415 0.022642
119 0.317925 0.084906 0.020755 0.022642
120 0.027358 0.131132 0.020755 0.032075
121 0.052830 0.126415 0.018868 0.022642
122 0.077358 0.131132 0.018868 0.032075
123 0.113208 0.126415 0.026415 0.022642
124 0.145283 0.131132 0.026415 0.032075
125 0.182075 0.126415 0.020755 0.022642
126 0.218868 0.126415 0.018868 0.022642
127 0.238679 0.126415 0.016981 0.022642
128 0.268868 0.126415 0.016981 0.022642
129 0.302830 0.131132 0.016981 0.032075
130 0.010377 0.176415 0.016981 0.020755
131 0.042453 0.182075 0.020755 0.032075
132 0.064151 0.177358 0.015094 0.022642
133 0.085849 0.178302 0.020755 0.024528
134 0.115094 0.177358 0.026415 0.022642
135 0.150943 0.178302 0.018868 0.024528
136 0.173585 0.177358 0.022642 0.022642
137 0.214151 0.182075 0.028302 0.032075
138 0.238679 0.177358 0.016981 0.022642
139 0.272642 0.177358 0.016981 0.022642
140 0.024528 0.228302 0.018868 0.022642
141 0.043396 0.227358 0.015094 0.020755
142 0.062264 0.221698 0.015094 0.009434
143 0.079245 0.228302 0.011321 0.022642
144 0.109434 0.233962 0.022642 0.033962
145 0.142453 0.221698 0.016981 0.009434
146 0.174528 0.222642 0.016981 0.011321
147 0.206604 0.223585 0.016981 0.013208
148 0.236792 0.223585 0.016981 0.013208
149 0.250000 0.222642 0.005660 0.011321
150 0.009434 0.275472 0.011321 0.011321
151 0.033019 0.273585 0.005660 0.007547
152 0.055660 0.282075 0.013208 0.024528
153 0.071698 0.280189 0.007547 0.020755
154 0.090566 0.280189 0.018868 0.020755
155 0.112264 0.290566 0.016981 0.041509
156 0.133962 0.290566 0.018868 0.041509
157 0.165094 0.290566 0.016981 0.041509
158 0.184906 0.285849 0.011321 0.032075
159 0.216038 0.285849 0.016981 0.032075
160 0.022642 0.336792 0.015094 0.013208
161 0.037736 0.333019 0.003774 0.005660
162 0.062264 0.334906 0.015094 0.009434
163 0.092453 0.335849 0.015094 0.011321
164 0.116981 0.333962 0.007547 0.007547
165 0.138679 0.337736 0.009434 0.015094
166 0.160377 0.334906 0.007547 0.009434
167 0.173585 0.336792 0.015094 0.013208
168 0.208491 0.344340 0.028302 0.028302
169 0.245283 0.339623 0.018868 0.018868
170 0.015094 0.386792 0.018868 0.018868
171 0.041509 0.387736 0.022642 0.020755
172 0.076415 0.385849 0.016981 0.016981
173 0.101887 0.387736 0.022642 0.020755
174 0.139623 0.389623 0.022642 0.024528
175 0.162264 0.388679 0.018868 0.022642
176 0.196226 0.387736 0.022642 0.020755
177 0.235849 0.387736 0.022642 0.020755
178 0.265094 0.387736 0.024528 0.020755
179 0.302830 0.388679 0.024528 0.022642
180 0.040566 0.432075 0.054717 0.022642
