100 0.023585 0.030189 0.020755 0.022642
101 0.058491 0.030189 0.022642 0.022642
102 0.099057 0.030189 0.028302 0.022642
103 0.127358 0.030189 0.024528 0.022642
104 0.166038 0.030189 0.026415 0.022642
105 0.214151 0.030189 0.035849 0.022642
106 0.251887 0.035849 0.035849 0.033962
107 0.300943 0.034906 0.028302 0.032075
108 0.342453 0.034906 0.028302 0.032075
109 0.382075 0.034906 0.024528 0.032075
110 0.032075 0.082075 0.030189 0.020755
111 0.070755 0.083019 0.035849 0.022642
112 0.108491 0.083019 0.035849 0.022642
113 0.154717 0.083019 0.022642 0.022642
114 0.181132 0.083019 0.022642 0.022642
115 0.220755 0.083019 0.022642 0.022642
116 0.248113 0.083019 0.028302 0.022642
117 0.276415 0.083019 0.020755 0.022642
118 0.302830 0.083019 0.028302 0.022642
119 0.344340 0.083019 0.028302 0.022642
120 0.017925 0.128302 0.028302 0.030189
121 0.045283 0.124528 0.022642 0.022642
122 0.069811 0.128302 0.022642 0.030189
123 0.111321 0.124528 0.030189 0.022642
124 0.154717 0.128302 0.030189 0.030189
125 0.189623 0.124528 0.028302 0.022642
126 0.221698 0.124528 0.024528 0.022642
127 0.262264 0.124528 0.022642 0.022642
128 0.300000 0.124528 0.022642 0.022642
129 0.335849 0.128302 0.022642 0.030189
130 0.014151 0.173585 0.024528 0.022642
131 0.044340 0.177358 0.028302 0.030189
132 0.083019 0.173585 0.022642 0.022642
133 0.123585 0.174528 0.024528 0.024528
134 0.168868 0.173585 0.032075 0.022642
135 0.200943 0.174528 0.024528 0.024528
136 0.231132 0.173585 0.028302 0.022642
137 0.278302 0.173585 0.032075 0.022642
138 0.322642 0.173585 0.022642 0.022642
139 0.348113 0.173585 0.024528 0.022642
140 0.012264 0.222642 0.020755 0.022642
141 0.045283 0.222642 0.018868 0.022642
142 0.067925 0.215094 0.018868 0.007547
143 0.090566 0.222642 0.018868 0.022642
144 0.128302 0.229245 0.030189 0.035849
145 0.170755 0.215094 0.020755 0.007547
146 0.204717 0.216038 0.020755 0.009434
147 0.233019 0.216981 0.024528 0.011321
148 0.272642 0.216038 0.020755 0.009434
149 0.293396 0.217925 0.009434 0.013208
150 0.021698 0.272642 0.016981 0.013208
151 0.034906 0.268868 0.005660 0.005660
152 0.067925 0.283962 0.026415 0.035849
153 0.088679 0.277358 0.011321 0.022642
154 0.122642 0.277358 0.026415 0.022642
155 0.148113 0.285849 0.020755 0.039623
156 0.182075 0.286792 0.020755 0.041509
157 0.210377 0.284906 0.024528 0.037736
158 0.235849 0.281132 0.018868 0.030189
159 0.267925 0.281132 0.018868 0.030189
160 0.013208 0.333019 0.018868 0.013208
161 0.028302 0.330189 0.003774 0.007547
162 0.053774 0.330189 0.013208 0.007547
163 0.075472 0.331132 0.018868 0.009434
164 0.096226 0.331132 0.011321 0.009434
165 0.123585 0.331132 0.009434 0.009434
166 0.148113 0.332075 0.009434 0.011321
167 0.163208 0.333019 0.009434 0.013208
168 0.185849 0.337736 0.024528 0.022642
169 0.211321 0.334906 0.022642 0.016981
170 0.028302 0.377358 0.022642 0.018868
171 0.067925 0.379245 0.026415 0.022642
172 0.107547 0.376415 0.022642 0.016981
173 0.144340 0.379245 0.024528 0.022642
174 0.183962 0.380189 0.024528 0.024528
175 0.226415 0.379245 0.026415 0.022642
176 0.258491 0.379245 0.030189 0.022642
177 0.300000 0.379245 0.026415 0.022642
178 0.344340 0.379245 0.032075 0.022642
179 0.388679 0.379245 0.030189 0.022642
180 0.035849 0.420755 0.045283 0.018868
