100 0.015094 0.032075 0.018868 0.026415
101 0.049057 0.032075 0.022642 0.026415
102 0.075472 0.032075 0.026415 0.026415
103 0.116981 0.032075 0.022642 0.026415
104 0.145283 0.032075 0.022642 0.026415
105 0.188679 0.032075 0.030189 0.026415
106 0.223585 0.036792 0.032075 0.035849
107 0.256604 0.036792 0.022642 0.035849
108 0.284906 0.036792 0.022642 0.035849
109 0.325472 0.038679 0.024528 0.039623
110 0.028302 0.090566 0.026415 0.026415
111 0.073585 0.090566 0.030189 0.026415
112 0.111321 0.090566 0.033962 0.026415
113 0.156604 0.090566 0.022642 0.026415
114 0.184906 0.090566 0.022642 0.026415
115 0.213208 0.090566 0.022642 0.026415
116 0.251887 0.090566 0.024528 0.026415
117 0.282075 0.090566 0.024528 0.026415
118 0.319811 0.090566 0.024528 0.026415
119 0.348113 0.090566 0.024528 0.026415
120 0.016038 0.139623 0.024528 0.033962
121 0.053774 0.135849 0.020755 0.026415
122 0.088679 0.138679 0.022642 0.032075
123 0.127358 0.135849 0.024528 0.026415
124 0.168868 0.138679 0.024528 0.032075
125 0.197170 0.135849 0.024528 0.026415
126 0.233962 0.135849 0.022642 0.026415
127 0.274528 0.135849 0.024528 0.026415
128 0.300943 0.135849 0.024528 0.026415
129 0.340566 0.139623 0.024528 0.033962
130 0.013208 0.188679 0.022642 0.026415
131 0.040566 0.192453 0.024528 0.033962
132 0.077358 0.188679 0.018868 0.026415
133 0.103774 0.188679 0.022642 0.026415
134 0.134906 0.188679 0.028302 0.026415
135 0.164151 0.188679 0.022642 0.026415
136 0.193396 0.188679 0.024528 0.026415
137 0.236792 0.192453 0.032075 0.033962
138 0.278302 0.188679 0.024528 0.026415
139 0.306604 0.189623 0.024528 0.028302
140 0.011321 0.241509 0.015094 0.026415
141 0.031132 0.241509 0.016981 0.026415
142 0.053774 0.233019 0.016981 0.009434
143 0.073585 0.241509 0.018868 0.026415
144 0.116038 0.248113 0.032075 0.039623
145 0.157547 0.233962 0.020755 0.011321
146 0.194340 0.233962 0.018868 0.011321
147 0.230189 0.233962 0.022642 0.011321
148 0.268868 0.234906 0.020755 0.013208
149 0.300943 0.234906 0.009434 0.013208
150 0.013208 0.293396 0.015094 0.013208
151 0.029245 0.290566 0.005660 0.007547
152 0.048113 0.307547 0.028302 0.041509
153 0.069811 0.300000 0.007547 0.026415
154 0.088679 0.300000 0.018868 0.026415
155 0.111321 0.306604 0.018868 0.039623
156 0.146226 0.307547 0.020755 0.041509
157 0.182075 0.306604 0.020755 0.039623
158 0.205660 0.303774 0.018868 0.033962
159 0.229245 0.300000 0.016981 0.026415
160 0.020755 0.352830 0.015094 0.011321
161 0.044340 0.350943 0.001887 0.007547
162 0.054717 0.350943 0.011321 0.007547
163 0.068868 0.351887 0.009434 0.009434
164 0.093396 0.351887 0.009434 0.009434
165 0.116038 0.350943 0.009434 0.007547
166 0.127358 0.351887 0.009434 0.009434
167 0.150943 0.352830 0.011321 0.011321
168 0.167925 0.357547 0.018868 0.020755
169 0.191509 0.360377 0.016981 0.026415
170 0.023585 0.405660 0.016981 0.026415
171 0.056604 0.405660 0.018868 0.026415
172 0.089623 0.405660 0.020755 0.026415
173 0.125472 0.405660 0.020755 0.026415
174 0.158491 0.405660 0.018868 0.026415
175 0.181132 0.405660 0.018868 0.026415
176 0.216038 0.405660 0.016981 0.026415
177 0.246226 0.405660 0.016981 0.026415
178 0.277358 0.405660 0.018868 0.026415
179 0.313208 0.405660 0.022642 0.026415
180 0.027358 0.446226 0.043396 0.016981
