100 0.007547 0.031132 0.011321 0.024528
101 0.033962 0.031132 0.015094 0.024528
102 0.065094 0.031132 0.020755 0.024528
103 0.089623 0.031132 0.016981 0.024528
104 0.111321 0.031132 0.018868 0.024528
105 0.149057 0.031132 0.026415 0.024528
106 0.192453 0.034906 0.026415 0.032075
107 0.232075 0.034906 0.018868 0.032075
108 0.256604 0.034906 0.018868 0.032075
109 0.278302 0.033962 0.016981 0.030189
110 0.025472 0.082075 0.016981 0.024528
111 0.067925 0.082075 0.033962 0.024528
112 0.105660 0.082075 0.030189 0.024528
113 0.142453 0.082075 0.016981 0.024528
114 0.167925 0.083019 0.022642 0.026415
115 0.193396 0.082075 0.016981 0.024528
116 0.214151 0.083019 0.016981 0.026415
117 0.246226 0.082075 0.016981 0.024528
118 0.266038 0.082075 0.018868 0.024528
119 0.288679 0.082075 0.018868 0.024528
120 0.011321 0.132075 0.018868 0.033962
121 0.034906 0.127358 0.024528 0.024528
122 0.072642 0.131132 0.024528 0.032075
123 0.102830 0.127358 0.024528 0.024528
124 0.144340 0.131132 0.024528 0.032075
125 0.180189 0.127358 0.016981 0.024528
126 0.214151 0.127358 0.016981 0.024528
127 0.233962 0.127358 0.018868 0.024528
128 0.266038 0.127358 0.011321 0.024528
129 0.283962 0.131132 0.016981 0.032075
130 0.023585 0.181132 0.016981 0.026415
131 0.053774 0.183962 0.016981 0.032075
132 0.074528 0.180189 0.016981 0.024528
133 0.109434 0.182075 0.018868 0.028302
134 0.145283 0.180189 0.018868 0.024528
135 0.178302 0.182075 0.016981 0.028302
136 0.200943 0.180189 0.016981 0.024528
137 0.238679 0.183962 0.024528 0.032075
138 0.263208 0.181132 0.020755 0.026415
139 0.287736 0.182075 0.020755 0.028302
140 0.024528 0.231132 0.015094 0.024528
141 0.042453 0.228302 0.013208 0.018868
142 0.070755 0.221698 0.016981 0.005660
143 0.088679 0.231132 0.011321 0.024528
144 0.109434 0.235849 0.022642 0.033962
145 0.134906 0.220755 0.016981 0.003774
146 0.165094 0.221698 0.016981 0.005660
147 0.199057 0.222642 0.016981 0.007547
148 0.229245 0.221698 0.016981 0.005660
149 0.256604 0.223585 0.007547 0.009434
150 0.010377 0.276415 0.016981 0.009434
151 0.035849 0.274528 0.007547 0.005660
152 0.056604 0.290566 0.026415 0.037736
153 0.085849 0.283962 0.005660 0.024528
154 0.098113 0.283962 0.015094 0.024528
155 0.128302 0.291509 0.011321 0.039623
156 0.157547 0.291509 0.013208 0.039623
157 0.186792 0.293396 0.011321 0.043396
158 0.211321 0.285849 0.011321 0.028302
159 0.228302 0.283962 0.015094 0.024528
160 0.008491 0.338679 0.013208 0.009434
161 0.018868 0.336792 0.003774 0.005660
162 0.028302 0.336792 0.011321 0.005660
163 0.052830 0.336792 0.011321 0.005660
164 0.068868 0.338679 0.009434 0.009434
165 0.083962 0.336792 0.013208 0.005660
166 0.107547 0.336792 0.007547 0.005660
167 0.127358 0.339623 0.020755 0.011321
168 0.151887 0.344340 0.020755 0.020755
169 0.173585 0.347170 0.018868 0.026415
170 0.011321 0.391509 0.011321 0.024528
171 0.029245 0.392453 0.016981 0.026415
172 0.047170 0.391509 0.015094 0.024528
173 0.079245 0.391509 0.018868 0.024528
174 0.112264 0.391509 0.013208 0.024528
175 0.142453 0.392453 0.016981 0.026415
176 0.176415 0.391509 0.016981 0.024528
177 0.199057 0.392453 0.016981 0.026415
178 0.217925 0.391509 0.016981 0.024528
179 0.254717 0.391509 0.022642 0.024528
180 0.040566 0.433962 0.054717 0.018868
