100 0.012264 0.030189 0.013208 0.022642
101 0.044340 0.030189 0.016981 0.022642
102 0.063208 0.030189 0.016981 0.022642
103 0.088679 0.031132 0.022642 0.024528
104 0.113208 0.032075 0.022642 0.026415
105 0.154717 0.030189 0.030189 0.022642
106 0.201887 0.034906 0.030189 0.032075
107 0.242453 0.034906 0.024528 0.032075
108 0.283962 0.034906 0.024528 0.032075
109 0.312264 0.034906 0.020755 0.032075
110 0.016038 0.081132 0.024528 0.022642
111 0.048113 0.081132 0.032075 0.022642
112 0.096226 0.081132 0.030189 0.022642
113 0.122642 0.081132 0.018868 0.022642
114 0.143396 0.081132 0.018868 0.022642
115 0.167925 0.081132 0.018868 0.022642
116 0.193396 0.081132 0.020755 0.022642
117 0.228302 0.081132 0.018868 0.022642
118 0.262264 0.081132 0.018868 0.022642
119 0.299057 0.081132 0.020755 0.022642
120 0.024528 0.127358 0.022642 0.032075
121 0.050000 0.122642 0.020755 0.022642
122 0.073585 0.127358 0.022642 0.032075
123 0.109434 0.122642 0.022642 0.022642
124 0.146226 0.127358 0.024528 0.032075
125 0.174528 0.122642 0.024528 0.022642
126 0.202830 0.122642 0.020755 0.022642
127 0.227358 0.122642 0.020755 0.022642
128 0.262264 0.122642 0.015094 0.022642
129 0.294340 0.127358 0.018868 0.032075
130 0.022642 0.173585 0.018868 0.022642
131 0.050000 0.178302 0.024528 0.032075
132 0.071698 0.173585 0.015094 0.022642
133 0.104717 0.173585 0.020755 0.022642
134 0.138679 0.173585 0.020755 0.022642
135 0.160377 0.173585 0.018868 0.022642
136 0.185849 0.173585 0.020755 0.022642
137 0.223585 0.173585 0.024528 0.022642
138 0.250943 0.173585 0.018868 0.022642
139 0.284906 0.174528 0.018868 0.024528
140 0.023585 0.224528 0.013208 0.022642
141 0.051887 0.223585 0.016981 0.020755
142 0.081132 0.216038 0.015094 0.005660
143 0.113208 0.224528 0.015094 0.022642
144 0.138679 0.229245 0.024528 0.032075
145 0.173585 0.216038 0.015094 0.005660
146 0.204717 0.217925 0.016981 0.009434
147 0.228302 0.216981 0.018868 0.007547
148 0.250000 0.216981 0.016981 0.007547
149 0.274528 0.218868 0.005660 0.011321
150 0.009434 0.269811 0.011321 0.011321
151 0.033962 0.266038 0.003774 0.003774
152 0.047170 0.278302 0.018868 0.028302
153 0.066038 0.274528 0.007547 0.020755
154 0.091509 0.275472 0.016981 0.022642
155 0.110377 0.281132 0.013208 0.033962
156 0.139623 0.281132 0.011321 0.033962
157 0.166038 0.281132 0.011321 0.033962
158 0.183019 0.280189 0.015094 0.032075
159 0.200000 0.279245 0.015094 0.030189
160 0.012264 0.320755 0.013208 0.007547
161 0.025472 0.320755 0.001887 0.007547
162 0.034906 0.321698 0.013208 0.009434
163 0.063208 0.319811 0.013208 0.005660
164 0.091509 0.320755 0.009434 0.007547
165 0.112264 0.320755 0.005660 0.007547
166 0.135849 0.319811 0.007547 0.005660
167 0.162264 0.321698 0.011321 0.009434
168 0.190566 0.324528 0.015094 0.015094
169 0.210377 0.325472 0.016981 0.016981
170 0.025472 0.362264 0.016981 0.018868
171 0.047170 0.362264 0.022642 0.018868
172 0.083019 0.361321 0.022642 0.016981
173 0.108491 0.361321 0.020755 0.016981
174 0.146226 0.363208 0.020755 0.020755
175 0.167925 0.362264 0.018868 0.018868
176 0.207547 0.362264 0.026415 0.018868
177 0.244340 0.361321 0.020755 0.016981
178 0.270755 0.361321 0.020755 0.016981
179 0.295283 0.364151 0.020755 0.022642
180 0.032075 0.401887 0.033962 0.015094
