100 0.010377 0.030189 0.013208 0.022642
101 0.041509 0.030189 0.015094 0.022642
102 0.061321 0.030189 0.016981 0.022642
103 0.083962 0.031132 0.020755 0.024528
104 0.106604 0.031132 0.020755 0.024528
105 0.135849 0.030189 0.026415 0.022642
106 0.164151 0.034906 0.026415 0.032075
107 0.191509 0.036792 0.020755 0.035849
108 0.230189 0.036792 0.022642 0.035849
109 0.267925 0.037736 0.026415 0.037736
110 0.013208 0.087736 0.022642 0.024528
111 0.053774 0.087736 0.028302 0.024528
112 0.083962 0.087736 0.028302 0.024528
113 0.119811 0.087736 0.016981 0.024528
114 0.138679 0.087736 0.016981 0.024528
115 0.168868 0.087736 0.016981 0.024528
116 0.200943 0.087736 0.020755 0.024528
117 0.233019 0.086792 0.016981 0.022642
118 0.266981 0.086792 0.020755 0.022642
119 0.293396 0.086792 0.020755 0.022642
120 0.016981 0.133962 0.022642 0.030189
121 0.055660 0.131132 0.020755 0.024528
122 0.090566 0.134906 0.022642 0.032075
123 0.118868 0.131132 0.022642 0.024528
124 0.157547 0.134906 0.024528 0.032075
125 0.193396 0.131132 0.020755 0.024528
126 0.228302 0.131132 0.022642 0.024528
127 0.266038 0.131132 0.018868 0.024528
128 0.296226 0.131132 0.015094 0.024528
129 0.317925 0.136792 0.016981 0.035849
130 0.023585 0.185849 0.016981 0.024528
131 0.057547 0.191509 0.020755 0.035849
132 0.081132 0.184906 0.015094 0.022642
133 0.102830 0.186792 0.020755 0.026415
134 0.126415 0.185849 0.022642 0.024528
135 0.151887 0.186792 0.020755 0.026415
136 0.178302 0.185849 0.020755 0.024528
137 0.216981 0.185849 0.026415 0.024528
138 0.242453 0.184906 0.016981 0.022642
139 0.274528 0.185849 0.020755 0.024528
140 0.020755 0.240566 0.015094 0.024528
141 0.054717 0.238679 0.018868 0.020755
142 0.087736 0.233019 0.016981 0.009434
143 0.103774 0.240566 0.011321 0.024528
144 0.134906 0.246226 0.020755 0.035849
145 0.167925 0.232075 0.015094 0.007547
146 0.187736 0.233019 0.016981 0.009434
147 0.211321 0.232075 0.018868 0.007547
148 0.234906 0.233019 0.016981 0.009434
149 0.251887 0.233962 0.005660 0.011321
150 0.021698 0.288679 0.013208 0.011321
151 0.042453 0.284906 0.001887 0.003774
152 0.068868 0.299057 0.016981 0.032075
153 0.098113 0.295283 0.007547 0.024528
154 0.114151 0.295283 0.016981 0.024528
155 0.143396 0.301887 0.015094 0.037736
156 0.162264 0.301887 0.011321 0.037736
157 0.188679 0.301887 0.007547 0.037736
158 0.214151 0.300943 0.013208 0.035849
159 0.233019 0.300000 0.016981 0.033962
160 0.020755 0.346226 0.015094 0.013208
161 0.031132 0.342453 0.001887 0.005660
162 0.051887 0.344340 0.013208 0.009434
163 0.083019 0.344340 0.015094 0.009434
164 0.096226 0.342453 0.003774 0.005660
165 0.116038 0.344340 0.009434 0.009434
166 0.129245 0.343396 0.009434 0.007547
167 0.151887 0.345283 0.009434 0.011321
168 0.183962 0.349057 0.020755 0.018868
169 0.208491 0.348113 0.020755 0.016981
170 0.014151 0.386792 0.020755 0.018868
171 0.036792 0.390566 0.020755 0.026415
172 0.061321 0.385849 0.020755 0.016981
173 0.087736 0.388679 0.028302 0.022642
174 0.118868 0.389623 0.022642 0.024528
175 0.157547 0.388679 0.020755 0.022642
176 0.198113 0.388679 0.026415 0.022642
177 0.226415 0.387736 0.022642 0.020755
178 0.252830 0.388679 0.026415 0.022642
179 0.294340 0.389623 0.022642 0.024528
180 0.021698 0.431132 0.032075 0.016981
