100 0.011321 0.030189 0.015094 0.022642
101 0.029245 0.029245 0.016981 0.020755
102 0.050943 0.030189 0.018868 0.022642
103 0.082075 0.029245 0.016981 0.020755
104 0.114151 0.029245 0.016981 0.020755
105 0.138679 0.030189 0.028302 0.022642
106 0.172642 0.034906 0.028302 0.032075
107 0.211321 0.034906 0.018868 0.032075
108 0.243396 0.034906 0.018868 0.032075
109 0.266981 0.035849 0.016981 0.033962
110 0.024528 0.082075 0.022642 0.020755
111 0.065094 0.083019 0.028302 0.022642
112 0.111321 0.083019 0.030189 0.022642
113 0.140566 0.083019 0.016981 0.022642
114 0.170755 0.083019 0.016981 0.022642
115 0.201887 0.083019 0.018868 0.022642
116 0.223585 0.083019 0.020755 0.022642
117 0.255660 0.083019 0.016981 0.022642
118 0.277358 0.083019 0.022642 0.022642
119 0.300943 0.083019 0.020755 0.022642
120 0.023585 0.129245 0.020755 0.032075
121 0.044340 0.124528 0.016981 0.022642
122 0.063208 0.129245 0.016981 0.032075
123 0.099057 0.124528 0.020755 0.022642
124 0.133019 0.128302 0.020755 0.030189
125 0.154717 0.124528 0.018868 0.022642
126 0.187736 0.124528 0.020755 0.022642
127 0.208491 0.124528 0.016981 0.022642
128 0.231132 0.124528 0.016981 0.022642
129 0.250943 0.128302 0.018868 0.030189
130 0.011321 0.175472 0.018868 0.022642
131 0.035849 0.180189 0.018868 0.032075
132 0.058491 0.175472 0.015094 0.022642
133 0.077358 0.175472 0.018868 0.022642
134 0.110377 0.175472 0.020755 0.022642
135 0.132075 0.175472 0.018868 0.022642
136 0.157547 0.175472 0.020755 0.022642
137 0.185849 0.175472 0.024528 0.022642
138 0.209434 0.175472 0.018868 0.022642
139 0.244340 0.175472 0.016981 0.022642
140 0.021698 0.225472 0.016981 0.020755
141 0.043396 0.224528 0.015094 0.018868
142 0.062264 0.219811 0.015094 0.009434
143 0.079245 0.226415 0.015094 0.022642
144 0.116038 0.229245 0.024528 0.028302
145 0.138679 0.217925 0.016981 0.005660
146 0.168868 0.219811 0.016981 0.009434
147 0.190566 0.219811 0.018868 0.009434
148 0.221698 0.219811 0.016981 0.009434
149 0.236792 0.220755 0.005660 0.011321
150 0.022642 0.267925 0.011321 0.011321
151 0.042453 0.264151 0.001887 0.003774
152 0.068868 0.277358 0.020755 0.030189
153 0.085849 0.273585 0.005660 0.022642
154 0.100000 0.273585 0.015094 0.022642
155 0.119811 0.281132 0.013208 0.037736
156 0.145283 0.281132 0.011321 0.037736
157 0.162264 0.281132 0.011321 0.037736
158 0.177358 0.278302 0.015094 0.032075
159 0.194340 0.278302 0.015094 0.032075
160 0.008491 0.324528 0.013208 0.011321
161 0.021698 0.322642 0.001887 0.007547
162 0.043396 0.322642 0.011321 0.007547
163 0.072642 0.322642 0.016981 0.007547
164 0.097170 0.321698 0.005660 0.005660
165 0.118868 0.323585 0.007547 0.009434
166 0.142453 0.319811 0.005660 0.001887
167 0.166981 0.325472 0.009434 0.013208
168 0.183019 0.328302 0.018868 0.018868
169 0.205660 0.327358 0.018868 0.016981
170 0.013208 0.366038 0.018868 0.018868
171 0.048113 0.366981 0.020755 0.020755
172 0.082075 0.365094 0.020755 0.016981
173 0.104717 0.366981 0.020755 0.020755
174 0.131132 0.367925 0.020755 0.022642
175 0.152830 0.366981 0.018868 0.020755
176 0.191509 0.366981 0.024528 0.020755
177 0.217925 0.366981 0.020755 0.020755
178 0.251887 0.366981 0.020755 0.020755
179 0.275472 0.367925 0.022642 0.022642
180 0.018868 0.407547 0.030189 0.018868
