100 0.021698 0.030189 0.013208 0.022642
101 0.040566 0.030189 0.016981 0.022642
102 0.076415 0.030189 0.020755 0.022642
103 0.111321 0.031132 0.018868 0.024528
104 0.136792 0.031132 0.020755 0.024528
105 0.166038 0.030189 0.026415 0.022642
106 0.194340 0.034906 0.026415 0.032075
107 0.220755 0.034906 0.022642 0.032075
108 0.245283 0.034906 0.022642 0.032075
109 0.281132 0.035849 0.022642 0.033962
110 0.029245 0.082075 0.024528 0.020755
111 0.070755 0.082075 0.028302 0.020755
112 0.111321 0.083019 0.026415 0.022642
113 0.139623 0.082075 0.018868 0.020755
114 0.175472 0.082075 0.018868 0.020755
115 0.195283 0.083019 0.016981 0.022642
116 0.229245 0.082075 0.020755 0.020755
117 0.262264 0.082075 0.015094 0.020755
118 0.297170 0.083019 0.020755 0.022642
119 0.321698 0.083019 0.020755 0.022642
120 0.025472 0.127358 0.020755 0.028302
121 0.048113 0.124528 0.020755 0.022642
122 0.073585 0.129245 0.022642 0.032075
123 0.111321 0.124528 0.022642 0.022642
124 0.150000 0.129245 0.024528 0.032075
125 0.190566 0.124528 0.022642 0.022642
126 0.229245 0.124528 0.020755 0.022642
127 0.264151 0.124528 0.018868 0.022642
128 0.295283 0.123585 0.013208 0.020755
129 0.325472 0.129245 0.016981 0.032075
130 0.025472 0.175472 0.016981 0.022642
131 0.062264 0.180189 0.022642 0.032075
132 0.084906 0.175472 0.015094 0.022642
133 0.106604 0.176415 0.020755 0.024528
134 0.141509 0.175472 0.022642 0.022642
135 0.165094 0.176415 0.020755 0.024528
136 0.200943 0.175472 0.020755 0.022642
137 0.239623 0.179245 0.026415 0.030189
138 0.276415 0.175472 0.016981 0.022642
139 0.300000 0.175472 0.018868 0.022642
140 0.014151 0.225472 0.016981 0.020755
141 0.032075 0.226415 0.015094 0.022642
142 0.062264 0.218868 0.015094 0.007547
143 0.081132 0.226415 0.011321 0.022642
144 0.101887 0.232075 0.018868 0.033962
145 0.125472 0.219811 0.016981 0.009434
146 0.155660 0.220755 0.016981 0.011321
147 0.188679 0.221698 0.015094 0.013208
148 0.208491 0.220755 0.016981 0.011321
149 0.225472 0.220755 0.005660 0.011321
150 0.023585 0.273585 0.013208 0.011321
151 0.036792 0.269811 0.001887 0.003774
152 0.059434 0.280189 0.013208 0.024528
153 0.084906 0.276415 0.007547 0.016981
154 0.113208 0.278302 0.018868 0.020755
155 0.143396 0.287736 0.011321 0.039623
156 0.160377 0.288679 0.011321 0.041509
157 0.178302 0.288679 0.013208 0.041509
158 0.205660 0.283962 0.011321 0.032075
159 0.233962 0.282075 0.018868 0.028302
160 0.010377 0.333962 0.013208 0.011321
161 0.024528 0.332075 0.003774 0.007547
162 0.048113 0.332075 0.013208 0.007547
163 0.080189 0.333019 0.016981 0.009434
164 0.107547 0.331132 0.007547 0.005660
165 0.118868 0.334906 0.011321 0.013208
166 0.142453 0.332075 0.005660 0.007547
167 0.157547 0.334906 0.013208 0.013208
168 0.189623 0.338679 0.020755 0.020755
169 0.222642 0.335849 0.018868 0.015094
170 0.022642 0.376415 0.018868 0.016981
171 0.048113 0.379245 0.024528 0.022642
172 0.077358 0.375472 0.022642 0.015094
173 0.104717 0.378302 0.024528 0.020755
174 0.146226 0.380189 0.024528 0.024528
175 0.172642 0.377358 0.016981 0.018868
176 0.209434 0.378302 0.026415 0.020755
177 0.250000 0.377358 0.024528 0.018868
178 0.278302 0.376415 0.024528 0.016981
179 0.305660 0.378302 0.018868 0.020755
180 0.025472 0.420755 0.043396 0.018868
