100 0.008491 0.030189 0.013208 0.022642
101 0.040566 0.030189 0.016981 0.022642
102 0.062264 0.030189 0.022642 0.022642
103 0.097170 0.032075 0.016981 0.026415
104 0.120755 0.032075 0.018868 0.026415
105 0.158491 0.030189 0.022642 0.022642
106 0.186792 0.034906 0.022642 0.032075
107 0.211321 0.035849 0.018868 0.033962
108 0.245283 0.035849 0.018868 0.033962
109 0.266981 0.035849 0.016981 0.033962
110 0.014151 0.083019 0.020755 0.022642
111 0.038679 0.083019 0.024528 0.022642
112 0.080189 0.083019 0.028302 0.022642
113 0.108491 0.083019 0.016981 0.022642
114 0.131132 0.083019 0.016981 0.022642
115 0.161321 0.083019 0.016981 0.022642
116 0.194340 0.083019 0.018868 0.022642
117 0.215094 0.083019 0.015094 0.022642
118 0.246226 0.083019 0.020755 0.022642
119 0.279245 0.083019 0.018868 0.022642
120 0.026415 0.131132 0.018868 0.035849
121 0.047170 0.124528 0.015094 0.022642
122 0.075472 0.131132 0.015094 0.035849
123 0.108491 0.124528 0.020755 0.022642
124 0.142453 0.131132 0.020755 0.035849
125 0.175472 0.124528 0.018868 0.022642
126 0.206604 0.124528 0.016981 0.022642
127 0.238679 0.124528 0.013208 0.022642
128 0.256604 0.124528 0.015094 0.022642
129 0.273585 0.129245 0.015094 0.032075
130 0.014151 0.179245 0.016981 0.022642
131 0.047170 0.183962 0.018868 0.032075
132 0.077358 0.179245 0.015094 0.022642
133 0.095283 0.181132 0.016981 0.026415
134 0.118868 0.179245 0.022642 0.022642
135 0.155660 0.181132 0.016981 0.026415
136 0.186792 0.179245 0.018868 0.022642
137 0.224528 0.181132 0.022642 0.026415
138 0.259434 0.179245 0.016981 0.022642
139 0.293396 0.181132 0.016981 0.026415
140 0.011321 0.230189 0.015094 0.022642
141 0.039623 0.229245 0.011321 0.020755
142 0.066981 0.223585 0.016981 0.009434
143 0.095283 0.230189 0.013208 0.022642
144 0.118868 0.237736 0.022642 0.037736
145 0.151887 0.222642 0.016981 0.007547
146 0.170755 0.223585 0.016981 0.009434
147 0.188679 0.224528 0.015094 0.011321
148 0.210377 0.223585 0.016981 0.009434
149 0.223585 0.224528 0.005660 0.011321
150 0.012264 0.282075 0.013208 0.013208
151 0.033019 0.277358 0.001887 0.003774
152 0.056604 0.293396 0.018868 0.035849
153 0.075472 0.286792 0.007547 0.022642
154 0.102830 0.286792 0.016981 0.022642
155 0.123585 0.294340 0.016981 0.037736
156 0.145283 0.294340 0.015094 0.037736
157 0.172642 0.294340 0.013208 0.037736
158 0.200000 0.290566 0.015094 0.030189
159 0.220755 0.290566 0.015094 0.030189
160 0.024528 0.338679 0.015094 0.013208
161 0.037736 0.334906 0.003774 0.005660
162 0.050943 0.338679 0.015094 0.013208
163 0.079245 0.336792 0.015094 0.009434
164 0.107547 0.336792 0.007547 0.009434
165 0.122642 0.335849 0.011321 0.007547
166 0.133962 0.335849 0.007547 0.007547
167 0.145283 0.338679 0.011321 0.013208
168 0.175472 0.343396 0.022642 0.022642
169 0.198113 0.340566 0.018868 0.016981
170 0.012264 0.384906 0.020755 0.022642
171 0.049057 0.384906 0.022642 0.022642
172 0.072642 0.382075 0.020755 0.016981
173 0.111321 0.385849 0.022642 0.024528
174 0.151887 0.385849 0.024528 0.024528
175 0.180189 0.384906 0.024528 0.022642
176 0.219811 0.385849 0.024528 0.024528
177 0.250000 0.385849 0.024528 0.024528
178 0.289623 0.385849 0.024528 0.024528
179 0.324528 0.384906 0.018868 0.022642
180 0.030189 0.427358 0.049057 0.020755
