100 0.033962 0.034906 0.033962 0.032075
101 0.069811 0.034906 0.033962 0.032075
102 0.110377 0.034906 0.035849 0.032075
103 0.163208 0.034906 0.035849 0.032075
104 0.212264 0.034906 0.035849 0.032075
105 0.270755 0.034906 0.054717 0.032075
106 0.342453 0.039623 0.054717 0.041509
107 0.400943 0.042453 0.035849 0.047170
108 0.453774 0.042453 0.035849 0.047170
109 0.494340 0.041509 0.033962 0.045283
110 0.035849 0.100943 0.041509 0.032075
111 0.091509 0.100943 0.058491 0.032075
112 0.166981 0.100943 0.058491 0.032075
113 0.216981 0.100943 0.037736 0.032075
114 0.268868 0.100943 0.039623 0.032075
115 0.313208 0.100943 0.037736 0.032075
116 0.366981 0.100943 0.039623 0.032075
117 0.419811 0.100943 0.032075 0.032075
118 0.461321 0.100943 0.039623 0.032075
119 0.514151 0.100943 0.035849 0.032075
120 0.019811 0.157547 0.035849 0.043396
121 0.074528 0.151887 0.039623 0.032075
122 0.116038 0.157547 0.039623 0.043396
123 0.171698 0.150943 0.041509 0.030189
124 0.228302 0.157547 0.041509 0.043396
125 0.281132 0.151887 0.037736 0.032075
126 0.334906 0.151887 0.035849 0.032075
127 0.375472 0.151887 0.033962 0.032075
128 0.412264 0.151887 0.028302 0.032075
129 0.460377 0.158491 0.037736 0.045283
130 0.019811 0.216038 0.035849 0.032075
131 0.062264 0.222642 0.037736 0.045283
132 0.100943 0.216038 0.032075 0.032075
133 0.138679 0.216981 0.039623 0.033962
134 0.190566 0.216038 0.037736 0.032075
135 0.233019 0.216981 0.035849 0.033962
136 0.276415 0.216038 0.039623 0.032075
137 0.330189 0.220755 0.041509 0.041509
138 0.380189 0.216038 0.032075 0.032075
139 0.417925 0.216981 0.032075 0.033962
140 0.033962 0.279245 0.033962 0.030189
141 0.073585 0.278302 0.015094 0.028302
142 0.098113 0.268868 0.026415 0.009434
143 0.126415 0.280189 0.026415 0.032075
144 0.178302 0.286792 0.047170 0.045283
145 0.229245 0.266981 0.028302 0.005660
146 0.262264 0.267925 0.030189 0.007547
147 0.306604 0.267925 0.032075 0.007547
148 0.354717 0.267925 0.030189 0.007547
149 0.380189 0.269811 0.013208 0.011321
150 0.027358 0.333962 0.024528 0.011321
151 0.057547 0.333019 0.009434 0.009434
152 0.086792 0.353774 0.037736 0.050943
153 0.117925 0.344340 0.013208 0.032075
154 0.158491 0.344340 0.033962 0.032075
155 0.194340 0.353774 0.030189 0.050943
156 0.225472 0.353774 0.024528 0.050943
157 0.257547 0.353774 0.028302 0.050943
158 0.288679 0.350943 0.026415 0.045283
159 0.325472 0.350943 0.035849 0.045283
160 0.016038 0.404717 0.024528 0.013208
161 0.036792 0.403774 0.009434 0.011321
162 0.055660 0.402830 0.024528 0.009434
163 0.085849 0.402830 0.032075 0.009434
164 0.125472 0.403774 0.020755 0.011321
165 0.160377 0.403774 0.015094 0.011321
166 0.188679 0.402830 0.015094 0.009434
167 0.217925 0.406604 0.009434 0.016981
168 0.236792 0.410377 0.024528 0.024528
169 0.267925 0.412264 0.033962 0.028302
170 0.031132 0.459434 0.032075 0.028302
171 0.083019 0.465094 0.041509 0.039623
172 0.127358 0.459434 0.039623 0.028302
173 0.167925 0.464151 0.033962 0.037736
174 0.203774 0.464151 0.033962 0.037736
175 0.250943 0.465094 0.033962 0.039623
176 0.308491 0.465094 0.050943 0.039623
177 0.367925 0.464151 0.037736 0.037736
178 0.410377 0.464151 0.039623 0.037736
179 0.468868 0.460377 0.050943 0.030189
180 0.038679 0.517925 0.066038 0.028302
