100 0.019811 0.030189 0.013208 0.022642
101 0.035849 0.029245 0.015094 0.020755
102 0.068868 0.029245 0.016981 0.020755
103 0.092453 0.031132 0.018868 0.024528
104 0.124528 0.030189 0.018868 0.022642
105 0.151887 0.029245 0.028302 0.020755
106 0.197170 0.033962 0.028302 0.030189
107 0.234906 0.036792 0.020755 0.035849
108 0.270755 0.035849 0.024528 0.033962
109 0.300943 0.037736 0.024528 0.037736
110 0.028302 0.086792 0.022642 0.022642
111 0.067925 0.085849 0.030189 0.020755
112 0.098113 0.085849 0.026415 0.020755
113 0.135849 0.085849 0.018868 0.020755
114 0.157547 0.085849 0.020755 0.020755
115 0.189623 0.085849 0.016981 0.020755
116 0.224528 0.085849 0.018868 0.020755
117 0.256604 0.085849 0.015094 0.020755
118 0.289623 0.086792 0.020755 0.022642
119 0.326415 0.086792 0.018868 0.022642
120 0.016981 0.133019 0.022642 0.032075
121 0.053774 0.128302 0.020755 0.022642
122 0.092453 0.133019 0.022642 0.032075
123 0.119811 0.128302 0.020755 0.022642
124 0.155660 0.133019 0.024528 0.032075
125 0.192453 0.127358 0.022642 0.020755
126 0.219811 0.128302 0.020755 0.022642
127 0.252830 0.128302 0.018868 0.022642
128 0.286792 0.127358 0.015094 0.020755
129 0.317925 0.133962 0.016981 0.033962
130 0.014151 0.180189 0.016981 0.020755
131 0.034906 0.185849 0.020755 0.032075
132 0.057547 0.180189 0.013208 0.020755
133 0.088679 0.181132 0.022642 0.022642
134 0.112264 0.181132 0.020755 0.022642
135 0.147170 0.181132 0.018868 0.022642
136 0.169811 0.181132 0.018868 0.022642
137 0.206604 0.184906 0.024528 0.030189
138 0.233019 0.180189 0.016981 0.020755
139 0.257547 0.181132 0.020755 0.022642
140 0.011321 0.232075 0.015094 0.022642
141 0.043396 0.232075 0.015094 0.022642
142 0.073585 0.224528 0.015094 0.007547
143 0.090566 0.231132 0.015094 0.020755
144 0.124528 0.237736 0.018868 0.033962
145 0.159434 0.225472 0.016981 0.009434
146 0.190566 0.226415 0.018868 0.011321
147 0.215094 0.227358 0.018868 0.013208
148 0.249057 0.226415 0.018868 0.011321
149 0.278302 0.225472 0.005660 0.009434
150 0.018868 0.279245 0.011321 0.011321
151 0.044340 0.276415 0.005660 0.005660
152 0.071698 0.287736 0.015094 0.028302
153 0.099057 0.284906 0.005660 0.022642
154 0.113208 0.284906 0.015094 0.022642
155 0.145283 0.291509 0.015094 0.035849
156 0.175472 0.291509 0.011321 0.035849
157 0.189623 0.292453 0.009434 0.037736
158 0.215094 0.289623 0.015094 0.032075
159 0.244340 0.290566 0.016981 0.033962
160 0.022642 0.335849 0.015094 0.011321
161 0.035849 0.334906 0.003774 0.009434
162 0.058491 0.334906 0.015094 0.009434
163 0.080189 0.335849 0.016981 0.011321
164 0.110377 0.334906 0.009434 0.009434
165 0.121698 0.334906 0.009434 0.009434
166 0.133962 0.334906 0.007547 0.009434
167 0.159434 0.338679 0.016981 0.016981
168 0.178302 0.338679 0.016981 0.016981
169 0.199057 0.337736 0.016981 0.015094
170 0.015094 0.374528 0.018868 0.016981
171 0.051887 0.376415 0.020755 0.020755
172 0.077358 0.373585 0.018868 0.015094
173 0.111321 0.375472 0.022642 0.018868
174 0.150000 0.376415 0.024528 0.020755
175 0.187736 0.375472 0.016981 0.018868
176 0.221698 0.376415 0.024528 0.020755
177 0.258491 0.375472 0.022642 0.018868
178 0.297170 0.376415 0.024528 0.020755
179 0.322642 0.377358 0.022642 0.022642
180 0.022642 0.416981 0.041509 0.018868
