100 0.020755 0.030189 0.015094 0.022642
101 0.052830 0.029245 0.015094 0.020755
102 0.070755 0.030189 0.016981 0.022642
103 0.095283 0.031132 0.020755 0.024528
104 0.133962 0.030189 0.022642 0.022642
105 0.176415 0.030189 0.028302 0.022642
106 0.221698 0.034906 0.028302 0.032075
107 0.262264 0.034906 0.022642 0.032075
108 0.289623 0.034906 0.024528 0.032075
109 0.314151 0.034906 0.016981 0.032075
110 0.015094 0.081132 0.022642 0.022642
111 0.043396 0.081132 0.026415 0.022642
112 0.070755 0.081132 0.024528 0.022642
113 0.107547 0.081132 0.018868 0.022642
114 0.132075 0.081132 0.018868 0.022642
115 0.166038 0.081132 0.015094 0.022642
116 0.184906 0.081132 0.018868 0.022642
117 0.219811 0.081132 0.016981 0.022642
118 0.254717 0.081132 0.018868 0.022642
119 0.275472 0.081132 0.018868 0.022642
120 0.012264 0.126415 0.020755 0.030189
121 0.048113 0.122642 0.020755 0.022642
122 0.075472 0.127358 0.022642 0.032075
123 0.100943 0.122642 0.020755 0.022642
124 0.124528 0.127358 0.022642 0.032075
125 0.150000 0.122642 0.020755 0.022642
126 0.173585 0.122642 0.022642 0.022642
127 0.209434 0.122642 0.018868 0.022642
128 0.232075 0.122642 0.015094 0.022642
129 0.262264 0.125472 0.015094 0.028302
130 0.021698 0.173585 0.016981 0.022642
131 0.057547 0.176415 0.020755 0.028302
132 0.089623 0.173585 0.009434 0.022642
133 0.122642 0.174528 0.022642 0.024528
134 0.145283 0.173585 0.018868 0.022642
135 0.182075 0.174528 0.020755 0.024528
136 0.218868 0.173585 0.018868 0.022642
137 0.256604 0.175472 0.026415 0.026415
138 0.295283 0.173585 0.016981 0.022642
139 0.330189 0.173585 0.018868 0.022642
140 0.009434 0.220755 0.015094 0.022642
141 0.026415 0.218868 0.015094 0.018868
142 0.048113 0.213208 0.016981 0.007547
143 0.068868 0.219811 0.013208 0.020755
144 0.093396 0.225472 0.024528 0.032075
145 0.130189 0.213208 0.018868 0.007547
146 0.150000 0.213208 0.016981 0.007547
147 0.183019 0.215094 0.018868 0.011321
148 0.216981 0.213208 0.018868 0.007547
149 0.235849 0.214151 0.007547 0.009434
150 0.007547 0.265094 0.011321 0.009434
151 0.020755 0.264151 0.007547 0.007547
152 0.051887 0.275472 0.020755 0.030189
153 0.068868 0.270755 0.005660 0.020755
154 0.082075 0.270755 0.016981 0.020755
155 0.104717 0.278302 0.016981 0.035849
156 0.124528 0.278302 0.015094 0.035849
157 0.152830 0.278302 0.011321 0.035849
158 0.182075 0.276415 0.013208 0.032075
159 0.199057 0.277358 0.016981 0.033962
160 0.024528 0.320755 0.015094 0.011321
161 0.050000 0.317925 0.001887 0.005660
162 0.061321 0.319811 0.009434 0.009434
163 0.076415 0.318868 0.013208 0.007547
164 0.103774 0.316981 0.007547 0.003774
165 0.130189 0.319811 0.011321 0.009434
166 0.153774 0.319811 0.009434 0.009434
167 0.164151 0.320755 0.007547 0.011321
168 0.189623 0.324528 0.016981 0.018868
169 0.212264 0.322642 0.016981 0.015094
170 0.025472 0.360377 0.016981 0.015094
171 0.046226 0.363208 0.020755 0.020755
172 0.071698 0.360377 0.018868 0.015094
173 0.097170 0.362264 0.020755 0.018868
174 0.123585 0.363208 0.020755 0.020755
175 0.143396 0.364151 0.015094 0.022642
176 0.166038 0.363208 0.022642 0.020755
177 0.203774 0.363208 0.022642 0.020755
178 0.231132 0.361321 0.020755 0.016981
179 0.253774 0.363208 0.016981 0.020755
180 0.019811 0.400943 0.035849 0.013208
