0 0.018868 0.030189 0.003774 0.022642
1 0.039623 0.030189 0.007547 0.022642
2 0.051887 0.026415 0.013208 0.015094
3 0.080189 0.033019 0.013208 0.028302
4 0.101887 0.031132 0.018868 0.024528
5 0.133019 0.030189 0.016981 0.022642
6 0.144340 0.030189 0.001887 0.022642
7 0.152830 0.033019 0.007547 0.028302
8 0.173585 0.033019 0.007547 0.028302
9 0.183962 0.024528 0.009434 0.011321
10 0.021698 0.071698 0.009434 0.011321
11 0.046226 0.077358 0.005660 0.022642
12 0.070755 0.071698 0.009434 0.011321
13 0.080189 0.075472 0.001887 0.018868
14 0.087736 0.079245 0.009434 0.026415
15 0.117925 0.076415 0.016981 0.020755
16 0.142453 0.075472 0.005660 0.018868
17 0.168868 0.077358 0.013208 0.022642
18 0.186792 0.077358 0.015094 0.022642
19 0.208491 0.077358 0.016981 0.022642
20 0.024528 0.122642 0.015094 0.022642
21 0.043396 0.122642 0.015094 0.022642
22 0.062264 0.122642 0.011321 0.022642
23 0.081132 0.122642 0.015094 0.022642
24 0.100000 0.122642 0.015094 0.022642
25 0.116038 0.117925 0.005660 0.013208
26 0.135849 0.119811 0.003774 0.016981
27 0.150943 0.117925 0.015094 0.013208
28 0.180189 0.115094 0.013208 0.007547
29 0.196226 0.117925 0.015094 0.013208
30 0.012264 0.165094 0.013208 0.024528
31 0.046226 0.164151 0.020755 0.022642
32 0.078302 0.164151 0.016981 0.022642
33 0.096226 0.164151 0.015094 0.022642
34 0.118868 0.164151 0.018868 0.022642
35 0.151887 0.165094 0.016981 0.024528
36 0.183962 0.164151 0.013208 0.022642
37 0.202830 0.163208 0.013208 0.020755
38 0.220755 0.164151 0.018868 0.022642
39 0.243396 0.163208 0.015094 0.020755
40 0.008491 0.207547 0.009434 0.022642
41 0.038679 0.207547 0.016981 0.022642
42 0.059434 0.207547 0.016981 0.022642
43 0.080189 0.205660 0.013208 0.018868
44 0.100000 0.207547 0.018868 0.022642
45 0.134906 0.207547 0.016981 0.022642
46 0.155660 0.207547 0.020755 0.022642
47 0.175472 0.206604 0.015094 0.020755
48 0.195283 0.207547 0.020755 0.022642
49 0.230189 0.207547 0.015094 0.022642
50 0.019811 0.249057 0.013208 0.022642
51 0.038679 0.249057 0.013208 0.022642
52 0.066981 0.249057 0.016981 0.022642
53 0.089623 0.249057 0.016981 0.022642
54 0.112264 0.249057 0.024528 0.022642
55 0.146226 0.249057 0.016981 0.022642
56 0.168868 0.249057 0.016981 0.022642
57 0.190566 0.249057 0.018868 0.022642
58 0.208491 0.251887 0.005660 0.028302
59 0.230189 0.251887 0.011321 0.028302
60 0.006604 0.299057 0.005660 0.028302
61 0.019811 0.300000 0.013208 0.030189
62 0.043396 0.292453 0.026415 0.015094
63 0.061321 0.293396 0.005660 0.016981
64 0.077358 0.293396 0.015094 0.016981
65 0.108491 0.296226 0.016981 0.022642
66 0.136792 0.293396 0.013208 0.016981
67 0.152830 0.299057 0.015094 0.028302
68 0.183019 0.293396 0.015094 0.016981
69 0.209434 0.297170 0.011321 0.024528
70 0.013208 0.347170 0.015094 0.026415
71 0.031132 0.346226 0.013208 0.024528
72 0.043396 0.346226 0.003774 0.024528
73 0.053774 0.350000 0.009434 0.032075
74 0.069811 0.346226 0.011321 0.024528
75 0.080189 0.346226 0.001887 0.024528
76 0.093396 0.342453 0.020755 0.016981
77 0.123585 0.342453 0.013208 0.016981
78 0.139623 0.342453 0.015094 0.016981
79 0.160377 0.346226 0.015094 0.024528
80 0.010377 0.397170 0.016981 0.024528
81 0.038679 0.393396 0.009434 0.016981
82 0.062264 0.393396 0.011321 0.016981
83 0.087736 0.396226 0.009434 0.022642
84 0.102830 0.393396 0.013208 0.016981
85 0.119811 0.393396 0.013208 0.016981
86 0.142453 0.393396 0.020755 0.016981
87 0.161321 0.393396 0.013208 0.016981
88 0.176415 0.397170 0.013208 0.024528
89 0.204717 0.393396 0.013208 0.016981
90 0.020755 0.443396 0.007547 0.030189
91 0.037736 0.428302 0.000000 0.000000
92 0.047170 0.443396 0.007547 0.030189
93 0.061321 0.433962 0.009434 0.011321
94 0.076415 0.438679 0.016981 0.020755
95 0.093396 0.438679 0.013208 0.020755
96 0.124528 0.438679 0.015094 0.020755
97 0.144340 0.438679 0.016981 0.020755
98 0.164151 0.438679 0.018868 0.020755
99 0.189623 0.438679 0.020755 0.020755
