100 0.014151 0.030189 0.020755 0.022642
101 0.040566 0.030189 0.024528 0.022642
102 0.072642 0.030189 0.032075 0.022642
103 0.116038 0.031132 0.024528 0.024528
104 0.155660 0.031132 0.024528 0.024528
105 0.205660 0.030189 0.041509 0.022642
106 0.265094 0.034906 0.043396 0.032075
107 0.317925 0.036792 0.028302 0.035849
108 0.363208 0.036792 0.028302 0.035849
109 0.391509 0.035849 0.024528 0.033962
110 0.016038 0.084906 0.028302 0.022642
111 0.054717 0.084906 0.041509 0.022642
112 0.102830 0.084906 0.047170 0.022642
113 0.143396 0.084906 0.026415 0.022642
114 0.173585 0.084906 0.026415 0.022642
115 0.216981 0.084906 0.026415 0.022642
116 0.246226 0.084906 0.028302 0.022642
117 0.288679 0.084906 0.026415 0.022642
118 0.335849 0.084906 0.033962 0.022642
119 0.370755 0.084906 0.028302 0.022642
120 0.029245 0.130189 0.028302 0.030189
121 0.071698 0.126415 0.026415 0.022642
122 0.100000 0.130189 0.026415 0.030189
123 0.131132 0.126415 0.032075 0.022642
124 0.166981 0.130189 0.032075 0.030189
125 0.202830 0.126415 0.028302 0.022642
126 0.247170 0.126415 0.030189 0.022642
127 0.287736 0.126415 0.024528 0.022642
128 0.328302 0.126415 0.022642 0.022642
129 0.366038 0.130189 0.026415 0.030189
130 0.017925 0.175472 0.024528 0.022642
131 0.048113 0.179245 0.028302 0.030189
132 0.075472 0.175472 0.022642 0.022642
133 0.113208 0.176415 0.026415 0.024528
134 0.158491 0.175472 0.033962 0.022642
135 0.202830 0.176415 0.024528 0.024528
136 0.244340 0.175472 0.028302 0.022642
137 0.291509 0.181132 0.032075 0.033962
138 0.336792 0.175472 0.024528 0.022642
139 0.378302 0.177358 0.024528 0.026415
140 0.025472 0.228302 0.020755 0.022642
141 0.057547 0.228302 0.016981 0.022642
142 0.090566 0.221698 0.018868 0.009434
143 0.114151 0.228302 0.020755 0.022642
144 0.153774 0.234906 0.032075 0.035849
145 0.185849 0.219811 0.024528 0.005660
146 0.227358 0.222642 0.024528 0.011321
147 0.257547 0.222642 0.024528 0.011321
148 0.285849 0.222642 0.024528 0.011321
149 0.308491 0.221698 0.009434 0.009434
150 0.015094 0.276415 0.018868 0.009434
151 0.033962 0.274528 0.007547 0.005660
152 0.051887 0.288679 0.024528 0.033962
153 0.071698 0.283019 0.011321 0.022642
154 0.104717 0.283019 0.024528 0.022642
155 0.143396 0.291509 0.018868 0.039623
156 0.165094 0.291509 0.020755 0.039623
157 0.200943 0.291509 0.020755 0.039623
158 0.223585 0.286792 0.020755 0.030189
159 0.261321 0.284906 0.020755 0.026415
160 0.015094 0.334906 0.018868 0.009434
161 0.033962 0.333962 0.007547 0.007547
162 0.049057 0.334906 0.015094 0.009434
163 0.083019 0.333962 0.018868 0.007547
164 0.102830 0.334906 0.013208 0.009434
165 0.128302 0.333962 0.011321 0.007547
166 0.140566 0.333962 0.009434 0.007547
167 0.167925 0.336792 0.015094 0.013208
168 0.188679 0.341509 0.022642 0.022642
169 0.228302 0.339623 0.022642 0.018868
170 0.016981 0.381132 0.022642 0.018868
171 0.043396 0.382075 0.026415 0.020755
172 0.069811 0.381132 0.022642 0.018868
173 0.096226 0.382075 0.026415 0.020755
174 0.128302 0.383962 0.026415 0.024528
175 0.156604 0.382075 0.026415 0.020755
176 0.201887 0.381132 0.030189 0.018868
177 0.246226 0.382075 0.024528 0.020755
178 0.278302 0.382075 0.028302 0.020755
179 0.311321 0.383019 0.030189 0.022642
180 0.035849 0.423585 0.037736 0.016981
