100 0.016981 0.033962 0.026415 0.030189
101 0.045283 0.033962 0.026415 0.030189
102 0.077358 0.033962 0.026415 0.030189
103 0.107547 0.033962 0.026415 0.030189
104 0.139623 0.033962 0.030189 0.030189
105 0.189623 0.033962 0.043396 0.030189
106 0.236792 0.038679 0.043396 0.039623
107 0.275472 0.038679 0.030189 0.039623
108 0.318868 0.039623 0.030189 0.041509
109 0.355660 0.040566 0.032075 0.043396
110 0.018868 0.096226 0.030189 0.030189
111 0.060377 0.096226 0.045283 0.030189
112 0.110377 0.096226 0.043396 0.030189
113 0.148113 0.096226 0.028302 0.030189
114 0.181132 0.096226 0.030189 0.030189
115 0.214151 0.096226 0.028302 0.030189
116 0.247170 0.096226 0.026415 0.030189
117 0.285849 0.096226 0.024528 0.030189
118 0.328302 0.096226 0.026415 0.030189
119 0.358491 0.096226 0.026415 0.030189
120 0.026415 0.150000 0.026415 0.039623
121 0.059434 0.145283 0.032075 0.030189
122 0.106604 0.150000 0.032075 0.039623
123 0.155660 0.145283 0.032075 0.030189
124 0.189623 0.150000 0.032075 0.039623
125 0.233962 0.145283 0.030189 0.030189
126 0.264151 0.145283 0.026415 0.030189
127 0.293396 0.145283 0.028302 0.030189
128 0.323585 0.145283 0.024528 0.030189
129 0.365094 0.150943 0.028302 0.041509
130 0.015094 0.205660 0.026415 0.030189
131 0.058491 0.211321 0.030189 0.041509
132 0.102830 0.205660 0.024528 0.030189
133 0.135849 0.205660 0.033962 0.030189
134 0.174528 0.205660 0.032075 0.030189
135 0.212264 0.205660 0.032075 0.030189
136 0.256604 0.205660 0.026415 0.030189
137 0.304717 0.205660 0.035849 0.030189
138 0.351887 0.205660 0.028302 0.030189
139 0.383962 0.205660 0.032075 0.030189
140 0.017925 0.266038 0.024528 0.030189
141 0.042453 0.262264 0.020755 0.022642
142 0.069811 0.255660 0.022642 0.009434
143 0.106604 0.266038 0.020755 0.030189
144 0.150943 0.273585 0.041509 0.045283
145 0.198113 0.254717 0.022642 0.007547
146 0.226415 0.255660 0.022642 0.009434
147 0.266038 0.256604 0.022642 0.011321
148 0.301887 0.255660 0.022642 0.009434
149 0.332075 0.257547 0.011321 0.013208
150 0.022642 0.321698 0.018868 0.013208
151 0.037736 0.318868 0.007547 0.007547
152 0.067925 0.337736 0.026415 0.045283
153 0.104717 0.330189 0.013208 0.030189
154 0.132075 0.330189 0.030189 0.030189
155 0.172642 0.336792 0.024528 0.043396
156 0.212264 0.336792 0.024528 0.043396
157 0.239623 0.336792 0.026415 0.043396
158 0.266981 0.335849 0.020755 0.041509
159 0.293396 0.335849 0.028302 0.041509
160 0.025472 0.386792 0.020755 0.015094
161 0.056604 0.384906 0.007547 0.011321
162 0.074528 0.384906 0.020755 0.011321
163 0.105660 0.384906 0.030189 0.011321
164 0.143396 0.385849 0.018868 0.013208
165 0.178302 0.383962 0.020755 0.009434
166 0.201887 0.385849 0.015094 0.013208
167 0.218868 0.388679 0.015094 0.018868
168 0.242453 0.391509 0.024528 0.024528
169 0.274528 0.392453 0.028302 0.026415
170 0.016038 0.438679 0.028302 0.028302
171 0.048113 0.439623 0.032075 0.030189
172 0.093396 0.437736 0.032075 0.026415
173 0.128302 0.440566 0.030189 0.032075
174 0.171698 0.441509 0.030189 0.033962
175 0.214151 0.441509 0.028302 0.033962
176 0.266038 0.439623 0.041509 0.030189
177 0.317925 0.440566 0.032075 0.032075
178 0.353774 0.440566 0.032075 0.032075
179 0.392453 0.439623 0.037736 0.030189
180 0.025472 0.485849 0.039623 0.016981
