0 0.021698 0.035849 0.013208 0.033962
1 0.050000 0.044340 0.016981 0.050943
2 0.082075 0.033019 0.020755 0.028302
3 0.120755 0.047170 0.022642 0.056604
4 0.150000 0.034906 0.028302 0.032075
5 0.198113 0.036792 0.041509 0.035849
6 0.236792 0.047170 0.009434 0.056604
7 0.254717 0.042453 0.018868 0.047170
8 0.286792 0.042453 0.018868 0.047170
9 0.317925 0.025472 0.013208 0.013208
10 0.025472 0.102830 0.016981 0.016981
11 0.043396 0.122642 0.011321 0.056604
12 0.058491 0.105660 0.015094 0.022642
13 0.071698 0.108491 0.003774 0.028302
14 0.095283 0.124528 0.016981 0.060377
15 0.116038 0.107547 0.020755 0.026415
16 0.150943 0.107547 0.015094 0.026415
17 0.169811 0.106604 0.018868 0.024528
18 0.190566 0.106604 0.018868 0.024528
19 0.224528 0.106604 0.018868 0.024528
20 0.012264 0.187736 0.020755 0.028302
21 0.050000 0.186792 0.020755 0.026415
22 0.082075 0.186792 0.016981 0.026415
23 0.116981 0.186792 0.018868 0.026415
24 0.137736 0.186792 0.018868 0.026415
25 0.164151 0.183019 0.007547 0.018868
26 0.190566 0.188679 0.015094 0.030189
27 0.224528 0.182075 0.018868 0.016981
28 0.246226 0.178302 0.013208 0.009434
29 0.266038 0.182075 0.018868 0.016981
30 0.021698 0.236792 0.013208 0.028302
31 0.045283 0.237736 0.030189 0.030189
32 0.089623 0.240566 0.047170 0.035849
33 0.143396 0.239623 0.030189 0.033962
34 0.192453 0.239623 0.033962 0.033962
35 0.229245 0.239623 0.035849 0.033962
36 0.279245 0.238679 0.030189 0.032075
37 0.314151 0.240566 0.028302 0.035849
38 0.348113 0.249057 0.035849 0.052830
39 0.403774 0.242453 0.045283 0.039623
40 0.022642 0.311321 0.018868 0.033962
41 0.069811 0.315094 0.041509 0.041509
42 0.124528 0.316981 0.064151 0.045283
43 0.185849 0.311321 0.032075 0.033962
44 0.246226 0.314151 0.062264 0.039623
45 0.300943 0.314151 0.043396 0.039623
46 0.356604 0.311321 0.033962 0.033962
47 0.395283 0.311321 0.032075 0.033962
48 0.450943 0.316981 0.045283 0.045283
49 0.521698 0.316981 0.062264 0.045283
50 0.026415 0.374528 0.022642 0.032075
51 0.064151 0.378302 0.041509 0.039623
52 0.122642 0.375472 0.041509 0.033962
53 0.169811 0.378302 0.041509 0.039623
54 0.223585 0.377358 0.062264 0.037736
55 0.281132 0.378302 0.041509 0.039623
56 0.331132 0.376415 0.050943 0.035849
57 0.383019 0.378302 0.049057 0.039623
58 0.433962 0.381132 0.022642 0.045283
59 0.475472 0.388679 0.033962 0.060377
60 0.024528 0.460377 0.022642 0.045283
61 0.047170 0.452830 0.018868 0.030189
62 0.093396 0.452830 0.043396 0.030189
63 0.123585 0.451887 0.005660 0.028302
64 0.143396 0.448113 0.030189 0.020755
65 0.187736 0.462264 0.032075 0.049057
66 0.219811 0.447170 0.020755 0.018868
67 0.257547 0.461321 0.024528 0.047170
68 0.283019 0.447170 0.018868 0.018868
69 0.334906 0.469811 0.054717 0.064151
70 0.027358 0.546226 0.047170 0.050943
71 0.073585 0.546226 0.037736 0.050943
72 0.114151 0.536792 0.016981 0.032075
73 0.153774 0.549057 0.028302 0.056604
74 0.201887 0.546226 0.037736 0.050943
75 0.250000 0.544340 0.024528 0.047170
76 0.295283 0.530189 0.035849 0.018868
77 0.331132 0.530189 0.028302 0.018868
78 0.373585 0.531132 0.026415 0.020755
79 0.415094 0.549057 0.045283 0.056604
80 0.031132 0.619811 0.028302 0.047170
81 0.068868 0.605660 0.016981 0.018868
82 0.101887 0.605660 0.015094 0.018868
83 0.133962 0.612264 0.018868 0.032075
84 0.169811 0.605660 0.026415 0.018868
85 0.193396 0.606604 0.016981 0.020755
86 0.236792 0.604717 0.039623 0.016981
87 0.283962 0.615094 0.028302 0.037736
88 0.320755 0.617925 0.041509 0.043396
89 0.366981 0.611321 0.047170 0.030189
90 0.027358 0.687736 0.024528 0.050943
91 0.047170 0.700943 0.003774 0.077358
92 0.076415 0.687736 0.020755 0.050943
93 0.115094 0.684906 0.022642 0.045283
94 0.141509 0.673585 0.018868 0.022642
95 0.173585 0.673585 0.018868 0.022642
96 0.198113 0.673585 0.018868 0.022642
97 0.233019 0.673585 0.016981 0.022642
98 0.264151 0.673585 0.018868 0.022642
99 0.287736 0.673585 0.020755 0.022642
