0 0.017925 0.030189 0.001887 0.022642
1 0.024528 0.027358 0.007547 0.016981
2 0.053774 0.029245 0.020755 0.020755
3 0.085849 0.033962 0.013208 0.030189
4 0.121698 0.032075 0.024528 0.026415
5 0.161321 0.032075 0.020755 0.026415
6 0.189623 0.033019 0.001887 0.028302
7 0.208491 0.033019 0.005660 0.028302
8 0.228302 0.032075 0.003774 0.026415
9 0.241509 0.021698 0.011321 0.005660
10 0.021698 0.077358 0.016981 0.018868
11 0.045283 0.076415 0.003774 0.016981
12 0.066038 0.073585 0.011321 0.011321
13 0.089623 0.077358 0.001887 0.018868
14 0.099057 0.082075 0.013208 0.028302
15 0.127358 0.081132 0.016981 0.026415
16 0.140566 0.081132 0.005660 0.026415
17 0.164151 0.081132 0.015094 0.026415
18 0.194340 0.081132 0.015094 0.026415
19 0.227358 0.081132 0.016981 0.026415
20 0.009434 0.128302 0.015094 0.026415
21 0.029245 0.128302 0.016981 0.026415
22 0.049057 0.128302 0.015094 0.026415
23 0.071698 0.128302 0.018868 0.026415
24 0.102830 0.128302 0.016981 0.026415
25 0.117925 0.124528 0.001887 0.018868
26 0.137736 0.126415 0.003774 0.022642
27 0.160377 0.124528 0.015094 0.018868
28 0.182075 0.118868 0.016981 0.007547
29 0.201887 0.124528 0.015094 0.018868
30 0.010377 0.172642 0.013208 0.024528
31 0.042453 0.173585 0.024528 0.026415
32 0.078302 0.173585 0.020755 0.026415
33 0.101887 0.173585 0.018868 0.026415
34 0.137736 0.173585 0.018868 0.026415
35 0.171698 0.173585 0.018868 0.026415
36 0.194340 0.173585 0.015094 0.026415
37 0.224528 0.173585 0.015094 0.026415
38 0.248113 0.173585 0.020755 0.026415
39 0.273585 0.173585 0.018868 0.026415
40 0.014151 0.218868 0.001887 0.026415
41 0.026415 0.218868 0.015094 0.026415
42 0.056604 0.218868 0.018868 0.026415
43 0.076415 0.218868 0.016981 0.026415
44 0.100000 0.218868 0.022642 0.026415
45 0.124528 0.217925 0.018868 0.024528
46 0.147170 0.218868 0.018868 0.026415
47 0.183019 0.218868 0.018868 0.026415
48 0.207547 0.220755 0.018868 0.030189
49 0.243396 0.218868 0.018868 0.026415
50 0.022642 0.267925 0.018868 0.026415
51 0.042453 0.267925 0.016981 0.026415
52 0.075472 0.267925 0.018868 0.026415
53 0.097170 0.266981 0.016981 0.024528
54 0.124528 0.267925 0.026415 0.026415
55 0.160377 0.266981 0.018868 0.024528
56 0.183019 0.267925 0.018868 0.026415
57 0.216981 0.267925 0.018868 0.026415
58 0.244340 0.269811 0.005660 0.030189
59 0.255660 0.269811 0.013208 0.030189
60 0.006604 0.318868 0.005660 0.030189
61 0.031132 0.315094 0.016981 0.022642
62 0.062264 0.311321 0.015094 0.015094
63 0.086792 0.312264 0.003774 0.016981
64 0.109434 0.313208 0.015094 0.018868
65 0.126415 0.316038 0.015094 0.024528
66 0.147170 0.313208 0.015094 0.018868
67 0.167925 0.316038 0.015094 0.024528
68 0.200000 0.313208 0.015094 0.018868
69 0.215094 0.316038 0.007547 0.024528
70 0.013208 0.366038 0.015094 0.026415
71 0.041509 0.365094 0.015094 0.024528
72 0.055660 0.365094 0.001887 0.024528
73 0.063208 0.368868 0.005660 0.032075
74 0.075472 0.365094 0.015094 0.024528
75 0.097170 0.365094 0.001887 0.024528
76 0.111321 0.362264 0.022642 0.018868
77 0.145283 0.362264 0.015094 0.018868
78 0.165094 0.362264 0.016981 0.018868
79 0.198113 0.365094 0.015094 0.024528
80 0.009434 0.416038 0.015094 0.024528
81 0.026415 0.413208 0.011321 0.018868
82 0.040566 0.414151 0.013208 0.020755
83 0.067925 0.413208 0.007547 0.018868
84 0.092453 0.413208 0.015094 0.018868
85 0.121698 0.413208 0.013208 0.018868
86 0.153774 0.413208 0.020755 0.018868
87 0.178302 0.413208 0.016981 0.018868
88 0.195283 0.416038 0.013208 0.024528
89 0.210377 0.413208 0.013208 0.018868
90 0.017925 0.462264 0.005660 0.030189
91 0.027358 0.463208 0.001887 0.032075
92 0.048113 0.462264 0.005660 0.030189
93 0.073585 0.464151 0.015094 0.033962
94 0.105660 0.458491 0.015094 0.022642
95 0.133962 0.458491 0.015094 0.022642
96 0.166038 0.458491 0.015094 0.022642
97 0.196226 0.458491 0.015094 0.022642
98 0.228302 0.457547 0.015094 0.020755
99 0.261321 0.458491 0.016981 0.022642
