100 0.013208 0.032075 0.018868 0.026415
101 0.035849 0.032075 0.018868 0.026415
102 0.070755 0.032075 0.024528 0.026415
103 0.106604 0.033019 0.020755 0.028302
104 0.144340 0.033019 0.024528 0.028302
105 0.177358 0.032075 0.033962 0.026415
106 0.226415 0.032075 0.030189 0.026415
107 0.256604 0.032075 0.022642 0.026415
108 0.294340 0.032075 0.022642 0.026415
109 0.332075 0.032075 0.022642 0.026415
110 0.030189 0.079245 0.026415 0.026415
111 0.065094 0.079245 0.032075 0.026415
112 0.102830 0.079245 0.032075 0.026415
113 0.133019 0.079245 0.024528 0.026415
114 0.161321 0.079245 0.024528 0.026415
115 0.189623 0.080189 0.020755 0.028302
116 0.227358 0.079245 0.024528 0.026415
117 0.266981 0.079245 0.020755 0.026415
118 0.296226 0.079245 0.026415 0.026415
119 0.338679 0.079245 0.024528 0.026415
120 0.026415 0.128302 0.026415 0.030189
121 0.065094 0.126415 0.020755 0.026415
122 0.087736 0.128302 0.020755 0.030189
123 0.115094 0.127358 0.026415 0.028302
124 0.159434 0.128302 0.028302 0.030189
125 0.190566 0.126415 0.022642 0.026415
126 0.229245 0.127358 0.024528 0.028302
127 0.266038 0.127358 0.022642 0.028302
128 0.289623 0.126415 0.016981 0.026415
129 0.313208 0.129245 0.022642 0.032075
130 0.024528 0.177358 0.022642 0.026415
131 0.062264 0.180189 0.022642 0.032075
132 0.083962 0.177358 0.013208 0.026415
133 0.105660 0.178302 0.022642 0.028302
134 0.133962 0.177358 0.026415 0.026415
135 0.171698 0.177358 0.022642 0.026415
136 0.200943 0.178302 0.024528 0.028302
137 0.242453 0.177358 0.028302 0.026415
138 0.273585 0.177358 0.022642 0.026415
139 0.298113 0.177358 0.022642 0.026415
140 0.011321 0.228302 0.018868 0.026415
141 0.040566 0.225472 0.009434 0.020755
142 0.057547 0.217925 0.020755 0.005660
143 0.087736 0.228302 0.013208 0.026415
144 0.119811 0.233019 0.024528 0.035849
145 0.157547 0.219811 0.020755 0.009434
146 0.181132 0.219811 0.022642 0.009434
147 0.207547 0.218868 0.022642 0.007547
148 0.235849 0.219811 0.022642 0.009434
149 0.254717 0.219811 0.007547 0.009434
150 0.018868 0.274528 0.011321 0.009434
151 0.033019 0.272642 0.005660 0.005660
152 0.061321 0.287736 0.016981 0.035849
153 0.090566 0.283019 0.011321 0.026415
154 0.114151 0.283019 0.024528 0.026415
155 0.150943 0.285849 0.015094 0.032075
156 0.167925 0.285849 0.015094 0.032075
157 0.197170 0.286792 0.013208 0.033962
158 0.227358 0.285849 0.013208 0.032075
159 0.246226 0.283019 0.016981 0.026415
160 0.011321 0.330189 0.015094 0.011321
161 0.024528 0.327358 0.007547 0.005660
162 0.052830 0.328302 0.018868 0.007547
163 0.071698 0.329245 0.015094 0.009434
164 0.099057 0.328302 0.009434 0.007547
165 0.114151 0.329245 0.013208 0.009434
166 0.130189 0.328302 0.011321 0.007547
167 0.154717 0.329245 0.011321 0.009434
168 0.172642 0.333962 0.016981 0.018868
169 0.195283 0.337736 0.016981 0.026415
170 0.018868 0.383019 0.011321 0.026415
171 0.036792 0.383019 0.016981 0.026415
172 0.057547 0.383019 0.016981 0.026415
173 0.078302 0.383019 0.016981 0.026415
174 0.112264 0.383019 0.016981 0.026415
175 0.146226 0.383019 0.016981 0.026415
176 0.180189 0.382075 0.016981 0.024528
177 0.202830 0.383019 0.016981 0.026415
178 0.221698 0.382075 0.016981 0.024528
179 0.250000 0.383019 0.028302 0.026415
180 0.038679 0.425472 0.043396 0.020755
