0 0.017925 0.032075 0.005660 0.026415
1 0.042453 0.030189 0.009434 0.022642
2 0.061321 0.032075 0.020755 0.026415
3 0.098113 0.035849 0.022642 0.033962
4 0.125472 0.033019 0.028302 0.028302
5 0.164151 0.032075 0.022642 0.026415
6 0.180189 0.030189 0.001887 0.022642
7 0.202830 0.034906 0.009434 0.032075
8 0.226415 0.034906 0.007547 0.032075
9 0.250000 0.024528 0.013208 0.011321
10 0.019811 0.081132 0.005660 0.018868
11 0.027358 0.083019 0.005660 0.022642
12 0.050943 0.083019 0.011321 0.022642
13 0.064151 0.081132 0.003774 0.018868
14 0.076415 0.086792 0.016981 0.030189
15 0.108491 0.084906 0.020755 0.026415
16 0.137736 0.084906 0.007547 0.026415
17 0.166981 0.084906 0.020755 0.026415
18 0.200943 0.084906 0.020755 0.026415
19 0.239623 0.085849 0.022642 0.028302
20 0.025472 0.133962 0.020755 0.026415
21 0.059434 0.134906 0.020755 0.028302
22 0.095283 0.133962 0.020755 0.026415
23 0.131132 0.133962 0.020755 0.026415
24 0.168868 0.134906 0.020755 0.028302
25 0.183962 0.130189 0.005660 0.018868
26 0.202830 0.132075 0.005660 0.022642
27 0.229245 0.130189 0.016981 0.018868
28 0.252830 0.124528 0.018868 0.007547
29 0.286792 0.132075 0.018868 0.022642
30 0.012264 0.181132 0.016981 0.026415
31 0.047170 0.181132 0.026415 0.026415
32 0.074528 0.181132 0.020755 0.026415
33 0.109434 0.181132 0.022642 0.026415
34 0.146226 0.181132 0.020755 0.026415
35 0.173585 0.181132 0.022642 0.026415
36 0.212264 0.181132 0.020755 0.026415
37 0.250000 0.181132 0.020755 0.026415
38 0.276415 0.181132 0.020755 0.026415
39 0.311321 0.181132 0.022642 0.026415
40 0.016981 0.226415 0.003774 0.026415
41 0.046226 0.226415 0.020755 0.026415
42 0.069811 0.226415 0.018868 0.026415
43 0.103774 0.226415 0.018868 0.026415
44 0.132075 0.226415 0.026415 0.026415
45 0.160377 0.226415 0.022642 0.026415
46 0.202830 0.226415 0.028302 0.026415
47 0.231132 0.226415 0.020755 0.026415
48 0.257547 0.226415 0.028302 0.026415
49 0.298113 0.226415 0.022642 0.026415
50 0.026415 0.271698 0.022642 0.026415
51 0.064151 0.271698 0.022642 0.026415
52 0.088679 0.271698 0.022642 0.026415
53 0.128302 0.272642 0.022642 0.028302
54 0.162264 0.272642 0.033962 0.028302
55 0.206604 0.271698 0.020755 0.026415
56 0.242453 0.272642 0.020755 0.028302
57 0.278302 0.271698 0.020755 0.026415
58 0.305660 0.274528 0.007547 0.032075
59 0.334906 0.273585 0.016981 0.030189
60 0.008491 0.325472 0.009434 0.032075
61 0.035849 0.328302 0.018868 0.037736
62 0.072642 0.316981 0.020755 0.015094
63 0.091509 0.317925 0.005660 0.016981
64 0.106604 0.318868 0.016981 0.018868
65 0.128302 0.322642 0.015094 0.026415
66 0.147170 0.318868 0.015094 0.018868
67 0.177358 0.322642 0.015094 0.026415
68 0.205660 0.318868 0.015094 0.018868
69 0.221698 0.322642 0.009434 0.026415
70 0.024528 0.379245 0.015094 0.026415
71 0.043396 0.379245 0.015094 0.026415
72 0.066038 0.379245 0.003774 0.026415
73 0.089623 0.383019 0.009434 0.033962
74 0.107547 0.379245 0.015094 0.026415
75 0.122642 0.379245 0.007547 0.026415
76 0.139623 0.375472 0.022642 0.018868
77 0.175472 0.375472 0.015094 0.018868
78 0.206604 0.375472 0.020755 0.018868
79 0.230189 0.379245 0.015094 0.026415
80 0.022642 0.432075 0.015094 0.026415
81 0.048113 0.428302 0.009434 0.018868
82 0.062264 0.428302 0.015094 0.018868
83 0.076415 0.432075 0.009434 0.026415
84 0.101887 0.428302 0.015094 0.018868
85 0.119811 0.428302 0.016981 0.018868
86 0.146226 0.428302 0.024528 0.018868
87 0.183962 0.428302 0.016981 0.018868
88 0.204717 0.432075 0.016981 0.026415
89 0.226415 0.428302 0.015094 0.018868
90 0.019811 0.480189 0.009434 0.032075
91 0.042453 0.482075 0.001887 0.035849
92 0.061321 0.480189 0.009434 0.032075
93 0.090566 0.475472 0.018868 0.022642
94 0.126415 0.475472 0.018868 0.022642
95 0.149057 0.475472 0.018868 0.022642
96 0.169811 0.475472 0.018868 0.022642
97 0.190566 0.475472 0.018868 0.022642
98 0.213208 0.475472 0.018868 0.022642
99 0.250000 0.475472 0.020755 0.022642
