0 0.008491 0.032075 0.005660 0.026415
1 0.034906 0.035849 0.013208 0.033962
2 0.065094 0.032075 0.016981 0.026415
3 0.087736 0.035849 0.020755 0.033962
4 0.127358 0.032075 0.032075 0.026415
5 0.170755 0.032075 0.024528 0.026415
6 0.201887 0.035849 0.003774 0.033962
7 0.220755 0.035849 0.007547 0.033962
8 0.245283 0.035849 0.007547 0.033962
9 0.260377 0.026415 0.011321 0.015094
10 0.010377 0.081132 0.016981 0.018868
11 0.038679 0.088679 0.005660 0.033962
12 0.053774 0.083019 0.016981 0.022642
13 0.082075 0.090566 0.005660 0.037736
14 0.110377 0.088679 0.016981 0.033962
15 0.134906 0.084906 0.020755 0.026415
16 0.156604 0.084906 0.015094 0.026415
17 0.177358 0.084906 0.018868 0.026415
18 0.214151 0.084906 0.020755 0.026415
19 0.240566 0.084906 0.020755 0.026415
20 0.016038 0.142453 0.020755 0.028302
21 0.053774 0.141509 0.020755 0.026415
22 0.087736 0.141509 0.020755 0.026415
23 0.125472 0.141509 0.020755 0.026415
24 0.163208 0.141509 0.020755 0.026415
25 0.193396 0.138679 0.005660 0.020755
26 0.212264 0.141509 0.005660 0.026415
27 0.238679 0.136792 0.016981 0.016981
28 0.258491 0.133962 0.018868 0.011321
29 0.282075 0.138679 0.016981 0.020755
30 0.022642 0.188679 0.018868 0.026415
31 0.059434 0.188679 0.024528 0.026415
32 0.091509 0.188679 0.028302 0.026415
33 0.133019 0.188679 0.024528 0.026415
34 0.171698 0.188679 0.022642 0.026415
35 0.200000 0.188679 0.026415 0.026415
36 0.227358 0.188679 0.024528 0.026415
37 0.253774 0.188679 0.024528 0.026415
38 0.296226 0.188679 0.026415 0.026415
39 0.336792 0.188679 0.028302 0.026415
40 0.012264 0.233962 0.013208 0.026415
41 0.032075 0.233962 0.022642 0.026415
42 0.063208 0.233962 0.028302 0.026415
43 0.105660 0.233962 0.022642 0.026415
44 0.146226 0.233962 0.032075 0.026415
45 0.177358 0.233962 0.026415 0.026415
46 0.206604 0.233962 0.024528 0.026415
47 0.235849 0.233962 0.022642 0.026415
48 0.265094 0.238679 0.024528 0.035849
49 0.306604 0.233962 0.028302 0.026415
50 0.027358 0.288679 0.020755 0.026415
51 0.051887 0.288679 0.024528 0.026415
52 0.083019 0.288679 0.026415 0.026415
53 0.113208 0.288679 0.026415 0.026415
54 0.149057 0.288679 0.033962 0.026415
55 0.184906 0.288679 0.026415 0.026415
56 0.223585 0.288679 0.024528 0.026415
57 0.249057 0.288679 0.022642 0.026415
58 0.266981 0.292453 0.005660 0.033962
59 0.280189 0.289623 0.016981 0.028302
60 0.005660 0.345283 0.007547 0.033962
61 0.031132 0.343396 0.016981 0.030189
62 0.054717 0.335849 0.018868 0.015094
63 0.070755 0.339623 0.009434 0.022642
64 0.100943 0.338679 0.016981 0.020755
65 0.124528 0.342453 0.018868 0.028302
66 0.154717 0.338679 0.015094 0.020755
67 0.173585 0.342453 0.018868 0.028302
68 0.205660 0.337736 0.015094 0.018868
69 0.222642 0.342453 0.015094 0.028302
70 0.013208 0.397170 0.018868 0.032075
71 0.046226 0.395283 0.020755 0.028302
72 0.066038 0.395283 0.011321 0.028302
73 0.079245 0.400000 0.011321 0.037736
74 0.112264 0.395283 0.020755 0.028302
75 0.130189 0.395283 0.011321 0.028302
76 0.153774 0.390566 0.032075 0.018868
77 0.185849 0.391509 0.020755 0.020755
78 0.208491 0.391509 0.016981 0.020755
79 0.242453 0.395283 0.020755 0.028302
80 0.015094 0.451887 0.018868 0.028302
81 0.037736 0.447170 0.015094 0.018868
82 0.066038 0.448113 0.015094 0.020755
83 0.083962 0.450000 0.013208 0.024528
84 0.104717 0.447170 0.020755 0.018868
85 0.141509 0.447170 0.018868 0.018868
86 0.169811 0.447170 0.026415 0.018868
87 0.209434 0.447170 0.018868 0.018868
88 0.234906 0.451887 0.020755 0.028302
89 0.254717 0.447170 0.015094 0.018868
90 0.019811 0.501887 0.005660 0.033962
91 0.030189 0.499057 0.003774 0.028302
92 0.036792 0.501887 0.005660 0.033962
93 0.050000 0.501887 0.016981 0.033962
94 0.074528 0.496226 0.020755 0.022642
95 0.111321 0.496226 0.018868 0.022642
96 0.133962 0.496226 0.018868 0.022642
97 0.167925 0.496226 0.022642 0.022642
98 0.196226 0.496226 0.022642 0.022642
99 0.231132 0.496226 0.020755 0.022642
