0 0.002830 0.038679 0.001887 0.039623
1 0.021698 0.033019 0.009434 0.028302
2 0.051887 0.038679 0.020755 0.039623
3 0.087736 0.042453 0.016981 0.047170
4 0.128302 0.039623 0.033962 0.041509
5 0.173585 0.039623 0.026415 0.041509
6 0.193396 0.033019 0.001887 0.028302
7 0.216038 0.042453 0.009434 0.047170
8 0.237736 0.042453 0.007547 0.047170
9 0.250943 0.028302 0.015094 0.018868
10 0.012264 0.096226 0.016981 0.022642
11 0.039623 0.101887 0.003774 0.033962
12 0.048113 0.090566 0.009434 0.011321
13 0.070755 0.094340 0.001887 0.018868
14 0.079245 0.107547 0.011321 0.045283
15 0.107547 0.105660 0.018868 0.041509
16 0.129245 0.104717 0.013208 0.039623
17 0.157547 0.105660 0.016981 0.041509
18 0.187736 0.105660 0.016981 0.041509
19 0.219811 0.104717 0.020755 0.039623
20 0.025472 0.168868 0.016981 0.039623
21 0.059434 0.169811 0.016981 0.041509
22 0.089623 0.167925 0.016981 0.037736
23 0.108491 0.169811 0.016981 0.041509
24 0.140566 0.169811 0.016981 0.041509
25 0.165094 0.163208 0.001887 0.028302
26 0.171698 0.165094 0.003774 0.032075
27 0.197170 0.161321 0.016981 0.024528
28 0.219811 0.155660 0.016981 0.013208
29 0.253774 0.161321 0.016981 0.024528
30 0.020755 0.230189 0.015094 0.041509
31 0.059434 0.233019 0.032075 0.047170
32 0.090566 0.229245 0.026415 0.039623
33 0.118868 0.229245 0.018868 0.039623
34 0.144340 0.230189 0.020755 0.041509
35 0.171698 0.229245 0.022642 0.039623
36 0.196226 0.229245 0.018868 0.039623
37 0.219811 0.229245 0.016981 0.039623
38 0.257547 0.230189 0.024528 0.041509
39 0.296226 0.229245 0.026415 0.039623
40 0.020755 0.295283 0.007547 0.039623
41 0.032075 0.301887 0.007547 0.052830
42 0.051887 0.295283 0.024528 0.039623
43 0.079245 0.295283 0.018868 0.039623
44 0.119811 0.295283 0.032075 0.039623
45 0.149057 0.295283 0.022642 0.039623
46 0.174528 0.296226 0.024528 0.041509
47 0.201887 0.295283 0.018868 0.039623
48 0.227358 0.301887 0.024528 0.052830
49 0.263208 0.295283 0.020755 0.039623
50 0.013208 0.367925 0.015094 0.041509
51 0.044340 0.366981 0.020755 0.039623
52 0.082075 0.366981 0.020755 0.039623
53 0.107547 0.366981 0.022642 0.039623
54 0.153774 0.366981 0.035849 0.039623
55 0.186792 0.366981 0.022642 0.039623
56 0.210377 0.366981 0.020755 0.039623
57 0.243396 0.366981 0.018868 0.039623
58 0.269811 0.372642 0.007547 0.050943
59 0.294340 0.370755 0.011321 0.047170
60 0.009434 0.442453 0.007547 0.050943
61 0.025472 0.439623 0.016981 0.045283
62 0.058491 0.424528 0.018868 0.015094
63 0.072642 0.428302 0.005660 0.022642
64 0.097170 0.432075 0.016981 0.030189
65 0.119811 0.438679 0.020755 0.043396
66 0.153774 0.432075 0.013208 0.030189
67 0.183019 0.438679 0.018868 0.043396
68 0.205660 0.432075 0.015094 0.030189
69 0.224528 0.438679 0.015094 0.043396
70 0.023585 0.508491 0.016981 0.043396
71 0.058491 0.508491 0.022642 0.043396
72 0.078302 0.507547 0.009434 0.041509
73 0.087736 0.514151 0.005660 0.054717
74 0.116038 0.508491 0.020755 0.043396
75 0.145283 0.508491 0.007547 0.043396
76 0.171698 0.501887 0.033962 0.030189
77 0.203774 0.501887 0.022642 0.030189
78 0.225472 0.501887 0.016981 0.030189
79 0.258491 0.508491 0.018868 0.043396
80 0.024528 0.582075 0.018868 0.043396
81 0.044340 0.575472 0.013208 0.030189
82 0.059434 0.575472 0.013208 0.030189
83 0.087736 0.578302 0.009434 0.035849
84 0.116038 0.575472 0.020755 0.030189
85 0.140566 0.575472 0.020755 0.030189
86 0.183019 0.575472 0.033962 0.030189
87 0.223585 0.575472 0.020755 0.030189
88 0.246226 0.582075 0.020755 0.043396
89 0.265094 0.575472 0.013208 0.030189
90 0.011321 0.648113 0.011321 0.050943
91 0.021698 0.650943 0.001887 0.056604
92 0.041509 0.648113 0.011321 0.050943
93 0.057547 0.650943 0.016981 0.056604
94 0.078302 0.637736 0.016981 0.030189
95 0.108491 0.637736 0.016981 0.030189
96 0.127358 0.637736 0.016981 0.030189
97 0.149057 0.637736 0.018868 0.030189
98 0.171698 0.637736 0.018868 0.030189
99 0.197170 0.637736 0.020755 0.030189
