0 0.020755 0.038679 0.007547 0.039623
1 0.045283 0.038679 0.015094 0.039623
2 0.067925 0.038679 0.026415 0.039623
3 0.096226 0.042453 0.022642 0.047170
4 0.131132 0.039623 0.043396 0.041509
5 0.175472 0.039623 0.037736 0.041509
6 0.200943 0.038679 0.005660 0.039623
7 0.212264 0.042453 0.013208 0.047170
8 0.227358 0.043396 0.013208 0.049057
9 0.245283 0.030189 0.018868 0.022642
10 0.012264 0.099057 0.020755 0.024528
11 0.031132 0.109434 0.009434 0.045283
12 0.046226 0.098113 0.013208 0.022642
13 0.061321 0.105660 0.005660 0.037736
14 0.073585 0.111321 0.015094 0.049057
15 0.095283 0.107547 0.024528 0.041509
16 0.121698 0.106604 0.020755 0.039623
17 0.158491 0.107547 0.022642 0.041509
18 0.187736 0.107547 0.024528 0.041509
19 0.216981 0.106604 0.026415 0.039623
20 0.016981 0.174528 0.022642 0.039623
21 0.054717 0.175472 0.022642 0.041509
22 0.094340 0.174528 0.022642 0.039623
23 0.131132 0.175472 0.024528 0.041509
24 0.170755 0.175472 0.024528 0.041509
25 0.200000 0.169811 0.007547 0.030189
26 0.220755 0.173585 0.007547 0.037736
27 0.251887 0.166981 0.020755 0.024528
28 0.277358 0.161321 0.022642 0.013208
29 0.302830 0.167925 0.020755 0.026415
30 0.026415 0.235849 0.022642 0.041509
31 0.060377 0.238679 0.041509 0.047170
32 0.103774 0.234906 0.037736 0.039623
33 0.154717 0.234906 0.030189 0.039623
34 0.188679 0.235849 0.026415 0.041509
35 0.220755 0.234906 0.033962 0.039623
36 0.266981 0.234906 0.028302 0.039623
37 0.298113 0.234906 0.026415 0.039623
38 0.330189 0.235849 0.033962 0.041509
39 0.381132 0.234906 0.037736 0.039623
40 0.011321 0.300943 0.015094 0.039623
41 0.044340 0.307547 0.016981 0.052830
42 0.072642 0.300943 0.035849 0.039623
43 0.108491 0.300943 0.028302 0.039623
44 0.150943 0.300943 0.045283 0.039623
45 0.207547 0.300943 0.037736 0.039623
46 0.259434 0.301887 0.032075 0.041509
47 0.306604 0.300943 0.028302 0.039623
48 0.342453 0.308491 0.032075 0.054717
49 0.390566 0.300943 0.033962 0.039623
50 0.027358 0.375472 0.024528 0.041509
51 0.060377 0.374528 0.030189 0.039623
52 0.108491 0.374528 0.035849 0.039623
53 0.146226 0.374528 0.035849 0.039623
54 0.208491 0.374528 0.054717 0.039623
55 0.268868 0.374528 0.035849 0.039623
56 0.318868 0.374528 0.033962 0.039623
57 0.363208 0.374528 0.028302 0.039623
58 0.384906 0.380189 0.011321 0.050943
59 0.413208 0.379245 0.015094 0.049057
60 0.019811 0.450000 0.013208 0.050943
61 0.041509 0.449057 0.022642 0.049057
62 0.070755 0.432075 0.024528 0.015094
63 0.105660 0.438679 0.011321 0.028302
64 0.141509 0.439623 0.026415 0.030189
65 0.172642 0.446226 0.028302 0.043396
66 0.202830 0.439623 0.020755 0.030189
67 0.240566 0.446226 0.028302 0.043396
68 0.267925 0.439623 0.022642 0.030189
69 0.291509 0.446226 0.020755 0.043396
70 0.030189 0.516981 0.026415 0.045283
71 0.075472 0.516038 0.030189 0.043396
72 0.111321 0.516038 0.015094 0.043396
73 0.141509 0.522642 0.011321 0.056604
74 0.179245 0.516038 0.030189 0.043396
75 0.204717 0.516038 0.016981 0.043396
76 0.238679 0.509434 0.047170 0.030189
77 0.292453 0.509434 0.030189 0.030189
78 0.333019 0.509434 0.024528 0.030189
79 0.376415 0.516038 0.028302 0.043396
80 0.031132 0.591509 0.028302 0.043396
81 0.069811 0.584906 0.022642 0.030189
82 0.108491 0.584906 0.020755 0.030189
83 0.131132 0.588679 0.016981 0.037736
84 0.169811 0.584906 0.030189 0.030189
85 0.215094 0.584906 0.030189 0.030189
86 0.266038 0.584906 0.045283 0.030189
87 0.320755 0.584906 0.030189 0.030189
88 0.352830 0.591509 0.030189 0.043396
89 0.381132 0.584906 0.022642 0.030189
90 0.026415 0.657547 0.018868 0.050943
91 0.039623 0.660377 0.003774 0.056604
92 0.054717 0.657547 0.018868 0.050943
93 0.082075 0.660377 0.024528 0.056604
94 0.112264 0.648113 0.024528 0.032075
95 0.137736 0.648113 0.022642 0.032075
96 0.178302 0.647170 0.024528 0.030189
97 0.219811 0.648113 0.024528 0.032075
98 0.257547 0.648113 0.024528 0.032075
99 0.299057 0.647170 0.028302 0.030189
