0 0.020755 0.031132 0.011321 0.024528
1 0.047170 0.033019 0.011321 0.028302
2 0.076415 0.030189 0.016981 0.022642
3 0.108491 0.033962 0.020755 0.030189
4 0.147170 0.030189 0.026415 0.022642
5 0.176415 0.031132 0.024528 0.024528
6 0.197170 0.033019 0.009434 0.028302
7 0.224528 0.033019 0.011321 0.028302
8 0.236792 0.033019 0.009434 0.028302
9 0.265094 0.025472 0.013208 0.013208
10 0.013208 0.076415 0.015094 0.016981
11 0.040566 0.082075 0.009434 0.028302
12 0.055660 0.079245 0.016981 0.022642
13 0.073585 0.082075 0.007547 0.028302
14 0.089623 0.082075 0.016981 0.028302
15 0.112264 0.079245 0.020755 0.022642
16 0.146226 0.079245 0.013208 0.022642
17 0.179245 0.079245 0.022642 0.022642
18 0.217925 0.079245 0.020755 0.022642
19 0.251887 0.079245 0.020755 0.022642
20 0.023585 0.126415 0.020755 0.022642
21 0.046226 0.126415 0.020755 0.022642
22 0.069811 0.126415 0.018868 0.022642
23 0.107547 0.126415 0.022642 0.022642
24 0.134906 0.126415 0.020755 0.022642
25 0.166981 0.123585 0.009434 0.016981
26 0.190566 0.125472 0.011321 0.020755
27 0.218868 0.123585 0.018868 0.016981
28 0.252830 0.120755 0.018868 0.011321
29 0.273585 0.124528 0.018868 0.018868
30 0.012264 0.168868 0.016981 0.024528
31 0.038679 0.168868 0.024528 0.024528
32 0.078302 0.168868 0.024528 0.024528
33 0.103774 0.167925 0.022642 0.022642
34 0.142453 0.168868 0.024528 0.024528
35 0.184906 0.167925 0.026415 0.022642
36 0.222642 0.167925 0.022642 0.022642
37 0.248113 0.167925 0.020755 0.022642
38 0.287736 0.168868 0.024528 0.024528
39 0.316038 0.168868 0.024528 0.024528
40 0.011321 0.212264 0.011321 0.024528
41 0.044340 0.212264 0.020755 0.024528
42 0.071698 0.212264 0.026415 0.024528
43 0.096226 0.212264 0.018868 0.024528
44 0.134906 0.212264 0.032075 0.024528
45 0.182075 0.212264 0.028302 0.024528
46 0.221698 0.213208 0.024528 0.026415
47 0.250000 0.212264 0.024528 0.024528
48 0.278302 0.212264 0.024528 0.024528
49 0.306604 0.212264 0.024528 0.024528
50 0.024528 0.257547 0.022642 0.024528
51 0.048113 0.256604 0.020755 0.022642
52 0.077358 0.257547 0.026415 0.024528
53 0.117925 0.257547 0.024528 0.024528
54 0.149057 0.257547 0.033962 0.024528
55 0.195283 0.257547 0.028302 0.024528
56 0.238679 0.257547 0.024528 0.024528
57 0.279245 0.257547 0.022642 0.024528
58 0.302830 0.259434 0.013208 0.028302
59 0.330189 0.257547 0.011321 0.024528
60 0.019811 0.306604 0.013208 0.028302
61 0.037736 0.305660 0.015094 0.026415
62 0.059434 0.307547 0.020755 0.030189
63 0.080189 0.309434 0.013208 0.033962
64 0.113208 0.300943 0.018868 0.016981
65 0.135849 0.304717 0.018868 0.024528
66 0.167925 0.300943 0.018868 0.016981
67 0.192453 0.304717 0.022642 0.024528
68 0.218868 0.300943 0.018868 0.016981
69 0.249057 0.304717 0.015094 0.024528
70 0.027358 0.356604 0.020755 0.022642
71 0.050943 0.357547 0.018868 0.024528
72 0.079245 0.356604 0.011321 0.022642
73 0.095283 0.359434 0.013208 0.028302
74 0.117925 0.357547 0.020755 0.024528
75 0.137736 0.357547 0.011321 0.024528
76 0.172642 0.353774 0.032075 0.016981
77 0.211321 0.353774 0.018868 0.016981
78 0.232075 0.353774 0.018868 0.016981
79 0.255660 0.356604 0.020755 0.022642
80 0.025472 0.403774 0.020755 0.022642
81 0.047170 0.400943 0.015094 0.016981
82 0.076415 0.400943 0.016981 0.016981
83 0.093396 0.402830 0.013208 0.020755
84 0.124528 0.400943 0.018868 0.016981
85 0.156604 0.400943 0.018868 0.016981
86 0.193396 0.400943 0.028302 0.016981
87 0.234906 0.400943 0.020755 0.016981
88 0.269811 0.403774 0.018868 0.022642
89 0.300943 0.400943 0.016981 0.016981
90 0.019811 0.448113 0.013208 0.028302
91 0.036792 0.446226 0.009434 0.024528
92 0.065094 0.448113 0.013208 0.028302
93 0.082075 0.450943 0.016981 0.033962
94 0.116038 0.444340 0.024528 0.020755
95 0.154717 0.444340 0.022642 0.020755
96 0.190566 0.444340 0.022642 0.020755
97 0.232075 0.444340 0.030189 0.020755
98 0.266981 0.444340 0.028302 0.020755
99 0.311321 0.444340 0.026415 0.020755
