0 0.017925 0.038679 0.001887 0.039623
1 0.030189 0.038679 0.011321 0.039623
2 0.066981 0.038679 0.032075 0.039623
3 0.100000 0.038679 0.022642 0.039623
4 0.147170 0.039623 0.037736 0.041509
5 0.188679 0.039623 0.033962 0.041509
6 0.210377 0.038679 0.001887 0.039623
7 0.233019 0.042453 0.009434 0.047170
8 0.246226 0.042453 0.009434 0.047170
9 0.267925 0.029245 0.022642 0.020755
10 0.014151 0.097170 0.024528 0.024528
11 0.031132 0.104717 0.005660 0.039623
12 0.043396 0.090566 0.011321 0.011321
13 0.055660 0.094340 0.001887 0.018868
14 0.077358 0.104717 0.015094 0.039623
15 0.112264 0.105660 0.024528 0.041509
16 0.143396 0.104717 0.011321 0.039623
17 0.176415 0.105660 0.024528 0.041509
18 0.204717 0.105660 0.024528 0.041509
19 0.244340 0.104717 0.028302 0.039623
20 0.017925 0.165094 0.024528 0.039623
21 0.055660 0.166038 0.024528 0.041509
22 0.085849 0.165094 0.024528 0.039623
23 0.114151 0.166038 0.024528 0.041509
24 0.153774 0.166038 0.024528 0.041509
25 0.180189 0.160377 0.001887 0.030189
26 0.197170 0.164151 0.005660 0.037736
27 0.225472 0.156604 0.024528 0.022642
28 0.266981 0.151887 0.024528 0.013208
29 0.304717 0.156604 0.024528 0.022642
30 0.015094 0.226415 0.018868 0.041509
31 0.051887 0.228302 0.043396 0.045283
32 0.095283 0.225472 0.032075 0.039623
33 0.139623 0.225472 0.026415 0.039623
34 0.172642 0.226415 0.028302 0.041509
35 0.205660 0.225472 0.030189 0.039623
36 0.235849 0.225472 0.022642 0.039623
37 0.263208 0.225472 0.020755 0.039623
38 0.291509 0.226415 0.032075 0.041509
39 0.336792 0.225472 0.028302 0.039623
40 0.019811 0.289623 0.009434 0.039623
41 0.034906 0.294340 0.013208 0.049057
42 0.058491 0.289623 0.026415 0.039623
43 0.086792 0.289623 0.022642 0.039623
44 0.119811 0.289623 0.035849 0.039623
45 0.166981 0.289623 0.028302 0.039623
46 0.214151 0.290566 0.035849 0.041509
47 0.246226 0.289623 0.024528 0.039623
48 0.282075 0.295283 0.035849 0.050943
49 0.317925 0.289623 0.024528 0.039623
50 0.027358 0.360377 0.024528 0.041509
51 0.054717 0.359434 0.026415 0.039623
52 0.088679 0.359434 0.030189 0.039623
53 0.125472 0.359434 0.032075 0.039623
54 0.179245 0.359434 0.045283 0.039623
55 0.219811 0.359434 0.028302 0.039623
56 0.264151 0.359434 0.026415 0.039623
57 0.304717 0.359434 0.028302 0.039623
58 0.329245 0.364151 0.009434 0.049057
59 0.358491 0.359434 0.015094 0.039623
60 0.009434 0.432075 0.011321 0.049057
61 0.042453 0.430189 0.024528 0.045283
62 0.069811 0.415094 0.022642 0.015094
63 0.090566 0.421698 0.007547 0.028302
64 0.119811 0.422642 0.020755 0.030189
65 0.159434 0.429245 0.024528 0.043396
66 0.183962 0.422642 0.020755 0.030189
67 0.208491 0.429245 0.024528 0.043396
68 0.233962 0.422642 0.022642 0.030189
69 0.255660 0.429245 0.016981 0.043396
70 0.017925 0.497170 0.024528 0.043396
71 0.047170 0.497170 0.022642 0.043396
72 0.062264 0.496226 0.003774 0.041509
73 0.070755 0.502830 0.009434 0.054717
74 0.087736 0.497170 0.020755 0.043396
75 0.102830 0.497170 0.001887 0.043396
76 0.127358 0.490566 0.039623 0.030189
77 0.162264 0.490566 0.022642 0.030189
78 0.201887 0.490566 0.026415 0.030189
79 0.242453 0.497170 0.024528 0.043396
80 0.025472 0.570755 0.024528 0.043396
81 0.060377 0.564151 0.015094 0.030189
82 0.094340 0.564151 0.018868 0.030189
83 0.115094 0.567925 0.015094 0.037736
84 0.135849 0.564151 0.022642 0.030189
85 0.161321 0.564151 0.024528 0.030189
86 0.208491 0.564151 0.035849 0.030189
87 0.252830 0.564151 0.022642 0.030189
88 0.291509 0.570755 0.024528 0.043396
89 0.317925 0.564151 0.020755 0.030189
90 0.013208 0.635849 0.015094 0.049057
91 0.024528 0.611321 0.000000 0.000000
92 0.037736 0.635849 0.015094 0.049057
93 0.070755 0.628302 0.024528 0.033962
94 0.110377 0.627358 0.024528 0.032075
95 0.134906 0.626415 0.020755 0.030189
96 0.172642 0.626415 0.020755 0.030189
97 0.207547 0.627358 0.022642 0.032075
98 0.246226 0.627358 0.024528 0.032075
99 0.276415 0.626415 0.024528 0.030189
