0 0.008491 0.033019 0.009434 0.028302
1 0.023585 0.035849 0.009434 0.033962
2 0.044340 0.031132 0.020755 0.024528
3 0.067925 0.035849 0.022642 0.033962
4 0.092453 0.032075 0.022642 0.026415
5 0.121698 0.032075 0.024528 0.026415
6 0.137736 0.035849 0.003774 0.033962
7 0.149057 0.033019 0.007547 0.028302
8 0.162264 0.033962 0.011321 0.030189
9 0.179245 0.026415 0.015094 0.015094
10 0.013208 0.083019 0.022642 0.022642
11 0.032075 0.083019 0.003774 0.022642
12 0.041509 0.083019 0.011321 0.022642
13 0.066038 0.081132 0.003774 0.018868
14 0.089623 0.085849 0.016981 0.028302
15 0.124528 0.083019 0.026415 0.022642
16 0.145283 0.084906 0.011321 0.026415
17 0.181132 0.084906 0.026415 0.026415
18 0.220755 0.084906 0.026415 0.026415
19 0.260377 0.084906 0.026415 0.026415
20 0.015094 0.132075 0.026415 0.026415
21 0.058491 0.131132 0.026415 0.024528
22 0.088679 0.132075 0.022642 0.026415
23 0.129245 0.131132 0.024528 0.024528
24 0.159434 0.131132 0.024528 0.024528
25 0.188679 0.129245 0.007547 0.020755
26 0.198113 0.131132 0.007547 0.024528
27 0.231132 0.129245 0.024528 0.020755
28 0.267925 0.124528 0.022642 0.011321
29 0.293396 0.129245 0.024528 0.020755
30 0.026415 0.178302 0.018868 0.028302
31 0.051887 0.178302 0.028302 0.028302
32 0.084906 0.178302 0.030189 0.028302
33 0.118868 0.177358 0.030189 0.026415
34 0.150943 0.178302 0.030189 0.028302
35 0.195283 0.177358 0.032075 0.026415
36 0.228302 0.177358 0.030189 0.026415
37 0.262264 0.177358 0.030189 0.026415
38 0.299057 0.178302 0.032075 0.028302
39 0.348113 0.177358 0.032075 0.026415
40 0.011321 0.224528 0.011321 0.026415
41 0.043396 0.224528 0.018868 0.026415
42 0.072642 0.224528 0.028302 0.026415
43 0.112264 0.224528 0.024528 0.026415
44 0.158491 0.224528 0.037736 0.026415
45 0.208491 0.224528 0.032075 0.026415
46 0.253774 0.224528 0.032075 0.026415
47 0.300943 0.224528 0.028302 0.026415
48 0.336792 0.230189 0.032075 0.037736
49 0.373585 0.224528 0.030189 0.026415
50 0.017925 0.282075 0.028302 0.028302
51 0.051887 0.281132 0.028302 0.026415
52 0.086792 0.280189 0.030189 0.024528
53 0.122642 0.281132 0.030189 0.026415
54 0.174528 0.282075 0.039623 0.028302
55 0.213208 0.281132 0.030189 0.026415
56 0.245283 0.281132 0.026415 0.026415
57 0.287736 0.281132 0.028302 0.026415
58 0.313208 0.285849 0.011321 0.035849
59 0.329245 0.282075 0.009434 0.028302
60 0.018868 0.340566 0.011321 0.035849
61 0.033962 0.337736 0.015094 0.030189
62 0.068868 0.330189 0.020755 0.015094
63 0.084906 0.333962 0.007547 0.022642
64 0.115094 0.333962 0.022642 0.022642
65 0.152830 0.337736 0.026415 0.030189
66 0.192453 0.333962 0.022642 0.022642
67 0.234906 0.337736 0.028302 0.030189
68 0.266981 0.333962 0.024528 0.022642
69 0.302830 0.337736 0.016981 0.030189
70 0.020755 0.393396 0.030189 0.032075
71 0.054717 0.392453 0.026415 0.030189
72 0.087736 0.392453 0.009434 0.030189
73 0.102830 0.396226 0.016981 0.037736
74 0.140566 0.392453 0.024528 0.030189
75 0.159434 0.392453 0.009434 0.030189
76 0.200000 0.388679 0.041509 0.022642
77 0.237736 0.388679 0.026415 0.022642
78 0.266981 0.386792 0.024528 0.018868
79 0.295283 0.392453 0.028302 0.030189
80 0.030189 0.449057 0.026415 0.030189
81 0.057547 0.445283 0.016981 0.022642
82 0.081132 0.445283 0.022642 0.022642
83 0.113208 0.446226 0.011321 0.024528
84 0.148113 0.445283 0.024528 0.022642
85 0.187736 0.444340 0.024528 0.020755
86 0.233962 0.445283 0.037736 0.022642
87 0.278302 0.445283 0.024528 0.022642
88 0.319811 0.449057 0.028302 0.030189
89 0.363208 0.445283 0.024528 0.022642
90 0.018868 0.500943 0.011321 0.035849
91 0.033962 0.498113 0.007547 0.030189
92 0.045283 0.500943 0.011321 0.035849
93 0.066038 0.500000 0.018868 0.033962
94 0.090566 0.494340 0.022642 0.022642
95 0.129245 0.494340 0.020755 0.022642
96 0.154717 0.494340 0.022642 0.022642
97 0.183962 0.494340 0.024528 0.022642
98 0.211321 0.494340 0.026415 0.022642
99 0.243396 0.494340 0.030189 0.022642
