100 0.022642 0.033962 0.015094 0.030189
101 0.053774 0.033962 0.016981 0.030189
102 0.080189 0.033962 0.024528 0.030189
103 0.106604 0.034906 0.020755 0.032075
104 0.131132 0.033962 0.020755 0.030189
105 0.159434 0.033962 0.032075 0.030189
106 0.206604 0.040566 0.032075 0.043396
107 0.235849 0.040566 0.022642 0.043396
108 0.271698 0.040566 0.022642 0.043396
109 0.300000 0.042453 0.022642 0.047170
110 0.029245 0.100000 0.024528 0.030189
111 0.075472 0.100000 0.033962 0.030189
112 0.116981 0.100000 0.037736 0.030189
113 0.150000 0.100000 0.020755 0.030189
114 0.187736 0.100000 0.020755 0.030189
115 0.211321 0.100000 0.018868 0.030189
116 0.235849 0.100000 0.022642 0.030189
117 0.260377 0.100000 0.018868 0.030189
118 0.298113 0.100000 0.026415 0.030189
119 0.324528 0.100000 0.022642 0.030189
120 0.016981 0.155660 0.022642 0.043396
121 0.050943 0.149057 0.018868 0.030189
122 0.086792 0.154717 0.018868 0.041509
123 0.115094 0.149057 0.026415 0.030189
124 0.158491 0.155660 0.026415 0.043396
125 0.198113 0.149057 0.022642 0.030189
126 0.223585 0.149057 0.020755 0.030189
127 0.258491 0.149057 0.018868 0.030189
128 0.293396 0.149057 0.016981 0.030189
129 0.313208 0.155660 0.018868 0.043396
130 0.015094 0.212264 0.018868 0.032075
131 0.049057 0.217925 0.022642 0.043396
132 0.070755 0.211321 0.016981 0.030189
133 0.104717 0.212264 0.020755 0.032075
134 0.131132 0.211321 0.028302 0.030189
135 0.161321 0.212264 0.020755 0.032075
136 0.187736 0.211321 0.024528 0.030189
137 0.227358 0.217925 0.028302 0.043396
138 0.264151 0.211321 0.018868 0.030189
139 0.300943 0.212264 0.020755 0.032075
140 0.023585 0.273585 0.016981 0.030189
141 0.046226 0.270755 0.016981 0.024528
142 0.069811 0.263208 0.018868 0.009434
143 0.100000 0.273585 0.015094 0.030189
144 0.126415 0.281132 0.030189 0.045283
145 0.166038 0.262264 0.018868 0.007547
146 0.200000 0.262264 0.018868 0.007547
147 0.234906 0.263208 0.020755 0.009434
148 0.267925 0.262264 0.018868 0.007547
149 0.286792 0.264151 0.007547 0.011321
150 0.020755 0.329245 0.015094 0.013208
151 0.046226 0.325472 0.005660 0.005660
152 0.072642 0.341509 0.020755 0.037736
153 0.090566 0.337736 0.007547 0.030189
154 0.120755 0.337736 0.022642 0.030189
155 0.158491 0.350943 0.018868 0.056604
156 0.188679 0.350943 0.015094 0.056604
157 0.207547 0.350943 0.015094 0.056604
158 0.239623 0.326415 0.015094 0.007547
159 0.272642 0.344340 0.016981 0.043396
160 0.009434 0.404717 0.015094 0.013208
161 0.034906 0.403774 0.001887 0.011321
162 0.050000 0.403774 0.016981 0.011321
163 0.085849 0.403774 0.020755 0.011321
164 0.116038 0.404717 0.009434 0.013208
165 0.142453 0.404717 0.013208 0.013208
166 0.155660 0.402830 0.009434 0.009434
167 0.165094 0.403774 0.005660 0.011321
168 0.180189 0.411321 0.020755 0.026415
169 0.204717 0.411321 0.020755 0.026415
170 0.014151 0.457547 0.020755 0.028302
171 0.050000 0.460377 0.020755 0.033962
172 0.089623 0.456604 0.024528 0.026415
173 0.127358 0.461321 0.020755 0.035849
174 0.161321 0.461321 0.020755 0.035849
175 0.196226 0.461321 0.018868 0.035849
176 0.225472 0.460377 0.028302 0.033962
177 0.263208 0.461321 0.020755 0.035849
178 0.289623 0.461321 0.024528 0.035849
179 0.331132 0.458491 0.028302 0.030189
180 0.035849 0.508491 0.037736 0.020755
