100 0.012264 0.033962 0.020755 0.030189
101 0.047170 0.034906 0.018868 0.032075
102 0.067925 0.034906 0.018868 0.032075
103 0.088679 0.033962 0.018868 0.030189
104 0.109434 0.033962 0.018868 0.030189
105 0.140566 0.034906 0.035849 0.032075
106 0.193396 0.038679 0.035849 0.039623
107 0.226415 0.040566 0.022642 0.043396
108 0.252830 0.040566 0.022642 0.043396
109 0.278302 0.040566 0.020755 0.043396
110 0.026415 0.097170 0.022642 0.032075
111 0.073585 0.097170 0.037736 0.032075
112 0.112264 0.097170 0.035849 0.032075
113 0.158491 0.097170 0.022642 0.032075
114 0.186792 0.097170 0.022642 0.032075
115 0.223585 0.097170 0.020755 0.032075
116 0.248113 0.097170 0.020755 0.032075
117 0.283019 0.097170 0.018868 0.032075
118 0.318868 0.086792 0.018868 0.011321
119 0.341509 0.096226 0.018868 0.030189
120 0.011321 0.152830 0.018868 0.041509
121 0.044340 0.148113 0.020755 0.032075
122 0.080189 0.148113 0.020755 0.032075
123 0.108491 0.147170 0.028302 0.030189
124 0.150000 0.152830 0.028302 0.041509
125 0.181132 0.148113 0.022642 0.032075
126 0.206604 0.147170 0.020755 0.030189
127 0.231132 0.148113 0.020755 0.032075
128 0.253774 0.148113 0.016981 0.032075
129 0.276415 0.153774 0.020755 0.043396
130 0.023585 0.210377 0.020755 0.032075
131 0.060377 0.216038 0.022642 0.043396
132 0.098113 0.210377 0.018868 0.032075
133 0.132075 0.210377 0.022642 0.032075
134 0.157547 0.209434 0.020755 0.030189
135 0.192453 0.210377 0.022642 0.032075
136 0.230189 0.209434 0.018868 0.030189
137 0.257547 0.214151 0.028302 0.039623
138 0.283962 0.210377 0.020755 0.032075
139 0.320755 0.210377 0.022642 0.032075
140 0.022642 0.272642 0.018868 0.032075
141 0.050943 0.266038 0.011321 0.018868
142 0.082075 0.259434 0.016981 0.005660
143 0.102830 0.261321 0.013208 0.009434
144 0.126415 0.266981 0.026415 0.020755
145 0.164151 0.257547 0.018868 0.001887
146 0.186792 0.260377 0.018868 0.007547
147 0.209434 0.260377 0.018868 0.007547
148 0.245283 0.259434 0.018868 0.005660
149 0.262264 0.262264 0.003774 0.011321
150 0.011321 0.313208 0.011321 0.011321
151 0.033962 0.310377 0.003774 0.005660
152 0.059434 0.331132 0.020755 0.047170
153 0.074528 0.322642 0.005660 0.030189
154 0.090566 0.322642 0.018868 0.030189
155 0.112264 0.330189 0.013208 0.045283
156 0.125472 0.330189 0.009434 0.045283
157 0.137736 0.330189 0.011321 0.045283
158 0.164151 0.323585 0.015094 0.032075
159 0.187736 0.329245 0.020755 0.043396
160 0.025472 0.379245 0.016981 0.011321
161 0.036792 0.379245 0.001887 0.011321
162 0.050000 0.379245 0.013208 0.011321
163 0.066981 0.378302 0.016981 0.009434
164 0.082075 0.379245 0.001887 0.011321
165 0.104717 0.376415 0.009434 0.005660
166 0.116981 0.377358 0.007547 0.007547
167 0.127358 0.377358 0.009434 0.007547
168 0.155660 0.386792 0.020755 0.026415
169 0.193396 0.386792 0.020755 0.026415
170 0.014151 0.432075 0.020755 0.026415
171 0.040566 0.434906 0.024528 0.032075
172 0.065094 0.432075 0.020755 0.026415
173 0.102830 0.434906 0.020755 0.032075
174 0.129245 0.434906 0.020755 0.032075
175 0.162264 0.433962 0.018868 0.030189
176 0.200943 0.434906 0.028302 0.032075
177 0.231132 0.433019 0.020755 0.028302
178 0.255660 0.434906 0.020755 0.032075
179 0.284906 0.434906 0.030189 0.032075
180 0.021698 0.479245 0.035849 0.018868
