100 0.022642 0.031132 0.018868 0.024528
101 0.043396 0.031132 0.018868 0.024528
102 0.071698 0.031132 0.026415 0.024528
103 0.113208 0.032075 0.022642 0.026415
104 0.149057 0.032075 0.022642 0.026415
105 0.193396 0.031132 0.032075 0.024528
106 0.230189 0.035849 0.030189 0.033962
107 0.274528 0.035849 0.024528 0.033962
108 0.300943 0.035849 0.024528 0.033962
109 0.340566 0.035849 0.020755 0.033962
110 0.013208 0.083962 0.022642 0.024528
111 0.054717 0.083962 0.033962 0.024528
112 0.091509 0.083962 0.035849 0.024528
113 0.137736 0.083962 0.022642 0.024528
114 0.177358 0.083962 0.022642 0.024528
115 0.200000 0.083962 0.018868 0.024528
116 0.225472 0.083962 0.024528 0.024528
117 0.253774 0.083962 0.020755 0.024528
118 0.281132 0.083962 0.030189 0.024528
119 0.321698 0.083962 0.024528 0.024528
120 0.016038 0.130189 0.024528 0.030189
121 0.053774 0.127358 0.020755 0.024528
122 0.091509 0.130189 0.020755 0.030189
123 0.116981 0.127358 0.026415 0.024528
124 0.147170 0.130189 0.026415 0.030189
125 0.185849 0.127358 0.024528 0.024528
126 0.225472 0.127358 0.024528 0.024528
127 0.253774 0.127358 0.020755 0.024528
128 0.276415 0.127358 0.020755 0.024528
129 0.298113 0.132075 0.018868 0.033962
130 0.025472 0.180189 0.020755 0.024528
131 0.061321 0.184906 0.024528 0.033962
132 0.087736 0.180189 0.016981 0.024528
133 0.123585 0.182075 0.024528 0.028302
134 0.154717 0.180189 0.030189 0.024528
135 0.198113 0.182075 0.022642 0.028302
136 0.224528 0.180189 0.026415 0.024528
137 0.264151 0.185849 0.026415 0.035849
138 0.289623 0.180189 0.020755 0.024528
139 0.316981 0.182075 0.022642 0.028302
140 0.022642 0.234906 0.015094 0.024528
141 0.042453 0.234906 0.016981 0.024528
142 0.060377 0.227358 0.015094 0.009434
143 0.089623 0.234906 0.016981 0.024528
144 0.114151 0.241509 0.028302 0.037736
145 0.150943 0.225472 0.018868 0.005660
146 0.183019 0.226415 0.018868 0.007547
147 0.206604 0.226415 0.020755 0.007547
148 0.232075 0.227358 0.022642 0.009434
149 0.260377 0.229245 0.007547 0.013208
150 0.021698 0.285849 0.016981 0.013208
151 0.036792 0.283962 0.009434 0.009434
152 0.059434 0.299057 0.028302 0.039623
153 0.081132 0.291509 0.011321 0.024528
154 0.104717 0.291509 0.024528 0.024528
155 0.133019 0.300000 0.024528 0.041509
156 0.171698 0.300000 0.022642 0.041509
157 0.199057 0.299057 0.024528 0.039623
158 0.233019 0.295283 0.016981 0.032075
159 0.253774 0.291509 0.016981 0.024528
160 0.011321 0.346226 0.018868 0.013208
161 0.025472 0.343396 0.005660 0.007547
162 0.041509 0.344340 0.015094 0.009434
163 0.073585 0.344340 0.018868 0.009434
164 0.088679 0.344340 0.007547 0.009434
165 0.100000 0.344340 0.011321 0.009434
166 0.116038 0.344340 0.009434 0.009434
167 0.142453 0.346226 0.016981 0.013208
168 0.161321 0.349057 0.016981 0.018868
169 0.195283 0.350000 0.020755 0.020755
170 0.012264 0.390566 0.020755 0.022642
171 0.041509 0.393396 0.026415 0.028302
172 0.072642 0.389623 0.024528 0.020755
173 0.112264 0.395283 0.028302 0.032075
174 0.151887 0.396226 0.024528 0.033962
175 0.189623 0.394340 0.020755 0.030189
176 0.227358 0.393396 0.028302 0.028302
177 0.259434 0.394340 0.024528 0.030189
178 0.286792 0.393396 0.022642 0.028302
179 0.323585 0.391509 0.024528 0.024528
180 0.025472 0.440566 0.047170 0.016981
