0 0.015094 0.032075 0.003774 0.026415
1 0.036792 0.033019 0.005660 0.028302
2 0.063208 0.031132 0.016981 0.024528
3 0.093396 0.034906 0.016981 0.032075
4 0.110377 0.030189 0.013208 0.022642
5 0.140566 0.032075 0.020755 0.026415
6 0.168868 0.033019 0.001887 0.028302
7 0.177358 0.034906 0.007547 0.032075
8 0.190566 0.034906 0.007547 0.032075
9 0.212264 0.023585 0.009434 0.009434
10 0.018868 0.071698 0.003774 0.003774
11 0.028302 0.081132 0.003774 0.022642
12 0.033962 0.069811 0.000000 0.000000
13 0.037736 0.074528 0.003774 0.009434
14 0.048113 0.080189 0.013208 0.020755
15 0.066981 0.081132 0.016981 0.022642
16 0.080189 0.071698 0.005660 0.003774
17 0.092453 0.081132 0.015094 0.022642
18 0.109434 0.081132 0.015094 0.022642
19 0.131132 0.081132 0.016981 0.022642
20 0.022642 0.122642 0.015094 0.022642
21 0.055660 0.122642 0.016981 0.022642
22 0.076415 0.122642 0.013208 0.022642
23 0.093396 0.122642 0.016981 0.022642
24 0.123585 0.122642 0.016981 0.022642
25 0.147170 0.121698 0.003774 0.020755
26 0.152830 0.123585 0.003774 0.024528
27 0.167925 0.120755 0.018868 0.018868
28 0.186792 0.112264 0.015094 0.001887
29 0.205660 0.120755 0.018868 0.018868
30 0.024528 0.167925 0.015094 0.026415
31 0.050000 0.167925 0.024528 0.026415
32 0.075472 0.167925 0.022642 0.026415
33 0.100000 0.167925 0.018868 0.026415
34 0.122642 0.167925 0.022642 0.026415
35 0.147170 0.167925 0.018868 0.026415
36 0.182075 0.167925 0.016981 0.026415
37 0.203774 0.167925 0.015094 0.026415
38 0.235849 0.167925 0.022642 0.026415
39 0.258491 0.167925 0.018868 0.026415
40 0.014151 0.213208 0.001887 0.026415
41 0.023585 0.213208 0.013208 0.026415
42 0.041509 0.213208 0.018868 0.026415
43 0.060377 0.213208 0.015094 0.026415
44 0.085849 0.213208 0.024528 0.026415
45 0.111321 0.213208 0.018868 0.026415
46 0.134906 0.213208 0.024528 0.026415
47 0.169811 0.213208 0.018868 0.026415
48 0.206604 0.213208 0.024528 0.026415
49 0.230189 0.213208 0.018868 0.026415
50 0.024528 0.258491 0.018868 0.026415
51 0.061321 0.258491 0.020755 0.026415
52 0.087736 0.258491 0.020755 0.026415
53 0.112264 0.258491 0.020755 0.026415
54 0.140566 0.258491 0.032075 0.026415
55 0.180189 0.258491 0.020755 0.026415
56 0.203774 0.258491 0.022642 0.026415
57 0.229245 0.258491 0.020755 0.026415
58 0.248113 0.262264 0.005660 0.033962
59 0.273585 0.257547 0.011321 0.024528
60 0.006604 0.315094 0.005660 0.033962
61 0.018868 0.313208 0.015094 0.030189
62 0.043396 0.298113 0.000000 0.000000
63 0.050943 0.303774 0.003774 0.011321
64 0.074528 0.307547 0.016981 0.018868
65 0.093396 0.310377 0.016981 0.024528
66 0.111321 0.307547 0.015094 0.018868
67 0.131132 0.311321 0.016981 0.026415
68 0.162264 0.307547 0.015094 0.018868
69 0.187736 0.311321 0.009434 0.026415
70 0.021698 0.364151 0.016981 0.026415
71 0.052830 0.363208 0.015094 0.024528
72 0.074528 0.363208 0.001887 0.024528
73 0.094340 0.366981 0.003774 0.032075
74 0.120755 0.363208 0.015094 0.024528
75 0.131132 0.363208 0.001887 0.024528
76 0.162264 0.360377 0.026415 0.018868
77 0.200000 0.360377 0.015094 0.018868
78 0.233019 0.360377 0.016981 0.018868
79 0.266981 0.363208 0.016981 0.024528
80 0.012264 0.415094 0.016981 0.026415
81 0.038679 0.411321 0.009434 0.018868
82 0.067925 0.411321 0.015094 0.018868
83 0.085849 0.414151 0.009434 0.024528
84 0.100000 0.411321 0.015094 0.018868
85 0.133019 0.411321 0.016981 0.018868
86 0.157547 0.411321 0.024528 0.018868
87 0.190566 0.411321 0.015094 0.018868
88 0.221698 0.415094 0.016981 0.026415
89 0.250943 0.411321 0.015094 0.018868
90 0.005660 0.464151 0.007547 0.033962
91 0.014151 0.460377 0.001887 0.026415
92 0.020755 0.464151 0.007547 0.033962
93 0.037736 0.458491 0.015094 0.022642
94 0.067925 0.458491 0.015094 0.022642
95 0.084906 0.458491 0.015094 0.022642
96 0.117925 0.458491 0.016981 0.022642
97 0.140566 0.458491 0.016981 0.022642
98 0.159434 0.458491 0.016981 0.022642
99 0.180189 0.458491 0.020755 0.022642
