0 0.021698 0.033962 0.009434 0.030189
1 0.053774 0.044340 0.020755 0.050943
2 0.085849 0.031132 0.016981 0.024528
3 0.111321 0.034906 0.022642 0.032075
4 0.157547 0.033962 0.035849 0.030189
5 0.208491 0.034906 0.035849 0.032075
6 0.234906 0.041509 0.009434 0.045283
7 0.264151 0.037736 0.018868 0.037736
8 0.288679 0.037736 0.018868 0.037736
9 0.321698 0.027358 0.016981 0.016981
10 0.025472 0.099057 0.020755 0.020755
11 0.055660 0.114151 0.009434 0.050943
12 0.080189 0.111321 0.013208 0.045283
13 0.097170 0.112264 0.009434 0.047170
14 0.128302 0.106604 0.018868 0.035849
15 0.150943 0.100943 0.022642 0.024528
16 0.186792 0.100943 0.022642 0.024528
17 0.211321 0.101887 0.022642 0.026415
18 0.239623 0.102830 0.022642 0.028302
19 0.275472 0.103774 0.022642 0.030189
20 0.016981 0.173585 0.022642 0.030189
21 0.041509 0.172642 0.022642 0.028302
22 0.079245 0.173585 0.022642 0.030189
23 0.115094 0.172642 0.022642 0.028302
24 0.150943 0.173585 0.022642 0.030189
25 0.168868 0.169811 0.009434 0.022642
26 0.196226 0.173585 0.011321 0.030189
27 0.225472 0.168868 0.020755 0.020755
28 0.248113 0.165094 0.020755 0.013208
29 0.271698 0.168868 0.018868 0.020755
30 0.025472 0.222642 0.020755 0.030189
31 0.067925 0.222642 0.030189 0.030189
32 0.114151 0.222642 0.032075 0.030189
33 0.157547 0.222642 0.028302 0.030189
34 0.191509 0.222642 0.028302 0.030189
35 0.225472 0.222642 0.032075 0.030189
36 0.268868 0.222642 0.028302 0.030189
37 0.311321 0.222642 0.026415 0.030189
38 0.353774 0.222642 0.032075 0.030189
39 0.387736 0.222642 0.032075 0.030189
40 0.023585 0.271698 0.016981 0.030189
41 0.059434 0.271698 0.024528 0.030189
42 0.105660 0.271698 0.033962 0.030189
43 0.141509 0.271698 0.026415 0.030189
44 0.186792 0.271698 0.033962 0.030189
45 0.222642 0.271698 0.033962 0.030189
46 0.271698 0.271698 0.030189 0.030189
47 0.302830 0.271698 0.028302 0.030189
48 0.347170 0.275472 0.030189 0.037736
49 0.379245 0.271698 0.030189 0.030189
50 0.025472 0.328302 0.024528 0.030189
51 0.065094 0.328302 0.028302 0.030189
52 0.098113 0.328302 0.033962 0.030189
53 0.135849 0.328302 0.033962 0.030189
54 0.191509 0.328302 0.043396 0.030189
55 0.235849 0.328302 0.033962 0.030189
56 0.283019 0.328302 0.030189 0.030189
57 0.327358 0.328302 0.028302 0.030189
58 0.350943 0.332075 0.015094 0.037736
59 0.382075 0.327358 0.020755 0.028302
60 0.008491 0.388679 0.013208 0.037736
61 0.037736 0.390566 0.018868 0.041509
62 0.072642 0.384906 0.020755 0.030189
63 0.091509 0.395283 0.009434 0.050943
64 0.113208 0.380189 0.022642 0.020755
65 0.154717 0.384906 0.026415 0.030189
66 0.193396 0.381132 0.020755 0.022642
67 0.232075 0.384906 0.026415 0.030189
68 0.268868 0.381132 0.020755 0.022642
69 0.300943 0.384906 0.016981 0.030189
70 0.024528 0.455660 0.022642 0.032075
71 0.062264 0.454717 0.026415 0.030189
72 0.099057 0.454717 0.013208 0.030189
73 0.117925 0.459434 0.013208 0.039623
74 0.151887 0.453774 0.028302 0.028302
75 0.175472 0.454717 0.015094 0.030189
76 0.218868 0.450000 0.037736 0.020755
77 0.264151 0.450943 0.026415 0.022642
78 0.293396 0.450943 0.024528 0.022642
79 0.334906 0.454717 0.024528 0.030189
80 0.018868 0.513208 0.026415 0.030189
81 0.059434 0.509434 0.020755 0.022642
82 0.082075 0.509434 0.016981 0.022642
83 0.115094 0.511321 0.018868 0.026415
84 0.155660 0.508491 0.028302 0.020755
85 0.200000 0.508491 0.026415 0.020755
86 0.239623 0.508491 0.041509 0.020755
87 0.289623 0.508491 0.024528 0.020755
88 0.318868 0.512264 0.026415 0.028302
89 0.357547 0.509434 0.020755 0.022642
90 0.012264 0.566038 0.013208 0.037736
91 0.036792 0.562264 0.005660 0.030189
92 0.050943 0.566038 0.011321 0.037736
93 0.082075 0.569811 0.020755 0.045283
94 0.111321 0.560377 0.026415 0.026415
95 0.150943 0.560377 0.022642 0.026415
96 0.180189 0.560377 0.024528 0.026415
97 0.210377 0.560377 0.028302 0.026415
98 0.253774 0.560377 0.028302 0.026415
99 0.300000 0.560377 0.030189 0.026415
