0 0.018868 0.035849 0.003774 0.033962
1 0.040566 0.030189 0.013208 0.022642
2 0.071698 0.035849 0.037736 0.033962
3 0.105660 0.038679 0.022642 0.039623
4 0.150943 0.035849 0.037736 0.033962
5 0.201887 0.035849 0.030189 0.033962
6 0.221698 0.030189 0.005660 0.022642
7 0.236792 0.041509 0.013208 0.045283
8 0.264151 0.041509 0.011321 0.045283
9 0.283019 0.029245 0.022642 0.020755
10 0.016981 0.094340 0.022642 0.022642
11 0.045283 0.100000 0.007547 0.033962
12 0.073585 0.094340 0.022642 0.022642
13 0.101887 0.101887 0.007547 0.037736
14 0.130189 0.100000 0.022642 0.033962
15 0.171698 0.100000 0.030189 0.033962
16 0.198113 0.100000 0.011321 0.033962
17 0.231132 0.100000 0.024528 0.033962
18 0.259434 0.100000 0.024528 0.033962
19 0.298113 0.100000 0.026415 0.033962
20 0.016038 0.156604 0.024528 0.033962
21 0.041509 0.156604 0.022642 0.033962
22 0.078302 0.156604 0.024528 0.033962
23 0.120755 0.156604 0.026415 0.033962
24 0.158491 0.156604 0.022642 0.033962
25 0.185849 0.151887 0.005660 0.024528
26 0.196226 0.154717 0.007547 0.030189
27 0.217925 0.153774 0.024528 0.028302
28 0.245283 0.147170 0.022642 0.015094
29 0.270755 0.154717 0.024528 0.030189
30 0.016981 0.209434 0.022642 0.033962
31 0.049057 0.209434 0.033962 0.033962
32 0.087736 0.209434 0.032075 0.033962
33 0.133962 0.209434 0.026415 0.033962
34 0.163208 0.209434 0.028302 0.033962
35 0.204717 0.209434 0.028302 0.033962
36 0.235849 0.209434 0.022642 0.033962
37 0.262264 0.209434 0.022642 0.033962
38 0.292453 0.209434 0.030189 0.033962
39 0.335849 0.209434 0.026415 0.033962
40 0.007547 0.262264 0.003774 0.033962
41 0.021698 0.262264 0.020755 0.033962
42 0.050943 0.262264 0.026415 0.033962
43 0.080189 0.262264 0.024528 0.033962
44 0.116038 0.262264 0.035849 0.033962
45 0.154717 0.262264 0.030189 0.033962
46 0.191509 0.262264 0.032075 0.033962
47 0.224528 0.262264 0.026415 0.033962
48 0.270755 0.262264 0.032075 0.033962
49 0.305660 0.262264 0.026415 0.033962
50 0.016038 0.315094 0.024528 0.033962
51 0.047170 0.315094 0.026415 0.033962
52 0.076415 0.315094 0.028302 0.033962
53 0.110377 0.315094 0.032075 0.033962
54 0.161321 0.315094 0.043396 0.033962
55 0.201887 0.315094 0.030189 0.033962
56 0.233019 0.315094 0.028302 0.033962
57 0.276415 0.315094 0.028302 0.033962
58 0.313208 0.318868 0.011321 0.041509
59 0.343396 0.315094 0.022642 0.033962
60 0.022642 0.379245 0.011321 0.041509
61 0.056604 0.373585 0.022642 0.030189
62 0.098113 0.373585 0.026415 0.030189
63 0.128302 0.375472 0.007547 0.033962
64 0.161321 0.371698 0.024528 0.026415
65 0.201887 0.375472 0.026415 0.033962
66 0.240566 0.371698 0.020755 0.026415
67 0.280189 0.375472 0.024528 0.033962
68 0.308491 0.371698 0.024528 0.026415
69 0.330189 0.375472 0.015094 0.033962
70 0.025472 0.435849 0.024528 0.033962
71 0.062264 0.435849 0.022642 0.033962
72 0.082075 0.435849 0.005660 0.033962
73 0.097170 0.439623 0.013208 0.041509
74 0.130189 0.435849 0.022642 0.033962
75 0.156604 0.435849 0.003774 0.033962
76 0.180189 0.432075 0.039623 0.026415
77 0.215094 0.432075 0.022642 0.026415
78 0.242453 0.432075 0.024528 0.026415
79 0.281132 0.435849 0.026415 0.033962
80 0.014151 0.496226 0.024528 0.033962
81 0.050000 0.492453 0.016981 0.026415
82 0.070755 0.492453 0.020755 0.026415
83 0.092453 0.496226 0.015094 0.033962
84 0.126415 0.492453 0.022642 0.026415
85 0.167925 0.492453 0.026415 0.026415
86 0.202830 0.492453 0.035849 0.026415
87 0.246226 0.492453 0.024528 0.026415
88 0.287736 0.496226 0.024528 0.033962
89 0.313208 0.492453 0.022642 0.026415
90 0.013208 0.554717 0.015094 0.045283
91 0.028302 0.550943 0.003774 0.037736
92 0.042453 0.554717 0.013208 0.045283
93 0.068868 0.554717 0.028302 0.045283
94 0.098113 0.548113 0.026415 0.032075
95 0.137736 0.548113 0.022642 0.032075
96 0.166038 0.548113 0.022642 0.032075
97 0.194340 0.548113 0.026415 0.032075
98 0.238679 0.548113 0.028302 0.032075
99 0.279245 0.548113 0.026415 0.032075
