0 0.005660 0.033019 0.007547 0.028302
1 0.025472 0.030189 0.005660 0.022642
2 0.042453 0.031132 0.020755 0.024528
3 0.077358 0.034906 0.022642 0.032075
4 0.104717 0.033019 0.024528 0.028302
5 0.146226 0.033019 0.024528 0.028302
6 0.172642 0.027358 0.001887 0.016981
7 0.182075 0.034906 0.009434 0.032075
8 0.195283 0.035849 0.009434 0.033962
9 0.222642 0.026415 0.015094 0.015094
10 0.021698 0.079245 0.016981 0.015094
11 0.036792 0.083019 0.005660 0.022642
12 0.051887 0.077358 0.013208 0.011321
13 0.073585 0.085849 0.003774 0.028302
14 0.090566 0.084906 0.018868 0.026415
15 0.116038 0.084906 0.020755 0.026415
16 0.134906 0.084906 0.009434 0.026415
17 0.164151 0.084906 0.022642 0.026415
18 0.187736 0.085849 0.020755 0.028302
19 0.225472 0.084906 0.020755 0.026415
20 0.028302 0.133019 0.022642 0.028302
21 0.068868 0.133019 0.024528 0.028302
22 0.097170 0.132075 0.020755 0.026415
23 0.120755 0.133019 0.022642 0.028302
24 0.156604 0.132075 0.022642 0.026415
25 0.186792 0.128302 0.007547 0.018868
26 0.199057 0.130189 0.009434 0.022642
27 0.219811 0.129245 0.020755 0.020755
28 0.244340 0.123585 0.020755 0.009434
29 0.278302 0.128302 0.020755 0.018868
30 0.012264 0.180189 0.016981 0.028302
31 0.050943 0.181132 0.030189 0.030189
32 0.080189 0.177358 0.024528 0.022642
33 0.121698 0.178302 0.024528 0.024528
34 0.152830 0.179245 0.026415 0.026415
35 0.193396 0.178302 0.024528 0.024528
36 0.231132 0.179245 0.024528 0.026415
37 0.268868 0.178302 0.024528 0.024528
38 0.298113 0.179245 0.026415 0.026415
39 0.330189 0.178302 0.026415 0.024528
40 0.017925 0.226415 0.005660 0.022642
41 0.036792 0.228302 0.020755 0.026415
42 0.064151 0.228302 0.026415 0.026415
43 0.100943 0.227358 0.020755 0.024528
44 0.131132 0.227358 0.035849 0.024528
45 0.167925 0.228302 0.026415 0.026415
46 0.207547 0.228302 0.026415 0.026415
47 0.247170 0.228302 0.026415 0.026415
48 0.288679 0.227358 0.026415 0.024528
49 0.332075 0.227358 0.026415 0.024528
50 0.026415 0.273585 0.026415 0.026415
51 0.056604 0.273585 0.022642 0.026415
52 0.082075 0.271698 0.024528 0.022642
53 0.122642 0.273585 0.022642 0.026415
54 0.156604 0.272642 0.037736 0.024528
55 0.194340 0.273585 0.026415 0.026415
56 0.222642 0.273585 0.022642 0.026415
57 0.263208 0.273585 0.028302 0.026415
58 0.289623 0.278302 0.016981 0.035849
59 0.316981 0.274528 0.007547 0.028302
60 0.021698 0.333019 0.016981 0.035849
61 0.050943 0.330189 0.015094 0.030189
62 0.074528 0.322642 0.024528 0.015094
63 0.103774 0.326415 0.003774 0.022642
64 0.117925 0.325472 0.020755 0.020755
65 0.145283 0.331132 0.022642 0.032075
66 0.180189 0.325472 0.020755 0.020755
67 0.207547 0.331132 0.026415 0.032075
68 0.233019 0.325472 0.020755 0.020755
69 0.254717 0.331132 0.015094 0.032075
70 0.015094 0.384906 0.022642 0.030189
71 0.038679 0.386792 0.020755 0.033962
72 0.053774 0.382075 0.005660 0.024528
73 0.078302 0.388679 0.013208 0.037736
74 0.099057 0.385849 0.020755 0.032075
75 0.126415 0.384906 0.007547 0.030189
76 0.150000 0.380189 0.032075 0.020755
77 0.178302 0.380189 0.020755 0.020755
78 0.213208 0.380189 0.022642 0.020755
79 0.252830 0.386792 0.026415 0.033962
80 0.026415 0.443396 0.022642 0.033962
81 0.047170 0.435849 0.015094 0.018868
82 0.066981 0.436792 0.016981 0.020755
83 0.093396 0.442453 0.009434 0.032075
84 0.111321 0.436792 0.022642 0.020755
85 0.150000 0.435849 0.020755 0.018868
86 0.180189 0.436792 0.032075 0.020755
87 0.220755 0.435849 0.022642 0.018868
88 0.256604 0.441509 0.022642 0.030189
89 0.279245 0.436792 0.018868 0.020755
90 0.008491 0.496226 0.013208 0.033962
91 0.021698 0.498113 0.009434 0.037736
92 0.035849 0.496226 0.011321 0.033962
93 0.056604 0.501887 0.018868 0.045283
94 0.094340 0.490566 0.022642 0.022642
95 0.120755 0.490566 0.018868 0.022642
96 0.145283 0.490566 0.022642 0.022642
97 0.169811 0.490566 0.022642 0.022642
98 0.206604 0.490566 0.024528 0.022642
99 0.247170 0.490566 0.026415 0.022642
