100 0.021698 0.030189 0.013208 0.022642
101 0.050000 0.030189 0.016981 0.022642
102 0.082075 0.030189 0.020755 0.022642
103 0.116981 0.031132 0.018868 0.024528
104 0.142453 0.031132 0.020755 0.024528
105 0.183019 0.030189 0.026415 0.022642
106 0.215094 0.034906 0.026415 0.032075
107 0.244340 0.034906 0.020755 0.032075
108 0.278302 0.034906 0.020755 0.032075
109 0.313208 0.035849 0.018868 0.033962
110 0.016038 0.082075 0.024528 0.020755
111 0.043396 0.082075 0.026415 0.020755
112 0.075472 0.083019 0.030189 0.022642
113 0.103774 0.083019 0.018868 0.022642
114 0.126415 0.082075 0.018868 0.020755
115 0.157547 0.083019 0.016981 0.022642
116 0.191509 0.083019 0.020755 0.022642
117 0.213208 0.082075 0.015094 0.020755
118 0.249057 0.083019 0.022642 0.022642
119 0.274528 0.083019 0.020755 0.022642
120 0.014151 0.129245 0.020755 0.032075
121 0.046226 0.124528 0.016981 0.022642
122 0.076415 0.129245 0.016981 0.032075
123 0.101887 0.124528 0.022642 0.022642
124 0.137736 0.129245 0.022642 0.032075
125 0.161321 0.124528 0.020755 0.022642
126 0.194340 0.124528 0.018868 0.022642
127 0.228302 0.124528 0.015094 0.022642
128 0.259434 0.123585 0.013208 0.020755
129 0.280189 0.129245 0.016981 0.032075
130 0.023585 0.175472 0.016981 0.022642
131 0.048113 0.180189 0.020755 0.032075
132 0.081132 0.175472 0.015094 0.022642
133 0.102830 0.176415 0.020755 0.024528
134 0.138679 0.175472 0.024528 0.022642
135 0.173585 0.176415 0.018868 0.024528
136 0.206604 0.175472 0.020755 0.022642
137 0.242453 0.179245 0.024528 0.030189
138 0.268868 0.175472 0.016981 0.022642
139 0.300943 0.175472 0.016981 0.022642
140 0.012264 0.218868 0.016981 0.007547
141 0.043396 0.226415 0.015094 0.022642
142 0.071698 0.218868 0.015094 0.007547
143 0.090566 0.218868 0.011321 0.007547
144 0.110377 0.224528 0.020755 0.018868
145 0.132075 0.219811 0.015094 0.009434
146 0.164151 0.220755 0.015094 0.011321
147 0.183962 0.221698 0.016981 0.013208
148 0.203774 0.220755 0.015094 0.011321
149 0.227358 0.218868 0.005660 0.007547
150 0.007547 0.262264 0.011321 0.011321
151 0.029245 0.258491 0.001887 0.003774
152 0.038679 0.268868 0.013208 0.024528
153 0.051887 0.260377 0.005660 0.007547
154 0.065094 0.266981 0.016981 0.020755
155 0.093396 0.276415 0.013208 0.039623
156 0.114151 0.277358 0.016981 0.041509
157 0.133019 0.277358 0.016981 0.041509
158 0.164151 0.260377 0.011321 0.007547
159 0.184906 0.271698 0.018868 0.030189
160 0.019811 0.323585 0.013208 0.013208
161 0.044340 0.320755 0.001887 0.007547
162 0.054717 0.320755 0.011321 0.007547
163 0.069811 0.321698 0.015094 0.009434
164 0.094340 0.320755 0.007547 0.007547
165 0.119811 0.323585 0.009434 0.013208
166 0.131132 0.320755 0.005660 0.007547
167 0.155660 0.323585 0.013208 0.013208
168 0.187736 0.327358 0.020755 0.020755
169 0.209434 0.324528 0.018868 0.015094
170 0.011321 0.364151 0.018868 0.015094
171 0.045283 0.367925 0.022642 0.022642
172 0.083019 0.364151 0.018868 0.015094
173 0.118868 0.366981 0.022642 0.020755
174 0.158491 0.369811 0.022642 0.026415
175 0.183962 0.366038 0.016981 0.018868
176 0.207547 0.366981 0.022642 0.020755
177 0.248113 0.366981 0.024528 0.020755
178 0.275472 0.365094 0.022642 0.016981
179 0.298113 0.366981 0.018868 0.020755
180 0.023585 0.411321 0.043396 0.018868
