100 0.021698 0.030189 0.013208 0.022642
101 0.038679 0.030189 0.016981 0.022642
102 0.062264 0.030189 0.018868 0.022642
103 0.096226 0.031132 0.022642 0.024528
104 0.125472 0.031132 0.024528 0.024528
105 0.159434 0.031132 0.032075 0.024528
106 0.194340 0.036792 0.030189 0.035849
107 0.238679 0.036792 0.024528 0.035849
108 0.267925 0.036792 0.026415 0.035849
109 0.310377 0.037736 0.028302 0.037736
110 0.014151 0.087736 0.024528 0.024528
111 0.053774 0.087736 0.028302 0.024528
112 0.086792 0.087736 0.030189 0.024528
113 0.113208 0.087736 0.018868 0.024528
114 0.147170 0.087736 0.018868 0.024528
115 0.183019 0.087736 0.018868 0.024528
116 0.206604 0.087736 0.020755 0.024528
117 0.230189 0.087736 0.018868 0.024528
118 0.254717 0.087736 0.022642 0.024528
119 0.294340 0.087736 0.022642 0.024528
120 0.029245 0.134906 0.024528 0.032075
121 0.058491 0.131132 0.022642 0.024528
122 0.095283 0.134906 0.024528 0.032075
123 0.125472 0.131132 0.024528 0.024528
124 0.164151 0.134906 0.026415 0.032075
125 0.206604 0.131132 0.024528 0.024528
126 0.243396 0.131132 0.022642 0.024528
127 0.269811 0.131132 0.018868 0.024528
128 0.301887 0.131132 0.015094 0.024528
129 0.322642 0.134906 0.018868 0.032075
130 0.024528 0.182075 0.018868 0.024528
131 0.059434 0.185849 0.024528 0.032075
132 0.097170 0.181132 0.016981 0.022642
133 0.117925 0.183019 0.020755 0.026415
134 0.155660 0.182075 0.024528 0.024528
135 0.183962 0.183019 0.020755 0.026415
136 0.209434 0.182075 0.022642 0.024528
137 0.247170 0.182075 0.026415 0.024528
138 0.284906 0.181132 0.018868 0.022642
139 0.306604 0.182075 0.020755 0.024528
140 0.021698 0.233019 0.016981 0.024528
141 0.052830 0.232075 0.018868 0.022642
142 0.076415 0.225472 0.016981 0.009434
143 0.096226 0.233019 0.015094 0.024528
144 0.128302 0.239623 0.022642 0.037736
145 0.153774 0.225472 0.016981 0.009434
146 0.177358 0.225472 0.018868 0.009434
147 0.198113 0.226415 0.018868 0.011321
148 0.232075 0.225472 0.018868 0.009434
149 0.250000 0.227358 0.005660 0.013208
150 0.020755 0.283019 0.015094 0.011321
151 0.045283 0.279245 0.003774 0.003774
152 0.057547 0.294340 0.016981 0.033962
153 0.086792 0.289623 0.007547 0.024528
154 0.105660 0.289623 0.018868 0.024528
155 0.124528 0.296226 0.015094 0.037736
156 0.155660 0.296226 0.013208 0.037736
157 0.172642 0.296226 0.009434 0.037736
158 0.199057 0.293396 0.013208 0.032075
159 0.229245 0.293396 0.016981 0.032075
160 0.024528 0.340566 0.015094 0.013208
161 0.037736 0.337736 0.003774 0.007547
162 0.048113 0.338679 0.013208 0.009434
163 0.068868 0.338679 0.016981 0.009434
164 0.083019 0.337736 0.007547 0.007547
165 0.093396 0.339623 0.009434 0.011321
166 0.108491 0.338679 0.009434 0.009434
167 0.119811 0.339623 0.009434 0.011321
168 0.135849 0.343396 0.018868 0.018868
169 0.157547 0.342453 0.020755 0.016981
170 0.016038 0.381132 0.020755 0.018868
171 0.044340 0.383962 0.024528 0.024528
172 0.071698 0.380189 0.022642 0.016981
173 0.112264 0.383962 0.028302 0.024528
174 0.146226 0.383962 0.028302 0.024528
175 0.174528 0.383962 0.020755 0.024528
176 0.200943 0.383962 0.028302 0.024528
177 0.230189 0.383019 0.026415 0.022642
178 0.271698 0.383019 0.026415 0.022642
179 0.300943 0.383962 0.024528 0.024528
180 0.019811 0.423585 0.032075 0.016981
