100 0.016981 0.033962 0.022642 0.030189
101 0.041509 0.033962 0.022642 0.030189
102 0.081132 0.033962 0.022642 0.030189
103 0.116038 0.033962 0.020755 0.030189
104 0.139623 0.033962 0.022642 0.030189
105 0.187736 0.033962 0.039623 0.030189
106 0.229245 0.038679 0.039623 0.039623
107 0.276415 0.039623 0.024528 0.041509
108 0.302830 0.039623 0.024528 0.041509
109 0.345283 0.039623 0.026415 0.041509
110 0.016981 0.094340 0.022642 0.030189
111 0.050000 0.094340 0.039623 0.030189
112 0.102830 0.094340 0.039623 0.030189
113 0.149057 0.094340 0.022642 0.030189
114 0.187736 0.094340 0.024528 0.030189
115 0.216981 0.094340 0.022642 0.030189
116 0.251887 0.094340 0.020755 0.030189
117 0.278302 0.094340 0.020755 0.030189
118 0.314151 0.094340 0.020755 0.030189
119 0.336792 0.094340 0.020755 0.030189
120 0.025472 0.148113 0.020755 0.039623
121 0.064151 0.143396 0.026415 0.030189
122 0.096226 0.148113 0.026415 0.039623
123 0.136792 0.143396 0.028302 0.030189
124 0.168868 0.148113 0.028302 0.039623
125 0.197170 0.143396 0.024528 0.030189
126 0.233019 0.143396 0.020755 0.030189
127 0.260377 0.143396 0.022642 0.030189
128 0.283019 0.143396 0.018868 0.030189
129 0.307547 0.149057 0.022642 0.041509
130 0.014151 0.203774 0.020755 0.030189
131 0.042453 0.209434 0.024528 0.041509
132 0.078302 0.203774 0.020755 0.030189
133 0.108491 0.203774 0.028302 0.030189
134 0.139623 0.203774 0.026415 0.030189
135 0.181132 0.203774 0.026415 0.030189
136 0.206604 0.203774 0.020755 0.030189
137 0.233962 0.203774 0.030189 0.030189
138 0.273585 0.203774 0.022642 0.030189
139 0.313208 0.203774 0.026415 0.030189
140 0.022642 0.264151 0.018868 0.030189
141 0.053774 0.259434 0.016981 0.020755
142 0.088679 0.252830 0.018868 0.007547
143 0.122642 0.264151 0.015094 0.030189
144 0.148113 0.270755 0.032075 0.043396
145 0.178302 0.250943 0.016981 0.003774
146 0.212264 0.251887 0.016981 0.005660
147 0.245283 0.253774 0.018868 0.009434
148 0.266981 0.251887 0.016981 0.005660
149 0.281132 0.255660 0.007547 0.013208
150 0.019811 0.317925 0.013208 0.013208
151 0.042453 0.314151 0.005660 0.005660
152 0.061321 0.333962 0.020755 0.045283
153 0.088679 0.326415 0.007547 0.030189
154 0.120755 0.326415 0.022642 0.030189
155 0.147170 0.333019 0.018868 0.043396
156 0.169811 0.333019 0.018868 0.043396
157 0.193396 0.333019 0.020755 0.043396
158 0.224528 0.332075 0.015094 0.041509
159 0.249057 0.332075 0.022642 0.041509
160 0.021698 0.382075 0.016981 0.013208
161 0.048113 0.380189 0.001887 0.009434
162 0.074528 0.380189 0.016981 0.009434
163 0.100943 0.380189 0.024528 0.009434
164 0.135849 0.380189 0.015094 0.009434
165 0.167925 0.379245 0.015094 0.007547
166 0.198113 0.381132 0.011321 0.011321
167 0.213208 0.383962 0.011321 0.016981
168 0.236792 0.387736 0.024528 0.024528
169 0.277358 0.388679 0.022642 0.026415
170 0.013208 0.435849 0.022642 0.030189
171 0.039623 0.435849 0.026415 0.030189
172 0.071698 0.433962 0.026415 0.026415
173 0.100943 0.437736 0.024528 0.033962
174 0.131132 0.437736 0.024528 0.033962
175 0.167925 0.436792 0.022642 0.032075
176 0.199057 0.435849 0.035849 0.030189
177 0.247170 0.437736 0.026415 0.033962
178 0.290566 0.436792 0.026415 0.032075
179 0.333962 0.435849 0.033962 0.030189
180 0.018868 0.480189 0.033962 0.013208
