0 0.009434 0.033019 0.007547 0.028302
1 0.018868 0.035849 0.007547 0.033962
2 0.034906 0.031132 0.016981 0.024528
3 0.066981 0.030189 0.013208 0.022642
4 0.086792 0.030189 0.018868 0.022642
5 0.121698 0.031132 0.020755 0.024528
6 0.139623 0.033019 0.007547 0.028302
7 0.154717 0.036792 0.011321 0.035849
8 0.171698 0.037736 0.011321 0.037736
9 0.201887 0.024528 0.015094 0.011321
10 0.020755 0.081132 0.015094 0.011321
11 0.033019 0.089623 0.005660 0.028302
12 0.056604 0.081132 0.015094 0.011321
13 0.083962 0.089623 0.005660 0.028302
14 0.102830 0.092453 0.024528 0.033962
15 0.139623 0.086792 0.015094 0.022642
16 0.166038 0.086792 0.007547 0.022642
17 0.179245 0.086792 0.015094 0.022642
18 0.210377 0.086792 0.013208 0.022642
19 0.230189 0.086792 0.015094 0.022642
20 0.023585 0.139623 0.016981 0.022642
21 0.043396 0.139623 0.015094 0.022642
22 0.074528 0.139623 0.013208 0.022642
23 0.094340 0.139623 0.015094 0.022642
24 0.125472 0.139623 0.013208 0.022642
25 0.141509 0.139623 0.007547 0.022642
26 0.154717 0.141509 0.007547 0.026415
27 0.170755 0.138679 0.020755 0.020755
28 0.193396 0.131132 0.016981 0.005660
29 0.217925 0.138679 0.020755 0.020755
30 0.020755 0.187736 0.015094 0.028302
31 0.044340 0.184906 0.024528 0.022642
32 0.075472 0.188679 0.026415 0.030189
33 0.104717 0.188679 0.024528 0.030189
34 0.142453 0.188679 0.024528 0.030189
35 0.181132 0.188679 0.026415 0.030189
36 0.209434 0.188679 0.022642 0.030189
37 0.237736 0.188679 0.022642 0.030189
38 0.274528 0.188679 0.024528 0.030189
39 0.315094 0.188679 0.026415 0.030189
40 0.016981 0.237736 0.007547 0.030189
41 0.035849 0.237736 0.022642 0.030189
42 0.064151 0.237736 0.026415 0.030189
43 0.088679 0.237736 0.018868 0.030189
44 0.121698 0.237736 0.035849 0.030189
45 0.160377 0.237736 0.030189 0.030189
46 0.189623 0.237736 0.024528 0.030189
47 0.220755 0.237736 0.026415 0.030189
48 0.259434 0.237736 0.024528 0.030189
49 0.299057 0.237736 0.024528 0.030189
50 0.017925 0.286792 0.024528 0.030189
51 0.048113 0.286792 0.024528 0.030189
52 0.076415 0.286792 0.024528 0.030189
53 0.117925 0.286792 0.024528 0.030189
54 0.154717 0.286792 0.041509 0.030189
55 0.194340 0.286792 0.026415 0.030189
56 0.222642 0.286792 0.022642 0.030189
57 0.263208 0.286792 0.024528 0.030189
58 0.286792 0.290566 0.015094 0.037736
59 0.316038 0.284906 0.009434 0.026415
60 0.009434 0.347170 0.015094 0.037736
61 0.026415 0.343396 0.015094 0.030189
62 0.057547 0.335849 0.016981 0.015094
63 0.074528 0.342453 0.005660 0.028302
64 0.101887 0.338679 0.018868 0.020755
65 0.125472 0.343396 0.020755 0.030189
66 0.149057 0.338679 0.018868 0.020755
67 0.175472 0.343396 0.022642 0.030189
68 0.213208 0.338679 0.018868 0.020755
69 0.245283 0.343396 0.011321 0.030189
70 0.028302 0.400000 0.022642 0.030189
71 0.053774 0.400000 0.020755 0.030189
72 0.069811 0.400000 0.007547 0.030189
73 0.082075 0.404717 0.009434 0.039623
74 0.099057 0.400000 0.016981 0.030189
75 0.116981 0.400000 0.007547 0.030189
76 0.153774 0.395283 0.035849 0.020755
77 0.195283 0.395283 0.020755 0.020755
78 0.230189 0.395283 0.018868 0.020755
79 0.254717 0.399057 0.022642 0.028302
80 0.024528 0.457547 0.022642 0.028302
81 0.050000 0.453774 0.020755 0.020755
82 0.072642 0.453774 0.020755 0.020755
83 0.107547 0.455660 0.015094 0.024528
84 0.129245 0.453774 0.020755 0.020755
85 0.151887 0.453774 0.016981 0.020755
86 0.190566 0.453774 0.030189 0.020755
87 0.220755 0.453774 0.018868 0.020755
88 0.256604 0.458491 0.022642 0.030189
89 0.280189 0.453774 0.020755 0.020755
90 0.009434 0.506604 0.007547 0.028302
91 0.033019 0.505660 0.005660 0.026415
92 0.045283 0.507547 0.007547 0.030189
93 0.075472 0.503774 0.018868 0.022642
94 0.095283 0.502830 0.016981 0.020755
95 0.124528 0.503774 0.015094 0.022642
96 0.154717 0.503774 0.015094 0.022642
97 0.183962 0.503774 0.016981 0.022642
98 0.216038 0.503774 0.016981 0.022642
99 0.249057 0.503774 0.018868 0.022642
