0 0.007547 0.033962 0.007547 0.030189
1 0.018868 0.035849 0.011321 0.033962
2 0.051887 0.033962 0.020755 0.030189
3 0.083019 0.036792 0.015094 0.035849
4 0.112264 0.033019 0.032075 0.028302
5 0.148113 0.033019 0.028302 0.028302
6 0.166981 0.033019 0.005660 0.028302
7 0.177358 0.036792 0.011321 0.035849
8 0.192453 0.038679 0.011321 0.039623
9 0.206604 0.026415 0.013208 0.015094
10 0.012264 0.087736 0.020755 0.020755
11 0.031132 0.097170 0.009434 0.039623
12 0.051887 0.088679 0.020755 0.022642
13 0.083019 0.096226 0.007547 0.037736
14 0.098113 0.092453 0.011321 0.030189
15 0.129245 0.092453 0.020755 0.030189
16 0.159434 0.091509 0.009434 0.028302
17 0.188679 0.091509 0.018868 0.028302
18 0.213208 0.091509 0.018868 0.028302
19 0.246226 0.091509 0.020755 0.028302
20 0.024528 0.150000 0.018868 0.028302
21 0.046226 0.150000 0.020755 0.028302
22 0.083019 0.150000 0.018868 0.028302
23 0.116038 0.150943 0.020755 0.030189
24 0.150943 0.150000 0.022642 0.028302
25 0.179245 0.145283 0.007547 0.018868
26 0.193396 0.149057 0.009434 0.026415
27 0.223585 0.146226 0.020755 0.020755
28 0.257547 0.142453 0.020755 0.013208
29 0.280189 0.146226 0.020755 0.020755
30 0.015094 0.200000 0.018868 0.030189
31 0.055660 0.200000 0.028302 0.030189
32 0.097170 0.200000 0.020755 0.030189
33 0.120755 0.200000 0.018868 0.030189
34 0.154717 0.200000 0.018868 0.030189
35 0.178302 0.200000 0.024528 0.030189
36 0.216038 0.199057 0.016981 0.028302
37 0.237736 0.200000 0.015094 0.030189
38 0.264151 0.200000 0.030189 0.030189
39 0.291509 0.200000 0.020755 0.030189
40 0.016038 0.249057 0.005660 0.030189
41 0.039623 0.249057 0.011321 0.030189
42 0.061321 0.249057 0.020755 0.030189
43 0.091509 0.249057 0.013208 0.030189
44 0.118868 0.249057 0.033962 0.030189
45 0.164151 0.249057 0.022642 0.030189
46 0.205660 0.249057 0.030189 0.030189
47 0.244340 0.249057 0.020755 0.030189
48 0.284906 0.250943 0.030189 0.033962
49 0.322642 0.249057 0.018868 0.030189
50 0.013208 0.301887 0.018868 0.030189
51 0.037736 0.300943 0.018868 0.028302
52 0.074528 0.301887 0.020755 0.030189
53 0.102830 0.301887 0.024528 0.030189
54 0.148113 0.301887 0.032075 0.030189
55 0.191509 0.301887 0.020755 0.030189
56 0.215094 0.301887 0.018868 0.030189
57 0.249057 0.300943 0.018868 0.028302
58 0.265094 0.305660 0.009434 0.037736
59 0.282075 0.301887 0.016981 0.030189
60 0.010377 0.362264 0.009434 0.037736
61 0.026415 0.360377 0.018868 0.033962
62 0.062264 0.350943 0.018868 0.015094
63 0.080189 0.357547 0.005660 0.028302
64 0.095283 0.353774 0.020755 0.020755
65 0.131132 0.358491 0.020755 0.030189
66 0.166038 0.353774 0.015094 0.020755
67 0.197170 0.358491 0.020755 0.030189
68 0.231132 0.353774 0.020755 0.020755
69 0.251887 0.357547 0.009434 0.028302
70 0.025472 0.415094 0.020755 0.030189
71 0.048113 0.415094 0.016981 0.030189
72 0.074528 0.415094 0.005660 0.030189
73 0.083962 0.419811 0.009434 0.039623
74 0.110377 0.415094 0.016981 0.030189
75 0.123585 0.415094 0.005660 0.030189
76 0.157547 0.410377 0.028302 0.020755
77 0.182075 0.410377 0.016981 0.020755
78 0.202830 0.410377 0.020755 0.020755
79 0.229245 0.415094 0.020755 0.030189
80 0.014151 0.473585 0.020755 0.030189
81 0.035849 0.468868 0.011321 0.020755
82 0.066038 0.468868 0.015094 0.020755
83 0.091509 0.471698 0.009434 0.026415
84 0.110377 0.468868 0.016981 0.020755
85 0.132075 0.468868 0.018868 0.020755
86 0.157547 0.468868 0.028302 0.020755
87 0.194340 0.468868 0.015094 0.020755
88 0.214151 0.472642 0.016981 0.028302
89 0.246226 0.468868 0.016981 0.020755
90 0.019811 0.527358 0.013208 0.039623
91 0.046226 0.521698 0.005660 0.028302
92 0.059434 0.526415 0.013208 0.037736
93 0.092453 0.530189 0.018868 0.045283
94 0.125472 0.523585 0.020755 0.032075
95 0.162264 0.522642 0.018868 0.030189
96 0.188679 0.522642 0.026415 0.030189
97 0.216981 0.524528 0.022642 0.033962
98 0.254717 0.523585 0.022642 0.032075
99 0.282075 0.522642 0.024528 0.030189
