0 0.010377 0.034906 0.013208 0.032075
1 0.024528 0.035849 0.011321 0.033962
2 0.042453 0.030189 0.016981 0.022642
3 0.073585 0.038679 0.033962 0.039623
4 0.107547 0.032075 0.026415 0.026415
5 0.152830 0.033962 0.030189 0.030189
6 0.175472 0.030189 0.003774 0.022642
7 0.196226 0.033962 0.011321 0.030189
8 0.214151 0.033962 0.013208 0.030189
9 0.230189 0.024528 0.007547 0.011321
10 0.027358 0.087736 0.020755 0.020755
11 0.045283 0.085849 0.003774 0.016981
12 0.056604 0.088679 0.011321 0.022642
13 0.079245 0.091509 0.003774 0.028302
14 0.093396 0.091509 0.016981 0.028302
15 0.124528 0.090566 0.018868 0.026415
16 0.155660 0.090566 0.013208 0.026415
17 0.185849 0.090566 0.020755 0.026415
18 0.223585 0.090566 0.020755 0.026415
19 0.256604 0.090566 0.018868 0.026415
20 0.015094 0.137736 0.018868 0.026415
21 0.047170 0.137736 0.018868 0.026415
22 0.079245 0.140566 0.018868 0.032075
23 0.112264 0.137736 0.020755 0.026415
24 0.149057 0.137736 0.018868 0.026415
25 0.178302 0.134906 0.009434 0.020755
26 0.188679 0.135849 0.007547 0.022642
27 0.218868 0.134906 0.022642 0.020755
28 0.245283 0.129245 0.022642 0.009434
29 0.283962 0.134906 0.020755 0.020755
30 0.013208 0.189623 0.015094 0.028302
31 0.040566 0.189623 0.028302 0.028302
32 0.090566 0.191509 0.037736 0.032075
33 0.142453 0.191509 0.032075 0.032075
34 0.178302 0.191509 0.032075 0.032075
35 0.223585 0.191509 0.032075 0.032075
36 0.267925 0.191509 0.030189 0.032075
37 0.316981 0.191509 0.037736 0.032075
38 0.356604 0.191509 0.033962 0.032075
39 0.392453 0.191509 0.033962 0.032075
40 0.021698 0.242453 0.032075 0.032075
41 0.057547 0.248113 0.035849 0.043396
42 0.095283 0.242453 0.035849 0.032075
43 0.150943 0.242453 0.041509 0.032075
44 0.215094 0.243396 0.052830 0.033962
45 0.276415 0.243396 0.043396 0.033962
46 0.316981 0.242453 0.030189 0.032075
47 0.349057 0.242453 0.030189 0.032075
48 0.383962 0.242453 0.028302 0.032075
49 0.420755 0.244340 0.033962 0.035849
50 0.033019 0.304717 0.035849 0.032075
51 0.084906 0.304717 0.033962 0.032075
52 0.133962 0.304717 0.033962 0.032075
53 0.166981 0.305660 0.028302 0.033962
54 0.213208 0.304717 0.037736 0.032075
55 0.269811 0.304717 0.041509 0.032075
56 0.320755 0.304717 0.033962 0.032075
57 0.370755 0.304717 0.032075 0.032075
58 0.401887 0.305660 0.018868 0.033962
59 0.434906 0.303774 0.016981 0.030189
60 0.025472 0.358491 0.016981 0.033962
61 0.049057 0.360377 0.018868 0.037736
62 0.074528 0.356604 0.020755 0.030189
63 0.099057 0.344340 0.001887 0.005660
64 0.114151 0.351887 0.020755 0.020755
65 0.137736 0.360377 0.018868 0.037736
66 0.158491 0.351887 0.018868 0.020755
67 0.186792 0.360377 0.030189 0.037736
68 0.227358 0.351887 0.020755 0.020755
69 0.262264 0.368868 0.045283 0.054717
70 0.030189 0.433962 0.030189 0.037736
71 0.057547 0.433019 0.020755 0.035849
72 0.076415 0.430189 0.013208 0.030189
73 0.103774 0.438679 0.033962 0.047170
74 0.137736 0.433019 0.026415 0.035849
75 0.165094 0.433962 0.016981 0.037736
76 0.204717 0.425472 0.032075 0.020755
77 0.244340 0.425472 0.020755 0.020755
78 0.278302 0.425472 0.020755 0.020755
79 0.307547 0.433962 0.030189 0.037736
80 0.014151 0.500000 0.024528 0.037736
81 0.053774 0.490566 0.020755 0.018868
82 0.079245 0.491509 0.018868 0.020755
83 0.112264 0.497170 0.016981 0.032075
84 0.135849 0.491509 0.022642 0.020755
85 0.172642 0.491509 0.016981 0.020755
86 0.197170 0.491509 0.028302 0.020755
87 0.229245 0.490566 0.024528 0.018868
88 0.271698 0.498113 0.030189 0.033962
89 0.313208 0.490566 0.018868 0.018868
90 0.008491 0.553774 0.009434 0.032075
91 0.032075 0.558491 0.011321 0.041509
92 0.059434 0.554717 0.009434 0.033962
93 0.080189 0.560377 0.024528 0.045283
94 0.118868 0.549057 0.018868 0.022642
95 0.140566 0.549057 0.016981 0.022642
96 0.161321 0.549057 0.016981 0.022642
97 0.194340 0.547170 0.015094 0.018868
98 0.215094 0.548113 0.015094 0.020755
99 0.246226 0.549057 0.020755 0.022642
