100 0.016038 0.034906 0.024528 0.032075
101 0.053774 0.034906 0.024528 0.032075
102 0.083962 0.034906 0.024528 0.032075
103 0.125472 0.034906 0.024528 0.032075
104 0.156604 0.034906 0.026415 0.032075
105 0.205660 0.034906 0.045283 0.032075
106 0.256604 0.039623 0.045283 0.041509
107 0.297170 0.038679 0.028302 0.039623
108 0.342453 0.038679 0.028302 0.039623
109 0.373585 0.039623 0.026415 0.041509
110 0.030189 0.095283 0.033962 0.032075
111 0.087736 0.095283 0.047170 0.032075
112 0.135849 0.095283 0.045283 0.032075
113 0.184906 0.095283 0.026415 0.032075
114 0.216038 0.095283 0.028302 0.032075
115 0.256604 0.095283 0.026415 0.032075
116 0.296226 0.095283 0.026415 0.032075
117 0.336792 0.095283 0.024528 0.032075
118 0.375472 0.095283 0.026415 0.032075
119 0.407547 0.095283 0.026415 0.032075
120 0.030189 0.150943 0.026415 0.041509
121 0.062264 0.146226 0.030189 0.032075
122 0.094340 0.150943 0.030189 0.041509
123 0.142453 0.146226 0.032075 0.032075
124 0.190566 0.150943 0.033962 0.041509
125 0.225472 0.146226 0.028302 0.032075
126 0.254717 0.146226 0.026415 0.032075
127 0.298113 0.146226 0.026415 0.032075
128 0.329245 0.146226 0.024528 0.032075
129 0.356604 0.150000 0.026415 0.039623
130 0.017925 0.206604 0.024528 0.032075
131 0.059434 0.210377 0.028302 0.039623
132 0.088679 0.206604 0.022642 0.032075
133 0.129245 0.206604 0.028302 0.032075
134 0.170755 0.206604 0.028302 0.032075
135 0.214151 0.206604 0.028302 0.032075
136 0.244340 0.206604 0.024528 0.032075
137 0.277358 0.206604 0.033962 0.032075
138 0.322642 0.206604 0.026415 0.032075
139 0.365094 0.206604 0.028302 0.032075
140 0.014151 0.264151 0.020755 0.030189
141 0.037736 0.259434 0.015094 0.020755
142 0.060377 0.253774 0.018868 0.009434
143 0.098113 0.265094 0.022642 0.032075
144 0.129245 0.273585 0.035849 0.049057
145 0.175472 0.251887 0.022642 0.005660
146 0.213208 0.252830 0.022642 0.007547
147 0.252830 0.254717 0.022642 0.011321
148 0.277358 0.252830 0.022642 0.007547
149 0.306604 0.255660 0.009434 0.013208
150 0.025472 0.323585 0.016981 0.013208
151 0.053774 0.320755 0.005660 0.007547
152 0.070755 0.337736 0.024528 0.041509
153 0.087736 0.333019 0.005660 0.032075
154 0.111321 0.333019 0.015094 0.032075
155 0.143396 0.341509 0.018868 0.049057
156 0.175472 0.341509 0.018868 0.049057
157 0.207547 0.341509 0.018868 0.049057
158 0.241509 0.336792 0.022642 0.039623
159 0.264151 0.332075 0.018868 0.030189
160 0.010377 0.391509 0.016981 0.013208
161 0.023585 0.389623 0.005660 0.009434
162 0.048113 0.391509 0.016981 0.013208
163 0.083962 0.390566 0.020755 0.011321
164 0.101887 0.391509 0.011321 0.013208
165 0.129245 0.389623 0.013208 0.009434
166 0.159434 0.392453 0.013208 0.015094
167 0.187736 0.391509 0.016981 0.013208
168 0.224528 0.400943 0.030189 0.032075
169 0.267925 0.399057 0.026415 0.028302
170 0.015094 0.450000 0.026415 0.028302
171 0.056604 0.450000 0.030189 0.028302
172 0.099057 0.450000 0.028302 0.028302
173 0.132075 0.449057 0.026415 0.026415
174 0.162264 0.452830 0.026415 0.033962
175 0.194340 0.450000 0.026415 0.028302
176 0.231132 0.450000 0.035849 0.028302
177 0.267925 0.450000 0.030189 0.028302
178 0.300943 0.450000 0.032075 0.028302
179 0.349057 0.450943 0.030189 0.030189
180 0.037736 0.502830 0.045283 0.028302
