100 0.009434 0.029245 0.015094 0.020755
101 0.030189 0.029245 0.015094 0.020755
102 0.049057 0.029245 0.018868 0.020755
103 0.069811 0.030189 0.015094 0.022642
104 0.091509 0.030189 0.016981 0.022642
105 0.114151 0.029245 0.024528 0.020755
106 0.145283 0.033962 0.026415 0.030189
107 0.183019 0.033962 0.018868 0.030189
108 0.205660 0.033962 0.018868 0.030189
109 0.239623 0.033962 0.018868 0.030189
110 0.027358 0.077358 0.020755 0.018868
111 0.051887 0.078302 0.024528 0.020755
112 0.082075 0.077358 0.028302 0.018868
113 0.122642 0.078302 0.018868 0.020755
114 0.158491 0.078302 0.018868 0.020755
115 0.192453 0.078302 0.018868 0.020755
116 0.224528 0.078302 0.018868 0.020755
117 0.256604 0.078302 0.015094 0.020755
118 0.278302 0.078302 0.020755 0.020755
119 0.311321 0.078302 0.018868 0.020755
120 0.022642 0.121698 0.018868 0.028302
121 0.043396 0.117925 0.015094 0.020755
122 0.071698 0.117925 0.015094 0.020755
123 0.102830 0.117925 0.020755 0.020755
124 0.127358 0.122642 0.020755 0.030189
125 0.160377 0.117925 0.018868 0.020755
126 0.181132 0.117925 0.015094 0.020755
127 0.213208 0.117925 0.015094 0.020755
128 0.245283 0.117925 0.015094 0.020755
129 0.279245 0.123585 0.018868 0.032075
130 0.011321 0.168868 0.018868 0.020755
131 0.032075 0.174528 0.018868 0.032075
132 0.061321 0.168868 0.013208 0.020755
133 0.080189 0.172642 0.020755 0.028302
134 0.114151 0.167925 0.020755 0.018868
135 0.136792 0.172642 0.020755 0.028302
136 0.170755 0.168868 0.020755 0.020755
137 0.209434 0.170755 0.022642 0.024528
138 0.243396 0.168868 0.015094 0.020755
139 0.260377 0.168868 0.015094 0.020755
140 0.021698 0.219811 0.013208 0.020755
141 0.036792 0.217925 0.009434 0.016981
142 0.051887 0.214151 0.013208 0.009434
143 0.069811 0.218868 0.011321 0.018868
144 0.099057 0.223585 0.020755 0.028302
145 0.122642 0.213208 0.015094 0.007547
146 0.141509 0.213208 0.015094 0.007547
147 0.172642 0.214151 0.016981 0.009434
148 0.201887 0.214151 0.015094 0.009434
149 0.214151 0.213208 0.005660 0.007547
150 0.020755 0.261321 0.011321 0.009434
151 0.041509 0.258491 0.003774 0.003774
152 0.054717 0.269811 0.015094 0.026415
153 0.082075 0.266038 0.005660 0.018868
154 0.108491 0.266981 0.013208 0.020755
155 0.125472 0.273585 0.016981 0.033962
156 0.158491 0.272642 0.015094 0.032075
157 0.176415 0.272642 0.013208 0.032075
158 0.203774 0.271698 0.011321 0.030189
159 0.221698 0.270755 0.013208 0.028302
160 0.019811 0.314151 0.009434 0.009434
161 0.031132 0.313208 0.001887 0.007547
162 0.043396 0.314151 0.011321 0.009434
163 0.069811 0.315094 0.011321 0.011321
164 0.095283 0.314151 0.009434 0.009434
165 0.108491 0.314151 0.009434 0.009434
166 0.130189 0.313208 0.003774 0.007547
167 0.136792 0.315094 0.005660 0.011321
168 0.163208 0.316981 0.016981 0.015094
169 0.196226 0.316981 0.015094 0.015094
170 0.022642 0.351887 0.015094 0.016981
171 0.054717 0.353774 0.018868 0.020755
172 0.090566 0.351887 0.018868 0.016981
173 0.111321 0.353774 0.018868 0.020755
174 0.148113 0.353774 0.020755 0.020755
175 0.183019 0.352830 0.015094 0.018868
176 0.218868 0.353774 0.022642 0.020755
177 0.251887 0.353774 0.016981 0.020755
178 0.271698 0.353774 0.018868 0.020755
179 0.301887 0.353774 0.015094 0.020755
180 0.029245 0.389623 0.032075 0.013208
