0 0.008491 0.033019 0.005660 0.028302
1 0.032075 0.027358 0.011321 0.016981
2 0.050000 0.033019 0.020755 0.028302
3 0.088679 0.036792 0.022642 0.035849
4 0.132075 0.033019 0.033962 0.028302
5 0.168868 0.033019 0.028302 0.028302
6 0.200943 0.033019 0.001887 0.028302
7 0.220755 0.036792 0.007547 0.035849
8 0.245283 0.036792 0.007547 0.035849
9 0.259434 0.026415 0.013208 0.015094
10 0.016038 0.083962 0.020755 0.020755
11 0.033019 0.079245 0.005660 0.011321
12 0.047170 0.079245 0.011321 0.011321
13 0.068868 0.087736 0.005660 0.028302
14 0.082075 0.090566 0.016981 0.033962
15 0.113208 0.084906 0.018868 0.022642
16 0.140566 0.085849 0.009434 0.024528
17 0.169811 0.085849 0.018868 0.024528
18 0.205660 0.086792 0.018868 0.026415
19 0.239623 0.085849 0.018868 0.024528
20 0.013208 0.139623 0.018868 0.026415
21 0.047170 0.138679 0.018868 0.024528
22 0.071698 0.138679 0.018868 0.024528
23 0.096226 0.139623 0.018868 0.026415
24 0.118868 0.139623 0.018868 0.026415
25 0.146226 0.136792 0.005660 0.020755
26 0.165094 0.137736 0.005660 0.022642
27 0.180189 0.136792 0.020755 0.020755
28 0.217925 0.132075 0.020755 0.011321
29 0.240566 0.136792 0.020755 0.020755
30 0.026415 0.185849 0.018868 0.028302
31 0.066981 0.185849 0.028302 0.028302
32 0.109434 0.185849 0.030189 0.028302
33 0.143396 0.185849 0.026415 0.028302
34 0.186792 0.185849 0.026415 0.028302
35 0.217925 0.185849 0.028302 0.028302
36 0.258491 0.185849 0.026415 0.028302
37 0.300943 0.185849 0.024528 0.028302
38 0.329245 0.185849 0.028302 0.028302
39 0.363208 0.185849 0.028302 0.028302
40 0.021698 0.233019 0.009434 0.028302
41 0.054717 0.233019 0.022642 0.028302
42 0.095283 0.233019 0.028302 0.028302
43 0.124528 0.233019 0.022642 0.028302
44 0.166038 0.233019 0.033962 0.028302
45 0.213208 0.233019 0.026415 0.028302
46 0.244340 0.233019 0.028302 0.028302
47 0.273585 0.233019 0.022642 0.028302
48 0.314151 0.236792 0.028302 0.035849
49 0.357547 0.233019 0.028302 0.028302
50 0.026415 0.287736 0.022642 0.028302
51 0.055660 0.287736 0.028302 0.028302
52 0.087736 0.287736 0.028302 0.028302
53 0.121698 0.287736 0.028302 0.028302
54 0.170755 0.287736 0.039623 0.028302
55 0.207547 0.287736 0.030189 0.028302
56 0.241509 0.287736 0.026415 0.028302
57 0.268868 0.287736 0.024528 0.028302
58 0.287736 0.290566 0.005660 0.033962
59 0.304717 0.287736 0.016981 0.028302
60 0.017925 0.343396 0.005660 0.033962
61 0.047170 0.343396 0.018868 0.033962
62 0.083019 0.333962 0.018868 0.015094
63 0.108491 0.334906 0.005660 0.016981
64 0.136792 0.336792 0.020755 0.020755
65 0.160377 0.341509 0.022642 0.030189
66 0.198113 0.336792 0.018868 0.020755
67 0.235849 0.341509 0.022642 0.030189
68 0.262264 0.336792 0.018868 0.020755
69 0.284906 0.341509 0.015094 0.030189
70 0.014151 0.395283 0.020755 0.032075
71 0.038679 0.394340 0.024528 0.030189
72 0.072642 0.392453 0.009434 0.026415
73 0.085849 0.398113 0.013208 0.037736
74 0.119811 0.394340 0.024528 0.030189
75 0.140566 0.394340 0.009434 0.030189
76 0.168868 0.389623 0.035849 0.020755
77 0.212264 0.389623 0.024528 0.020755
78 0.247170 0.389623 0.018868 0.020755
79 0.284906 0.394340 0.022642 0.030189
80 0.016981 0.450943 0.022642 0.030189
81 0.050000 0.446226 0.016981 0.020755
82 0.084906 0.446226 0.018868 0.020755
83 0.113208 0.449057 0.011321 0.026415
84 0.133019 0.446226 0.024528 0.020755
85 0.159434 0.446226 0.020755 0.020755
86 0.188679 0.446226 0.033962 0.020755
87 0.231132 0.446226 0.024528 0.020755
88 0.271698 0.450943 0.022642 0.030189
89 0.296226 0.446226 0.018868 0.020755
90 0.019811 0.501887 0.005660 0.033962
91 0.025472 0.500000 0.001887 0.030189
92 0.044340 0.502830 0.005660 0.035849
93 0.071698 0.501887 0.018868 0.033962
94 0.103774 0.496226 0.018868 0.022642
95 0.139623 0.497170 0.018868 0.024528
96 0.174528 0.496226 0.020755 0.022642
97 0.210377 0.496226 0.020755 0.022642
98 0.236792 0.496226 0.020755 0.022642
99 0.270755 0.496226 0.020755 0.022642
