100 0.010377 0.030189 0.013208 0.022642
101 0.037736 0.030189 0.015094 0.022642
102 0.071698 0.030189 0.018868 0.022642
103 0.107547 0.033019 0.018868 0.028302
104 0.141509 0.033019 0.018868 0.028302
105 0.165094 0.030189 0.024528 0.022642
106 0.195283 0.033962 0.024528 0.030189
107 0.222642 0.034906 0.022642 0.032075
108 0.247170 0.034906 0.022642 0.032075
109 0.285849 0.035849 0.020755 0.033962
110 0.025472 0.083019 0.020755 0.022642
111 0.065094 0.083019 0.024528 0.022642
112 0.104717 0.083019 0.024528 0.022642
113 0.127358 0.083019 0.016981 0.022642
114 0.150000 0.083019 0.016981 0.022642
115 0.183962 0.083019 0.016981 0.022642
116 0.219811 0.083019 0.020755 0.022642
117 0.254717 0.083019 0.015094 0.022642
118 0.273585 0.083019 0.018868 0.022642
119 0.295283 0.083019 0.020755 0.022642
120 0.023585 0.126415 0.020755 0.026415
121 0.059434 0.124528 0.016981 0.022642
122 0.079245 0.128302 0.018868 0.030189
123 0.104717 0.124528 0.020755 0.022642
124 0.132075 0.128302 0.022642 0.030189
125 0.169811 0.124528 0.022642 0.022642
126 0.192453 0.124528 0.018868 0.022642
127 0.216038 0.124528 0.016981 0.022642
128 0.247170 0.124528 0.015094 0.022642
129 0.276415 0.128302 0.016981 0.030189
130 0.012264 0.173585 0.016981 0.022642
131 0.037736 0.177358 0.022642 0.030189
132 0.068868 0.173585 0.013208 0.022642
133 0.098113 0.176415 0.018868 0.028302
134 0.132075 0.173585 0.022642 0.022642
135 0.156604 0.176415 0.018868 0.028302
136 0.182075 0.173585 0.020755 0.022642
137 0.209434 0.177358 0.026415 0.030189
138 0.233962 0.173585 0.015094 0.022642
139 0.255660 0.174528 0.016981 0.024528
140 0.022642 0.221698 0.015094 0.020755
141 0.044340 0.222642 0.016981 0.022642
142 0.074528 0.214151 0.013208 0.005660
143 0.091509 0.221698 0.013208 0.020755
144 0.122642 0.228302 0.022642 0.033962
145 0.155660 0.215094 0.016981 0.007547
146 0.189623 0.216038 0.016981 0.009434
147 0.210377 0.215094 0.016981 0.007547
148 0.240566 0.215094 0.016981 0.007547
149 0.253774 0.215094 0.005660 0.007547
150 0.018868 0.269811 0.011321 0.011321
151 0.033019 0.267925 0.005660 0.007547
152 0.063208 0.283962 0.024528 0.039623
153 0.094340 0.275472 0.007547 0.022642
154 0.108491 0.275472 0.016981 0.022642
155 0.138679 0.282075 0.013208 0.035849
156 0.154717 0.282075 0.011321 0.035849
157 0.179245 0.282075 0.011321 0.035849
158 0.193396 0.279245 0.013208 0.030189
159 0.224528 0.279245 0.015094 0.030189
160 0.008491 0.327358 0.013208 0.009434
161 0.031132 0.325472 0.001887 0.005660
162 0.039623 0.326415 0.011321 0.007547
163 0.066038 0.326415 0.015094 0.007547
164 0.083962 0.326415 0.009434 0.007547
165 0.107547 0.328302 0.011321 0.011321
166 0.132075 0.325472 0.007547 0.005660
167 0.144340 0.329245 0.013208 0.013208
168 0.161321 0.331132 0.016981 0.016981
169 0.190566 0.330189 0.015094 0.015094
170 0.013208 0.366981 0.015094 0.016981
171 0.031132 0.368868 0.016981 0.020755
172 0.052830 0.366038 0.015094 0.015094
173 0.072642 0.368868 0.020755 0.020755
174 0.095283 0.368868 0.020755 0.020755
175 0.130189 0.368868 0.015094 0.020755
176 0.150000 0.368868 0.020755 0.020755
177 0.185849 0.369811 0.020755 0.022642
178 0.219811 0.368868 0.020755 0.020755
179 0.253774 0.368868 0.020755 0.020755
180 0.022642 0.409434 0.033962 0.018868
