100 0.023585 0.033962 0.016981 0.030189
101 0.057547 0.033962 0.020755 0.030189
102 0.097170 0.033962 0.028302 0.030189
103 0.140566 0.034906 0.024528 0.032075
104 0.170755 0.034906 0.024528 0.032075
105 0.214151 0.033962 0.035849 0.030189
106 0.252830 0.040566 0.037736 0.043396
107 0.301887 0.040566 0.026415 0.043396
108 0.343396 0.040566 0.026415 0.043396
109 0.373585 0.042453 0.026415 0.047170
110 0.017925 0.100000 0.028302 0.030189
111 0.067925 0.100000 0.037736 0.030189
112 0.123585 0.100000 0.043396 0.030189
113 0.173585 0.100000 0.022642 0.030189
114 0.200000 0.100000 0.022642 0.030189
115 0.238679 0.100000 0.020755 0.030189
116 0.267925 0.099057 0.026415 0.028302
117 0.304717 0.100000 0.020755 0.030189
118 0.346226 0.100000 0.032075 0.030189
119 0.381132 0.100000 0.026415 0.030189
120 0.028302 0.149057 0.026415 0.030189
121 0.058491 0.149057 0.022642 0.030189
122 0.096226 0.149057 0.022642 0.030189
123 0.137736 0.149057 0.030189 0.030189
124 0.184906 0.149057 0.030189 0.030189
125 0.226415 0.149057 0.026415 0.030189
126 0.257547 0.149057 0.024528 0.030189
127 0.293396 0.149057 0.020755 0.030189
128 0.331132 0.149057 0.020755 0.030189
129 0.355660 0.155660 0.020755 0.043396
130 0.023585 0.211321 0.020755 0.030189
131 0.064151 0.216981 0.026415 0.041509
132 0.090566 0.211321 0.018868 0.030189
133 0.115094 0.212264 0.026415 0.032075
134 0.159434 0.211321 0.032075 0.030189
135 0.204717 0.212264 0.024528 0.032075
136 0.234906 0.211321 0.028302 0.030189
137 0.282075 0.216038 0.032075 0.039623
138 0.320755 0.211321 0.018868 0.030189
139 0.356604 0.212264 0.022642 0.032075
140 0.015094 0.264151 0.018868 0.015094
141 0.049057 0.268868 0.018868 0.024528
142 0.083962 0.261321 0.020755 0.009434
143 0.109434 0.271698 0.018868 0.030189
144 0.152830 0.279245 0.037736 0.045283
145 0.198113 0.260377 0.022642 0.007547
146 0.224528 0.260377 0.022642 0.007547
147 0.262264 0.261321 0.022642 0.009434
148 0.290566 0.260377 0.022642 0.007547
149 0.321698 0.261321 0.009434 0.009434
150 0.015094 0.327358 0.018868 0.013208
151 0.044340 0.323585 0.005660 0.005660
152 0.062264 0.344340 0.022642 0.047170
153 0.091509 0.335849 0.009434 0.030189
154 0.114151 0.335849 0.024528 0.030189
155 0.153774 0.349057 0.020755 0.056604
156 0.187736 0.349057 0.016981 0.056604
157 0.205660 0.349057 0.015094 0.056604
158 0.235849 0.342453 0.018868 0.043396
159 0.258491 0.342453 0.018868 0.043396
160 0.011321 0.402830 0.018868 0.013208
161 0.027358 0.400943 0.001887 0.009434
162 0.054717 0.401887 0.018868 0.011321
163 0.081132 0.402830 0.022642 0.013208
164 0.116038 0.402830 0.013208 0.013208
165 0.132075 0.402830 0.015094 0.013208
166 0.157547 0.400943 0.009434 0.009434
167 0.170755 0.401887 0.005660 0.011321
168 0.201887 0.409434 0.022642 0.026415
169 0.239623 0.409434 0.022642 0.026415
170 0.013208 0.454717 0.022642 0.026415
171 0.050000 0.459434 0.024528 0.035849
172 0.077358 0.454717 0.026415 0.026415
173 0.116981 0.459434 0.022642 0.035849
174 0.152830 0.459434 0.022642 0.035849
175 0.181132 0.459434 0.022642 0.035849
176 0.224528 0.458491 0.030189 0.033962
177 0.257547 0.456604 0.024528 0.030189
178 0.300000 0.459434 0.026415 0.035849
179 0.341509 0.456604 0.030189 0.030189
180 0.027358 0.506604 0.043396 0.020755
