100 0.019811 0.032075 0.013208 0.026415
101 0.049057 0.031132 0.018868 0.024528
102 0.082075 0.031132 0.020755 0.024528
103 0.119811 0.032075 0.020755 0.026415
104 0.143396 0.033019 0.022642 0.028302
105 0.185849 0.031132 0.028302 0.024528
106 0.230189 0.036792 0.030189 0.035849
107 0.260377 0.036792 0.022642 0.035849
108 0.284906 0.036792 0.022642 0.035849
109 0.308491 0.037736 0.016981 0.037736
110 0.029245 0.087736 0.028302 0.024528
111 0.059434 0.088679 0.028302 0.026415
112 0.094340 0.087736 0.030189 0.024528
113 0.124528 0.087736 0.018868 0.024528
114 0.149057 0.088679 0.018868 0.026415
115 0.173585 0.087736 0.018868 0.024528
116 0.196226 0.088679 0.022642 0.026415
117 0.233019 0.088679 0.016981 0.026415
118 0.254717 0.088679 0.022642 0.026415
119 0.290566 0.088679 0.022642 0.026415
120 0.015094 0.138679 0.022642 0.035849
121 0.041509 0.133962 0.018868 0.026415
122 0.062264 0.138679 0.018868 0.035849
123 0.100943 0.133962 0.024528 0.026415
124 0.138679 0.138679 0.024528 0.035849
125 0.166038 0.133019 0.022642 0.024528
126 0.200943 0.133962 0.020755 0.026415
127 0.221698 0.133962 0.016981 0.026415
128 0.240566 0.133962 0.016981 0.026415
129 0.271698 0.137736 0.018868 0.033962
130 0.022642 0.187736 0.018868 0.024528
131 0.056604 0.192453 0.022642 0.033962
132 0.082075 0.187736 0.016981 0.024528
133 0.102830 0.189623 0.020755 0.028302
134 0.133019 0.188679 0.028302 0.026415
135 0.170755 0.189623 0.020755 0.028302
136 0.209434 0.188679 0.022642 0.026415
137 0.250943 0.189623 0.026415 0.028302
138 0.291509 0.187736 0.020755 0.024528
139 0.316981 0.188679 0.018868 0.026415
140 0.025472 0.241509 0.016981 0.026415
141 0.054717 0.238679 0.015094 0.020755
142 0.074528 0.233019 0.016981 0.009434
143 0.096226 0.240566 0.015094 0.024528
144 0.132075 0.249057 0.026415 0.041509
145 0.158491 0.233019 0.018868 0.009434
146 0.190566 0.234906 0.018868 0.013208
147 0.211321 0.234906 0.018868 0.013208
148 0.235849 0.233962 0.018868 0.011321
149 0.264151 0.233962 0.007547 0.011321
150 0.012264 0.294340 0.013208 0.011321
151 0.022642 0.291509 0.003774 0.005660
152 0.036792 0.309434 0.020755 0.041509
153 0.067925 0.300943 0.007547 0.024528
154 0.096226 0.300943 0.018868 0.024528
155 0.131132 0.309434 0.016981 0.041509
156 0.150000 0.309434 0.016981 0.041509
157 0.167925 0.309434 0.015094 0.041509
158 0.186792 0.305660 0.015094 0.033962
159 0.216981 0.306604 0.018868 0.035849
160 0.012264 0.354717 0.016981 0.011321
161 0.023585 0.352830 0.001887 0.007547
162 0.035849 0.354717 0.015094 0.011321
163 0.068868 0.353774 0.016981 0.009434
164 0.097170 0.352830 0.009434 0.007547
165 0.121698 0.355660 0.013208 0.013208
166 0.149057 0.353774 0.007547 0.009434
167 0.172642 0.356604 0.009434 0.015094
168 0.189623 0.357547 0.016981 0.016981
169 0.226415 0.358491 0.022642 0.018868
170 0.013208 0.398113 0.022642 0.022642
171 0.051887 0.400000 0.028302 0.026415
172 0.089623 0.396226 0.020755 0.018868
173 0.117925 0.400000 0.028302 0.026415
174 0.160377 0.400000 0.026415 0.026415
175 0.200943 0.400000 0.024528 0.026415
176 0.244340 0.400000 0.028302 0.026415
177 0.275472 0.400000 0.026415 0.026415
178 0.315094 0.400000 0.026415 0.026415
179 0.356604 0.400000 0.022642 0.026415
180 0.020755 0.442453 0.030189 0.020755
