100 0.008491 0.030189 0.013208 0.022642
101 0.034906 0.030189 0.013208 0.022642
102 0.067925 0.030189 0.018868 0.022642
103 0.098113 0.030189 0.015094 0.022642
104 0.118868 0.030189 0.015094 0.022642
105 0.143396 0.030189 0.022642 0.022642
106 0.180189 0.033962 0.024528 0.030189
107 0.217925 0.034906 0.016981 0.032075
108 0.248113 0.034906 0.016981 0.032075
109 0.276415 0.034906 0.013208 0.032075
110 0.014151 0.081132 0.020755 0.022642
111 0.038679 0.080189 0.024528 0.020755
112 0.079245 0.081132 0.026415 0.022642
113 0.116981 0.081132 0.015094 0.022642
114 0.135849 0.081132 0.015094 0.022642
115 0.167925 0.081132 0.015094 0.022642
116 0.185849 0.081132 0.016981 0.022642
117 0.205660 0.081132 0.015094 0.022642
118 0.239623 0.081132 0.018868 0.022642
119 0.261321 0.081132 0.016981 0.022642
120 0.014151 0.126415 0.016981 0.030189
121 0.045283 0.121698 0.015094 0.020755
122 0.077358 0.126415 0.015094 0.030189
123 0.098113 0.122642 0.018868 0.022642
124 0.130189 0.126415 0.018868 0.030189
125 0.151887 0.122642 0.016981 0.022642
126 0.174528 0.121698 0.016981 0.020755
127 0.192453 0.121698 0.015094 0.020755
128 0.219811 0.122642 0.013208 0.022642
129 0.235849 0.127358 0.015094 0.032075
130 0.020755 0.173585 0.015094 0.022642
131 0.050000 0.173585 0.016981 0.022642
132 0.078302 0.173585 0.013208 0.022642
133 0.096226 0.174528 0.018868 0.024528
134 0.132075 0.173585 0.018868 0.022642
135 0.153774 0.173585 0.016981 0.022642
136 0.183962 0.173585 0.016981 0.022642
137 0.207547 0.174528 0.018868 0.024528
138 0.226415 0.173585 0.015094 0.022642
139 0.247170 0.173585 0.015094 0.022642
140 0.010377 0.216981 0.013208 0.022642
141 0.035849 0.215094 0.011321 0.018868
142 0.060377 0.209434 0.011321 0.007547
143 0.073585 0.208491 0.011321 0.005660
144 0.093396 0.213208 0.020755 0.015094
145 0.126415 0.208491 0.015094 0.005660
146 0.145283 0.210377 0.015094 0.009434
147 0.178302 0.209434 0.016981 0.007547
148 0.200000 0.209434 0.015094 0.007547
149 0.225472 0.209434 0.005660 0.007547
150 0.017925 0.251887 0.009434 0.009434
151 0.042453 0.250000 0.005660 0.005660
152 0.056604 0.264151 0.015094 0.033962
153 0.080189 0.258491 0.005660 0.022642
154 0.092453 0.258491 0.015094 0.022642
155 0.112264 0.264151 0.013208 0.033962
156 0.138679 0.264151 0.013208 0.033962
157 0.154717 0.263208 0.011321 0.032075
158 0.168868 0.263208 0.013208 0.032075
159 0.198113 0.263208 0.011321 0.032075
160 0.023585 0.304717 0.013208 0.009434
161 0.048113 0.304717 0.001887 0.009434
162 0.069811 0.303774 0.011321 0.007547
163 0.095283 0.304717 0.013208 0.009434
164 0.110377 0.304717 0.009434 0.009434
165 0.132075 0.303774 0.007547 0.007547
166 0.144340 0.303774 0.005660 0.007547
167 0.154717 0.304717 0.007547 0.009434
168 0.181132 0.309434 0.018868 0.018868
169 0.202830 0.309434 0.020755 0.018868
170 0.015094 0.347170 0.018868 0.018868
171 0.041509 0.349057 0.022642 0.022642
172 0.077358 0.346226 0.018868 0.016981
173 0.098113 0.348113 0.018868 0.020755
174 0.118868 0.349057 0.018868 0.022642
175 0.156604 0.349057 0.022642 0.022642
176 0.197170 0.349057 0.024528 0.022642
177 0.233019 0.349057 0.020755 0.022642
178 0.262264 0.349057 0.026415 0.022642
179 0.287736 0.349057 0.016981 0.022642
180 0.034906 0.388679 0.035849 0.018868
