100 0.024528 0.030189 0.015094 0.022642
101 0.046226 0.030189 0.020755 0.022642
102 0.083019 0.030189 0.022642 0.022642
103 0.118868 0.031132 0.022642 0.024528
104 0.144340 0.032075 0.024528 0.026415
105 0.185849 0.030189 0.032075 0.022642
106 0.230189 0.034906 0.030189 0.032075
107 0.258491 0.036792 0.022642 0.035849
108 0.297170 0.036792 0.024528 0.035849
109 0.324528 0.036792 0.022642 0.035849
110 0.016981 0.084906 0.026415 0.022642
111 0.062264 0.084906 0.030189 0.022642
112 0.109434 0.084906 0.033962 0.022642
113 0.138679 0.084906 0.020755 0.022642
114 0.176415 0.084906 0.020755 0.022642
115 0.201887 0.084906 0.022642 0.022642
116 0.241509 0.084906 0.022642 0.022642
117 0.280189 0.084906 0.020755 0.022642
118 0.307547 0.084906 0.022642 0.022642
119 0.332075 0.084906 0.022642 0.022642
120 0.026415 0.131132 0.022642 0.032075
121 0.061321 0.126415 0.020755 0.022642
122 0.085849 0.130189 0.020755 0.030189
123 0.114151 0.126415 0.024528 0.022642
124 0.155660 0.130189 0.024528 0.030189
125 0.192453 0.126415 0.022642 0.022642
126 0.227358 0.126415 0.020755 0.022642
127 0.250000 0.126415 0.020755 0.022642
128 0.275472 0.126415 0.018868 0.022642
129 0.308491 0.133019 0.020755 0.035849
130 0.027358 0.181132 0.020755 0.022642
131 0.050943 0.187736 0.022642 0.035849
132 0.087736 0.181132 0.016981 0.022642
133 0.120755 0.183019 0.022642 0.026415
134 0.147170 0.181132 0.022642 0.022642
135 0.183019 0.183019 0.022642 0.026415
136 0.222642 0.181132 0.022642 0.022642
137 0.250000 0.184906 0.028302 0.030189
138 0.278302 0.181132 0.020755 0.022642
139 0.316038 0.182075 0.020755 0.024528
140 0.015094 0.235849 0.018868 0.022642
141 0.034906 0.235849 0.016981 0.022642
142 0.057547 0.229245 0.020755 0.009434
143 0.091509 0.235849 0.016981 0.022642
144 0.118868 0.242453 0.030189 0.035849
145 0.158491 0.229245 0.018868 0.009434
146 0.190566 0.230189 0.018868 0.011321
147 0.215094 0.231132 0.018868 0.013208
148 0.249057 0.230189 0.018868 0.011321
149 0.277358 0.231132 0.007547 0.013208
150 0.022642 0.285849 0.015094 0.013208
151 0.034906 0.282075 0.005660 0.005660
152 0.052830 0.297170 0.018868 0.035849
153 0.083962 0.290566 0.009434 0.022642
154 0.115094 0.290566 0.018868 0.022642
155 0.135849 0.300943 0.018868 0.043396
156 0.160377 0.300943 0.018868 0.043396
157 0.197170 0.300000 0.020755 0.041509
158 0.233019 0.297170 0.016981 0.035849
159 0.253774 0.297170 0.020755 0.035849
160 0.010377 0.349057 0.016981 0.015094
161 0.033019 0.345283 0.001887 0.007547
162 0.046226 0.347170 0.016981 0.011321
163 0.067925 0.347170 0.018868 0.011321
164 0.097170 0.346226 0.009434 0.009434
165 0.113208 0.346226 0.011321 0.009434
166 0.125472 0.347170 0.009434 0.011321
167 0.139623 0.348113 0.011321 0.013208
168 0.156604 0.350943 0.018868 0.018868
169 0.188679 0.350000 0.018868 0.016981
170 0.027358 0.389623 0.020755 0.020755
171 0.065094 0.390566 0.028302 0.022642
172 0.107547 0.386792 0.022642 0.015094
173 0.147170 0.390566 0.026415 0.022642
174 0.190566 0.390566 0.026415 0.022642
175 0.217925 0.391509 0.024528 0.024528
176 0.262264 0.391509 0.030189 0.024528
177 0.307547 0.391509 0.026415 0.024528
178 0.336792 0.391509 0.028302 0.024528
179 0.369811 0.390566 0.026415 0.022642
180 0.031132 0.434906 0.054717 0.024528
