100 0.021698 0.030189 0.013208 0.022642
101 0.042453 0.030189 0.016981 0.022642
102 0.073585 0.030189 0.018868 0.022642
103 0.096226 0.031132 0.018868 0.024528
104 0.131132 0.031132 0.020755 0.024528
105 0.158491 0.030189 0.026415 0.022642
106 0.201887 0.034906 0.026415 0.032075
107 0.228302 0.035849 0.022642 0.033962
108 0.256604 0.034906 0.022642 0.032075
109 0.283019 0.036792 0.022642 0.035849
110 0.029245 0.084906 0.024528 0.022642
111 0.071698 0.084906 0.026415 0.022642
112 0.100000 0.084906 0.026415 0.022642
113 0.134906 0.084906 0.016981 0.022642
114 0.168868 0.084906 0.016981 0.022642
115 0.199057 0.084906 0.016981 0.022642
116 0.231132 0.084906 0.020755 0.022642
117 0.250943 0.084906 0.015094 0.022642
118 0.283962 0.084906 0.020755 0.022642
119 0.308491 0.084906 0.020755 0.022642
120 0.013208 0.133019 0.022642 0.035849
121 0.036792 0.126415 0.016981 0.022642
122 0.067925 0.133019 0.018868 0.035849
123 0.094340 0.126415 0.022642 0.022642
124 0.134906 0.133019 0.024528 0.035849
125 0.162264 0.126415 0.022642 0.022642
126 0.198113 0.126415 0.022642 0.022642
127 0.221698 0.126415 0.016981 0.022642
128 0.252830 0.126415 0.015094 0.022642
129 0.285849 0.131132 0.016981 0.032075
130 0.014151 0.181132 0.016981 0.022642
131 0.050943 0.185849 0.022642 0.032075
132 0.075472 0.181132 0.015094 0.022642
133 0.097170 0.182075 0.020755 0.024528
134 0.120755 0.181132 0.022642 0.022642
135 0.147170 0.182075 0.018868 0.024528
136 0.180189 0.181132 0.020755 0.022642
137 0.219811 0.183019 0.024528 0.026415
138 0.257547 0.181132 0.016981 0.022642
139 0.290566 0.182075 0.018868 0.024528
140 0.011321 0.232075 0.015094 0.022642
141 0.044340 0.231132 0.016981 0.020755
142 0.065094 0.224528 0.016981 0.007547
143 0.094340 0.232075 0.015094 0.022642
144 0.126415 0.238679 0.022642 0.035849
145 0.161321 0.223585 0.016981 0.005660
146 0.182075 0.225472 0.016981 0.009434
147 0.215094 0.225472 0.018868 0.009434
148 0.236792 0.225472 0.016981 0.009434
149 0.251887 0.226415 0.005660 0.011321
150 0.022642 0.281132 0.011321 0.011321
151 0.048113 0.279245 0.005660 0.007547
152 0.065094 0.294340 0.024528 0.037736
153 0.086792 0.286792 0.007547 0.022642
154 0.112264 0.286792 0.016981 0.022642
155 0.131132 0.294340 0.013208 0.037736
156 0.160377 0.294340 0.011321 0.037736
157 0.187736 0.294340 0.009434 0.037736
158 0.203774 0.291509 0.015094 0.032075
159 0.224528 0.290566 0.015094 0.030189
160 0.011321 0.337736 0.015094 0.011321
161 0.034906 0.334906 0.001887 0.005660
162 0.055660 0.335849 0.013208 0.007547
163 0.073585 0.335849 0.015094 0.007547
164 0.102830 0.335849 0.009434 0.007547
165 0.115094 0.337736 0.011321 0.011321
166 0.141509 0.336792 0.007547 0.009434
167 0.153774 0.338679 0.013208 0.013208
168 0.184906 0.340566 0.015094 0.016981
169 0.202830 0.340566 0.016981 0.016981
170 0.025472 0.377358 0.016981 0.018868
171 0.045283 0.380189 0.018868 0.024528
172 0.068868 0.376415 0.016981 0.016981
173 0.104717 0.380189 0.024528 0.024528
174 0.133019 0.380189 0.024528 0.024528
175 0.157547 0.380189 0.016981 0.024528
176 0.196226 0.380189 0.026415 0.024528
177 0.233962 0.379245 0.022642 0.022642
178 0.274528 0.379245 0.024528 0.022642
179 0.314151 0.379245 0.020755 0.022642
180 0.022642 0.420755 0.037736 0.018868
