100 0.010377 0.030189 0.013208 0.022642
101 0.032075 0.030189 0.018868 0.022642
102 0.066981 0.030189 0.024528 0.022642
103 0.105660 0.031132 0.026415 0.024528
104 0.147170 0.032075 0.030189 0.026415
105 0.184906 0.030189 0.033962 0.022642
106 0.238679 0.036792 0.039623 0.035849
107 0.286792 0.037736 0.030189 0.037736
108 0.330189 0.036792 0.030189 0.035849
109 0.377358 0.040566 0.030189 0.043396
110 0.031132 0.092453 0.035849 0.022642
111 0.068868 0.092453 0.032075 0.022642
112 0.108491 0.092453 0.039623 0.022642
113 0.158491 0.092453 0.026415 0.022642
114 0.200943 0.091509 0.024528 0.020755
115 0.241509 0.092453 0.026415 0.022642
116 0.282075 0.092453 0.028302 0.022642
117 0.305660 0.092453 0.015094 0.022642
118 0.340566 0.092453 0.028302 0.022642
119 0.384906 0.092453 0.026415 0.022642
120 0.026415 0.138679 0.026415 0.032075
121 0.068868 0.133962 0.024528 0.022642
122 0.097170 0.137736 0.024528 0.030189
123 0.139623 0.133962 0.030189 0.022642
124 0.176415 0.136792 0.032075 0.028302
125 0.219811 0.133962 0.028302 0.022642
126 0.250943 0.133962 0.022642 0.022642
127 0.277358 0.133962 0.026415 0.022642
128 0.300000 0.133962 0.011321 0.022642
129 0.335849 0.142453 0.026415 0.039623
130 0.026415 0.192453 0.018868 0.022642
131 0.066981 0.200943 0.028302 0.039623
132 0.102830 0.192453 0.013208 0.022642
133 0.138679 0.195283 0.028302 0.028302
134 0.185849 0.192453 0.032075 0.022642
135 0.227358 0.195283 0.020755 0.028302
136 0.251887 0.192453 0.024528 0.022642
137 0.283019 0.200000 0.033962 0.037736
138 0.326415 0.192453 0.018868 0.022642
139 0.362264 0.195283 0.018868 0.028302
140 0.009434 0.252830 0.015094 0.026415
141 0.025472 0.251887 0.013208 0.024528
142 0.054717 0.246226 0.018868 0.013208
143 0.081132 0.250943 0.007547 0.022642
144 0.107547 0.258491 0.018868 0.037736
145 0.143396 0.248113 0.026415 0.016981
146 0.173585 0.247170 0.026415 0.015094
147 0.219811 0.248113 0.032075 0.016981
148 0.255660 0.247170 0.028302 0.015094
149 0.291509 0.246226 0.009434 0.013208
150 0.011321 0.302830 0.015094 0.013208
151 0.038679 0.299057 0.005660 0.005660
152 0.052830 0.316981 0.018868 0.041509
153 0.071698 0.307547 0.011321 0.022642
154 0.092453 0.307547 0.022642 0.022642
155 0.113208 0.315094 0.015094 0.037736
156 0.145283 0.315094 0.018868 0.037736
157 0.165094 0.314151 0.016981 0.035849
158 0.181132 0.316038 0.007547 0.039623
159 0.202830 0.316981 0.024528 0.041509
160 0.023585 0.366038 0.020755 0.018868
161 0.040566 0.361321 0.001887 0.009434
162 0.051887 0.364151 0.016981 0.015094
163 0.072642 0.363208 0.020755 0.013208
164 0.102830 0.362264 0.013208 0.011321
165 0.121698 0.363208 0.016981 0.013208
166 0.149057 0.361321 0.007547 0.009434
167 0.173585 0.363208 0.015094 0.013208
168 0.202830 0.366038 0.016981 0.018868
169 0.233962 0.368868 0.015094 0.024528
170 0.006604 0.411321 0.009434 0.022642
171 0.035849 0.411321 0.015094 0.022642
172 0.053774 0.411321 0.013208 0.022642
173 0.083962 0.411321 0.013208 0.022642
174 0.112264 0.411321 0.013208 0.022642
175 0.132075 0.412264 0.015094 0.024528
176 0.149057 0.412264 0.015094 0.024528
177 0.166038 0.411321 0.015094 0.022642
178 0.184906 0.411321 0.015094 0.022642
179 0.218868 0.410377 0.018868 0.020755
180 0.037736 0.451887 0.041509 0.016981
