0 0.016981 0.033019 0.003774 0.028302
1 0.028302 0.030189 0.011321 0.022642
2 0.047170 0.033019 0.018868 0.028302
3 0.070755 0.035849 0.016981 0.033962
4 0.110377 0.033019 0.028302 0.028302
5 0.149057 0.033019 0.022642 0.028302
6 0.177358 0.030189 0.003774 0.022642
7 0.189623 0.036792 0.009434 0.035849
8 0.212264 0.035849 0.009434 0.033962
9 0.225472 0.026415 0.013208 0.015094
10 0.011321 0.083019 0.018868 0.018868
11 0.034906 0.084906 0.001887 0.022642
12 0.045283 0.079245 0.007547 0.011321
13 0.066038 0.087736 0.003774 0.028302
14 0.090566 0.087736 0.011321 0.028302
15 0.120755 0.087736 0.018868 0.028302
16 0.135849 0.086792 0.007547 0.026415
17 0.165094 0.087736 0.016981 0.028302
18 0.198113 0.087736 0.018868 0.028302
19 0.223585 0.086792 0.020755 0.026415
20 0.011321 0.134906 0.018868 0.028302
21 0.034906 0.134906 0.016981 0.028302
22 0.067925 0.134906 0.018868 0.028302
23 0.101887 0.133962 0.018868 0.026415
24 0.123585 0.134906 0.016981 0.028302
25 0.147170 0.130189 0.003774 0.018868
26 0.164151 0.131132 0.003774 0.020755
27 0.177358 0.130189 0.018868 0.018868
28 0.201887 0.124528 0.018868 0.007547
29 0.225472 0.130189 0.016981 0.018868
30 0.018868 0.181132 0.011321 0.026415
31 0.054717 0.182075 0.030189 0.028302
32 0.083962 0.182075 0.024528 0.028302
33 0.117925 0.182075 0.016981 0.028302
34 0.140566 0.182075 0.020755 0.028302
35 0.166981 0.182075 0.024528 0.028302
36 0.202830 0.182075 0.013208 0.028302
37 0.219811 0.182075 0.013208 0.028302
38 0.250943 0.182075 0.022642 0.028302
39 0.278302 0.182075 0.020755 0.028302
40 0.015094 0.229245 0.003774 0.028302
41 0.026415 0.229245 0.011321 0.028302
42 0.058491 0.229245 0.018868 0.028302
43 0.087736 0.229245 0.013208 0.028302
44 0.128302 0.229245 0.037736 0.028302
45 0.174528 0.229245 0.024528 0.028302
46 0.202830 0.229245 0.028302 0.028302
47 0.231132 0.229245 0.016981 0.028302
48 0.262264 0.231132 0.033962 0.032075
49 0.306604 0.229245 0.020755 0.028302
50 0.013208 0.280189 0.015094 0.028302
51 0.036792 0.280189 0.020755 0.028302
52 0.063208 0.280189 0.020755 0.028302
53 0.098113 0.280189 0.022642 0.028302
54 0.145283 0.280189 0.037736 0.028302
55 0.179245 0.280189 0.018868 0.028302
56 0.204717 0.280189 0.020755 0.028302
57 0.236792 0.280189 0.016981 0.028302
58 0.260377 0.284906 0.003774 0.037736
59 0.281132 0.280189 0.011321 0.028302
60 0.006604 0.341509 0.005660 0.037736
61 0.022642 0.333962 0.015094 0.022642
62 0.047170 0.330189 0.022642 0.015094
63 0.064151 0.331132 0.003774 0.016981
64 0.077358 0.332075 0.015094 0.018868
65 0.111321 0.338679 0.018868 0.032075
66 0.143396 0.332075 0.015094 0.018868
67 0.161321 0.338679 0.016981 0.032075
68 0.179245 0.333019 0.015094 0.020755
69 0.197170 0.338679 0.013208 0.032075
70 0.014151 0.394340 0.016981 0.030189
71 0.036792 0.395283 0.016981 0.032075
72 0.060377 0.393396 0.003774 0.028302
73 0.081132 0.399057 0.011321 0.039623
74 0.108491 0.395283 0.016981 0.032075
75 0.125472 0.395283 0.005660 0.032075
76 0.157547 0.388679 0.028302 0.018868
77 0.197170 0.388679 0.016981 0.018868
78 0.228302 0.388679 0.018868 0.018868
79 0.259434 0.394340 0.016981 0.030189
80 0.014151 0.452830 0.016981 0.030189
81 0.041509 0.447170 0.011321 0.018868
82 0.067925 0.447170 0.011321 0.018868
83 0.092453 0.449057 0.011321 0.022642
84 0.111321 0.447170 0.015094 0.018868
85 0.130189 0.447170 0.015094 0.018868
86 0.165094 0.447170 0.028302 0.018868
87 0.189623 0.448113 0.013208 0.020755
88 0.212264 0.452830 0.020755 0.030189
89 0.246226 0.447170 0.013208 0.018868
90 0.019811 0.505660 0.013208 0.037736
91 0.040566 0.506604 0.001887 0.039623
92 0.064151 0.505660 0.011321 0.037736
93 0.078302 0.498113 0.009434 0.022642
94 0.094340 0.497170 0.015094 0.020755
95 0.111321 0.498113 0.011321 0.022642
96 0.137736 0.497170 0.015094 0.020755
97 0.158491 0.497170 0.015094 0.020755
98 0.177358 0.497170 0.015094 0.020755
99 0.209434 0.498113 0.018868 0.022642
