100 0.013208 0.029245 0.018868 0.020755
101 0.050943 0.029245 0.022642 0.020755
102 0.079245 0.029245 0.026415 0.020755
103 0.109434 0.030189 0.026415 0.022642
104 0.138679 0.030189 0.028302 0.022642
105 0.189623 0.029245 0.039623 0.020755
106 0.243396 0.034906 0.037736 0.032075
107 0.281132 0.033962 0.030189 0.030189
108 0.328302 0.034906 0.030189 0.032075
109 0.360377 0.033962 0.026415 0.030189
110 0.032075 0.080189 0.030189 0.020755
111 0.073585 0.080189 0.041509 0.020755
112 0.119811 0.080189 0.039623 0.020755
113 0.157547 0.080189 0.028302 0.020755
114 0.188679 0.081132 0.030189 0.022642
115 0.233962 0.080189 0.026415 0.020755
116 0.275472 0.080189 0.030189 0.020755
117 0.317925 0.080189 0.024528 0.020755
118 0.348113 0.080189 0.028302 0.020755
119 0.379245 0.080189 0.030189 0.020755
120 0.029245 0.126415 0.032075 0.030189
121 0.072642 0.121698 0.028302 0.020755
122 0.118868 0.125472 0.030189 0.028302
123 0.151887 0.121698 0.032075 0.020755
124 0.189623 0.125472 0.035849 0.028302
125 0.226415 0.121698 0.030189 0.020755
126 0.270755 0.121698 0.032075 0.020755
127 0.314151 0.121698 0.028302 0.020755
128 0.345283 0.121698 0.022642 0.020755
129 0.371698 0.124528 0.026415 0.026415
130 0.025472 0.170755 0.024528 0.020755
131 0.069811 0.173585 0.030189 0.026415
132 0.112264 0.170755 0.020755 0.020755
133 0.143396 0.171698 0.030189 0.022642
134 0.178302 0.170755 0.032075 0.020755
135 0.226415 0.171698 0.030189 0.022642
136 0.273585 0.170755 0.030189 0.020755
137 0.308491 0.173585 0.035849 0.026415
138 0.353774 0.170755 0.028302 0.020755
139 0.387736 0.171698 0.028302 0.022642
140 0.014151 0.216038 0.020755 0.020755
141 0.036792 0.214151 0.016981 0.016981
142 0.057547 0.210377 0.020755 0.009434
143 0.091509 0.216038 0.016981 0.020755
144 0.126415 0.222642 0.026415 0.033962
145 0.165094 0.210377 0.024528 0.009434
146 0.194340 0.210377 0.026415 0.009434
147 0.234906 0.210377 0.024528 0.009434
148 0.262264 0.211321 0.026415 0.011321
149 0.285849 0.212264 0.009434 0.013208
150 0.022642 0.264151 0.018868 0.011321
151 0.039623 0.262264 0.007547 0.007547
152 0.071698 0.274528 0.022642 0.032075
153 0.104717 0.268868 0.013208 0.020755
154 0.126415 0.268868 0.026415 0.020755
155 0.165094 0.276415 0.016981 0.035849
156 0.194340 0.277358 0.015094 0.037736
157 0.211321 0.277358 0.015094 0.037736
158 0.244340 0.271698 0.016981 0.026415
159 0.266981 0.268868 0.020755 0.020755
160 0.021698 0.320755 0.016981 0.011321
161 0.038679 0.318868 0.005660 0.007547
162 0.050000 0.318868 0.013208 0.007547
163 0.080189 0.318868 0.016981 0.007547
164 0.097170 0.319811 0.013208 0.009434
165 0.113208 0.320755 0.015094 0.011321
166 0.127358 0.319811 0.009434 0.009434
167 0.157547 0.319811 0.020755 0.009434
168 0.189623 0.321698 0.013208 0.013208
169 0.209434 0.325472 0.022642 0.020755
170 0.027358 0.364151 0.024528 0.018868
171 0.058491 0.366981 0.026415 0.024528
172 0.098113 0.364151 0.022642 0.018868
173 0.129245 0.366981 0.028302 0.024528
174 0.170755 0.367925 0.028302 0.026415
175 0.210377 0.367925 0.024528 0.026415
176 0.242453 0.366038 0.035849 0.022642
177 0.279245 0.366981 0.030189 0.024528
178 0.316981 0.367925 0.033962 0.026415
179 0.366038 0.365094 0.030189 0.020755
180 0.039623 0.408491 0.049057 0.016981
