100 0.019811 0.033962 0.013208 0.030189
101 0.040566 0.033962 0.016981 0.030189
102 0.074528 0.033962 0.024528 0.030189
103 0.110377 0.034906 0.020755 0.032075
104 0.133019 0.034906 0.020755 0.032075
105 0.162264 0.033962 0.030189 0.030189
106 0.194340 0.040566 0.030189 0.043396
107 0.221698 0.040566 0.020755 0.043396
108 0.244340 0.040566 0.020755 0.043396
109 0.283019 0.042453 0.022642 0.047170
110 0.017925 0.099057 0.024528 0.028302
111 0.047170 0.100000 0.030189 0.030189
112 0.095283 0.100000 0.035849 0.030189
113 0.126415 0.100000 0.018868 0.030189
114 0.160377 0.100000 0.018868 0.030189
115 0.182075 0.100000 0.016981 0.030189
116 0.218868 0.100000 0.022642 0.030189
117 0.242453 0.100000 0.016981 0.030189
118 0.266038 0.100000 0.026415 0.030189
119 0.296226 0.100000 0.022642 0.030189
120 0.013208 0.155660 0.022642 0.043396
121 0.047170 0.149057 0.018868 0.030189
122 0.079245 0.154717 0.018868 0.041509
123 0.105660 0.149057 0.026415 0.030189
124 0.135849 0.155660 0.026415 0.043396
125 0.161321 0.149057 0.020755 0.030189
126 0.185849 0.149057 0.020755 0.030189
127 0.218868 0.149057 0.018868 0.030189
128 0.242453 0.149057 0.016981 0.030189
129 0.274528 0.155660 0.016981 0.043396
130 0.023585 0.211321 0.016981 0.030189
131 0.044340 0.211321 0.020755 0.030189
132 0.079245 0.211321 0.015094 0.030189
133 0.099057 0.212264 0.020755 0.032075
134 0.126415 0.211321 0.026415 0.030189
135 0.165094 0.212264 0.020755 0.032075
136 0.202830 0.211321 0.024528 0.030189
137 0.233019 0.217925 0.028302 0.043396
138 0.261321 0.211321 0.016981 0.030189
139 0.283962 0.212264 0.020755 0.032075
140 0.022642 0.266038 0.015094 0.015094
141 0.040566 0.270755 0.016981 0.024528
142 0.072642 0.263208 0.016981 0.009434
143 0.104717 0.273585 0.016981 0.030189
144 0.132075 0.280189 0.030189 0.043396
145 0.168868 0.262264 0.016981 0.007547
146 0.203774 0.262264 0.018868 0.007547
147 0.229245 0.263208 0.020755 0.009434
148 0.252830 0.262264 0.018868 0.007547
149 0.279245 0.264151 0.007547 0.011321
150 0.020755 0.327358 0.015094 0.013208
151 0.047170 0.323585 0.003774 0.005660
152 0.064151 0.338679 0.018868 0.035849
153 0.083019 0.335849 0.007547 0.030189
154 0.101887 0.335849 0.022642 0.030189
155 0.124528 0.349057 0.018868 0.056604
156 0.146226 0.349057 0.013208 0.056604
157 0.176415 0.349057 0.013208 0.056604
158 0.192453 0.323585 0.015094 0.005660
159 0.222642 0.341509 0.015094 0.041509
160 0.011321 0.402830 0.015094 0.013208
161 0.036792 0.400000 0.001887 0.007547
162 0.061321 0.401887 0.016981 0.011321
163 0.085849 0.401887 0.020755 0.011321
164 0.117925 0.402830 0.009434 0.013208
165 0.143396 0.402830 0.011321 0.013208
166 0.166038 0.400943 0.007547 0.009434
167 0.178302 0.401887 0.005660 0.011321
168 0.205660 0.409434 0.018868 0.026415
169 0.230189 0.409434 0.018868 0.026415
170 0.012264 0.454717 0.020755 0.026415
171 0.033962 0.458491 0.018868 0.033962
172 0.066981 0.454717 0.020755 0.026415
173 0.091509 0.458491 0.020755 0.033962
174 0.116038 0.458491 0.020755 0.033962
175 0.141509 0.459434 0.018868 0.035849
176 0.168868 0.454717 0.024528 0.026415
177 0.206604 0.459434 0.020755 0.035849
178 0.244340 0.454717 0.020755 0.026415
179 0.283962 0.449057 0.024528 0.015094
180 0.031132 0.506604 0.035849 0.020755
