100 0.024528 0.033962 0.018868 0.030189
101 0.058491 0.034906 0.018868 0.032075
102 0.083019 0.034906 0.018868 0.032075
103 0.116038 0.034906 0.016981 0.032075
104 0.137736 0.033962 0.018868 0.030189
105 0.178302 0.034906 0.032075 0.032075
106 0.214151 0.039623 0.032075 0.041509
107 0.253774 0.040566 0.020755 0.043396
108 0.287736 0.040566 0.020755 0.043396
109 0.314151 0.040566 0.020755 0.043396
110 0.013208 0.097170 0.022642 0.032075
111 0.054717 0.097170 0.033962 0.032075
112 0.104717 0.097170 0.032075 0.032075
113 0.136792 0.097170 0.020755 0.032075
114 0.159434 0.097170 0.020755 0.032075
115 0.181132 0.097170 0.018868 0.032075
116 0.204717 0.097170 0.020755 0.032075
117 0.237736 0.097170 0.018868 0.032075
118 0.262264 0.096226 0.018868 0.030189
119 0.294340 0.096226 0.018868 0.030189
120 0.015094 0.152830 0.018868 0.041509
121 0.050000 0.148113 0.020755 0.032075
122 0.083962 0.152830 0.020755 0.041509
123 0.120755 0.147170 0.026415 0.030189
124 0.151887 0.152830 0.028302 0.041509
125 0.193396 0.148113 0.020755 0.032075
126 0.217925 0.147170 0.020755 0.030189
127 0.254717 0.148113 0.018868 0.032075
128 0.290566 0.148113 0.018868 0.032075
129 0.326415 0.153774 0.018868 0.043396
130 0.016038 0.210377 0.020755 0.032075
131 0.040566 0.216038 0.020755 0.043396
132 0.063208 0.210377 0.016981 0.032075
133 0.083962 0.210377 0.020755 0.032075
134 0.107547 0.209434 0.022642 0.030189
135 0.131132 0.210377 0.020755 0.032075
136 0.164151 0.209434 0.018868 0.030189
137 0.192453 0.214151 0.026415 0.039623
138 0.218868 0.210377 0.018868 0.032075
139 0.252830 0.210377 0.018868 0.032075
140 0.023585 0.272642 0.016981 0.032075
141 0.054717 0.267925 0.011321 0.022642
142 0.072642 0.259434 0.016981 0.005660
143 0.104717 0.272642 0.013208 0.032075
144 0.139623 0.278302 0.026415 0.043396
145 0.179245 0.257547 0.018868 0.001887
146 0.201887 0.260377 0.018868 0.007547
147 0.222642 0.260377 0.018868 0.007547
148 0.243396 0.260377 0.018868 0.007547
149 0.268868 0.262264 0.005660 0.011321
150 0.010377 0.324528 0.013208 0.011321
151 0.020755 0.321698 0.003774 0.005660
152 0.049057 0.342453 0.018868 0.047170
153 0.066981 0.333962 0.005660 0.030189
154 0.094340 0.333962 0.018868 0.030189
155 0.114151 0.341509 0.013208 0.045283
156 0.127358 0.342453 0.009434 0.047170
157 0.139623 0.341509 0.011321 0.045283
158 0.155660 0.340566 0.013208 0.043396
159 0.175472 0.340566 0.018868 0.043396
160 0.020755 0.390566 0.015094 0.011321
161 0.047170 0.390566 0.003774 0.011321
162 0.056604 0.390566 0.011321 0.011321
163 0.085849 0.390566 0.016981 0.011321
164 0.101887 0.390566 0.007547 0.011321
165 0.127358 0.387736 0.009434 0.005660
166 0.152830 0.388679 0.007547 0.007547
167 0.166981 0.388679 0.009434 0.007547
168 0.194340 0.398113 0.018868 0.026415
169 0.215094 0.398113 0.018868 0.026415
170 0.023585 0.443396 0.016981 0.026415
171 0.055660 0.446226 0.020755 0.032075
172 0.081132 0.443396 0.018868 0.026415
173 0.101887 0.446226 0.018868 0.032075
174 0.133962 0.446226 0.018868 0.032075
175 0.156604 0.446226 0.018868 0.032075
176 0.180189 0.446226 0.024528 0.032075
177 0.218868 0.446226 0.018868 0.032075
178 0.250943 0.446226 0.018868 0.032075
179 0.280189 0.446226 0.028302 0.032075
180 0.020755 0.490566 0.033962 0.018868
