100 0.007547 0.030189 0.011321 0.022642
101 0.033962 0.030189 0.015094 0.022642
102 0.053774 0.030189 0.020755 0.022642
103 0.075472 0.031132 0.015094 0.024528
104 0.109434 0.031132 0.018868 0.024528
105 0.134906 0.030189 0.024528 0.022642
106 0.174528 0.033019 0.024528 0.028302
107 0.213208 0.034906 0.018868 0.032075
108 0.236792 0.033962 0.016981 0.030189
109 0.257547 0.034906 0.016981 0.032075
110 0.026415 0.081132 0.018868 0.022642
111 0.056604 0.081132 0.033962 0.022642
112 0.100943 0.081132 0.028302 0.022642
113 0.124528 0.081132 0.015094 0.022642
114 0.146226 0.081132 0.024528 0.022642
115 0.169811 0.081132 0.015094 0.022642
116 0.188679 0.081132 0.015094 0.022642
117 0.209434 0.081132 0.015094 0.022642
118 0.231132 0.081132 0.016981 0.022642
119 0.249057 0.081132 0.015094 0.022642
120 0.022642 0.126415 0.015094 0.030189
121 0.055660 0.122642 0.024528 0.022642
122 0.095283 0.125472 0.024528 0.028302
123 0.134906 0.122642 0.024528 0.022642
124 0.172642 0.125472 0.024528 0.028302
125 0.195283 0.122642 0.016981 0.022642
126 0.213208 0.122642 0.015094 0.022642
127 0.245283 0.122642 0.015094 0.022642
128 0.261321 0.122642 0.009434 0.022642
129 0.275472 0.125472 0.015094 0.028302
130 0.009434 0.171698 0.015094 0.022642
131 0.029245 0.175472 0.016981 0.030189
132 0.062264 0.171698 0.015094 0.022642
133 0.083019 0.173585 0.015094 0.026415
134 0.114151 0.171698 0.016981 0.022642
135 0.132075 0.173585 0.015094 0.026415
136 0.150943 0.171698 0.015094 0.022642
137 0.176415 0.174528 0.024528 0.028302
138 0.215094 0.171698 0.022642 0.022642
139 0.239623 0.174528 0.022642 0.028302
140 0.019811 0.220755 0.013208 0.022642
141 0.033019 0.217925 0.005660 0.016981
142 0.047170 0.212264 0.011321 0.005660
143 0.072642 0.220755 0.009434 0.022642
144 0.099057 0.226415 0.016981 0.033962
145 0.120755 0.212264 0.015094 0.005660
146 0.149057 0.213208 0.015094 0.007547
147 0.182075 0.213208 0.016981 0.007547
148 0.201887 0.213208 0.015094 0.007547
149 0.214151 0.213208 0.005660 0.007547
150 0.022642 0.267925 0.015094 0.011321
151 0.034906 0.265094 0.005660 0.005660
152 0.059434 0.278302 0.016981 0.032075
153 0.074528 0.273585 0.005660 0.022642
154 0.087736 0.273585 0.013208 0.022642
155 0.111321 0.279245 0.007547 0.033962
156 0.139623 0.279245 0.015094 0.033962
157 0.156604 0.279245 0.011321 0.033962
158 0.180189 0.276415 0.009434 0.028302
159 0.196226 0.273585 0.015094 0.022642
160 0.011321 0.320755 0.015094 0.011321
161 0.027358 0.318868 0.005660 0.007547
162 0.040566 0.317925 0.013208 0.005660
163 0.068868 0.318868 0.016981 0.007547
164 0.083962 0.318868 0.009434 0.007547
165 0.107547 0.317925 0.011321 0.005660
166 0.133019 0.317925 0.005660 0.005660
167 0.155660 0.320755 0.013208 0.011321
168 0.183962 0.322642 0.016981 0.015094
169 0.201887 0.325472 0.015094 0.020755
170 0.005660 0.365094 0.007547 0.020755
171 0.033962 0.366038 0.015094 0.022642
172 0.050943 0.365094 0.011321 0.020755
173 0.081132 0.366038 0.015094 0.022642
174 0.097170 0.365094 0.013208 0.020755
175 0.126415 0.365094 0.015094 0.020755
176 0.145283 0.365094 0.015094 0.020755
177 0.172642 0.365094 0.013208 0.020755
178 0.200000 0.365094 0.015094 0.020755
179 0.219811 0.366038 0.020755 0.022642
180 0.028302 0.405660 0.045283 0.018868
