0 0.007547 0.038679 0.007547 0.039623
1 0.034906 0.038679 0.016981 0.039623
2 0.062264 0.038679 0.030189 0.039623
3 0.094340 0.042453 0.022642 0.047170
4 0.130189 0.039623 0.041509 0.041509
5 0.174528 0.039623 0.035849 0.041509
6 0.210377 0.038679 0.005660 0.039623
7 0.233019 0.043396 0.013208 0.049057
8 0.261321 0.043396 0.013208 0.049057
9 0.295283 0.031132 0.024528 0.024528
10 0.026415 0.100943 0.026415 0.028302
11 0.048113 0.106604 0.009434 0.039623
12 0.065094 0.103774 0.013208 0.033962
13 0.088679 0.105660 0.007547 0.037736
14 0.118868 0.106604 0.018868 0.039623
15 0.154717 0.107547 0.026415 0.041509
16 0.178302 0.106604 0.016981 0.039623
17 0.202830 0.107547 0.024528 0.041509
18 0.242453 0.107547 0.024528 0.041509
19 0.273585 0.106604 0.026415 0.039623
20 0.024528 0.166981 0.022642 0.039623
21 0.066038 0.167925 0.026415 0.041509
22 0.107547 0.166981 0.026415 0.039623
23 0.137736 0.167925 0.026415 0.041509
24 0.166981 0.167925 0.024528 0.041509
25 0.184906 0.162264 0.007547 0.030189
26 0.195283 0.166038 0.009434 0.037736
27 0.228302 0.160377 0.026415 0.026415
28 0.267925 0.155660 0.026415 0.016981
29 0.296226 0.160377 0.026415 0.026415
30 0.027358 0.228302 0.020755 0.041509
31 0.061321 0.229245 0.039623 0.043396
32 0.100000 0.227358 0.033962 0.039623
33 0.145283 0.227358 0.026415 0.039623
34 0.173585 0.228302 0.026415 0.041509
35 0.217925 0.227358 0.028302 0.039623
36 0.254717 0.227358 0.018868 0.039623
37 0.290566 0.227358 0.018868 0.039623
38 0.328302 0.228302 0.030189 0.041509
39 0.374528 0.227358 0.028302 0.039623
40 0.020755 0.289623 0.015094 0.039623
41 0.041509 0.295283 0.015094 0.050943
42 0.064151 0.289623 0.026415 0.039623
43 0.091509 0.289623 0.020755 0.039623
44 0.126415 0.289623 0.037736 0.039623
45 0.175472 0.289623 0.030189 0.039623
46 0.213208 0.290566 0.033962 0.041509
47 0.246226 0.289623 0.024528 0.039623
48 0.277358 0.295283 0.033962 0.050943
49 0.311321 0.289623 0.026415 0.039623
50 0.025472 0.360377 0.024528 0.041509
51 0.056604 0.359434 0.026415 0.039623
52 0.098113 0.359434 0.030189 0.039623
53 0.146226 0.359434 0.032075 0.039623
54 0.203774 0.359434 0.049057 0.039623
55 0.246226 0.359434 0.032075 0.039623
56 0.289623 0.359434 0.028302 0.039623
57 0.319811 0.359434 0.024528 0.039623
58 0.342453 0.364151 0.013208 0.049057
59 0.375472 0.359434 0.018868 0.039623
60 0.011321 0.432075 0.011321 0.049057
61 0.032075 0.432075 0.026415 0.049057
62 0.072642 0.422642 0.024528 0.030189
63 0.092453 0.421698 0.011321 0.028302
64 0.125472 0.422642 0.024528 0.030189
65 0.152830 0.429245 0.026415 0.043396
66 0.191509 0.422642 0.020755 0.030189
67 0.230189 0.429245 0.026415 0.043396
68 0.262264 0.422642 0.026415 0.030189
69 0.300000 0.429245 0.018868 0.043396
70 0.018868 0.497170 0.026415 0.043396
71 0.059434 0.497170 0.024528 0.043396
72 0.088679 0.496226 0.007547 0.041509
73 0.102830 0.502830 0.013208 0.054717
74 0.135849 0.497170 0.026415 0.043396
75 0.169811 0.497170 0.007547 0.043396
76 0.211321 0.490566 0.041509 0.030189
77 0.261321 0.490566 0.024528 0.030189
78 0.303774 0.490566 0.026415 0.030189
79 0.335849 0.497170 0.026415 0.043396
80 0.018868 0.570755 0.026415 0.043396
81 0.053774 0.564151 0.016981 0.030189
82 0.078302 0.564151 0.020755 0.030189
83 0.102830 0.567925 0.016981 0.037736
84 0.129245 0.564151 0.024528 0.030189
85 0.170755 0.564151 0.028302 0.030189
86 0.210377 0.564151 0.039623 0.030189
87 0.244340 0.564151 0.024528 0.030189
88 0.274528 0.570755 0.028302 0.043396
89 0.302830 0.564151 0.020755 0.030189
90 0.014151 0.635849 0.016981 0.049057
91 0.040566 0.639623 0.005660 0.056604
92 0.058491 0.635849 0.018868 0.049057
93 0.084906 0.639623 0.026415 0.056604
94 0.114151 0.627358 0.024528 0.032075
95 0.141509 0.627358 0.022642 0.032075
96 0.168868 0.626415 0.024528 0.030189
97 0.199057 0.627358 0.024528 0.032075
98 0.237736 0.627358 0.026415 0.032075
99 0.281132 0.626415 0.026415 0.030189
