100 0.012264 0.030189 0.020755 0.022642
101 0.034906 0.030189 0.020755 0.022642
102 0.063208 0.030189 0.024528 0.022642
103 0.093396 0.032075 0.024528 0.026415
104 0.135849 0.032075 0.026415 0.026415
105 0.171698 0.030189 0.037736 0.022642
106 0.224528 0.035849 0.037736 0.033962
107 0.259434 0.035849 0.028302 0.033962
108 0.293396 0.035849 0.028302 0.033962
109 0.338679 0.036792 0.028302 0.035849
110 0.018868 0.084906 0.030189 0.022642
111 0.068868 0.084906 0.039623 0.022642
112 0.112264 0.084906 0.039623 0.022642
113 0.160377 0.085849 0.026415 0.024528
114 0.203774 0.084906 0.026415 0.022642
115 0.242453 0.084906 0.024528 0.022642
116 0.283019 0.084906 0.026415 0.022642
117 0.311321 0.084906 0.022642 0.022642
118 0.350000 0.084906 0.028302 0.022642
119 0.392453 0.084906 0.026415 0.022642
120 0.027358 0.132075 0.028302 0.030189
121 0.071698 0.128302 0.026415 0.022642
122 0.116038 0.132075 0.028302 0.030189
123 0.158491 0.128302 0.030189 0.022642
124 0.195283 0.132075 0.032075 0.030189
125 0.227358 0.128302 0.028302 0.022642
126 0.269811 0.128302 0.026415 0.022642
127 0.312264 0.128302 0.024528 0.022642
128 0.339623 0.128302 0.022642 0.022642
129 0.365094 0.133019 0.024528 0.032075
130 0.027358 0.179245 0.024528 0.022642
131 0.055660 0.183962 0.028302 0.032075
132 0.082075 0.179245 0.020755 0.022642
133 0.110377 0.181132 0.028302 0.026415
134 0.154717 0.179245 0.030189 0.022642
135 0.187736 0.181132 0.028302 0.026415
136 0.230189 0.179245 0.026415 0.022642
137 0.266981 0.182075 0.035849 0.028302
138 0.299057 0.179245 0.024528 0.022642
139 0.341509 0.181132 0.026415 0.026415
140 0.026415 0.230189 0.022642 0.022642
141 0.063208 0.230189 0.024528 0.022642
142 0.090566 0.223585 0.026415 0.009434
143 0.116981 0.230189 0.018868 0.022642
144 0.154717 0.237736 0.030189 0.037736
145 0.182075 0.223585 0.020755 0.009434
146 0.209434 0.224528 0.022642 0.011321
147 0.246226 0.224528 0.024528 0.011321
148 0.273585 0.224528 0.022642 0.011321
149 0.291509 0.226415 0.009434 0.015094
150 0.023585 0.283019 0.016981 0.015094
151 0.038679 0.279245 0.005660 0.007547
152 0.058491 0.293396 0.026415 0.035849
153 0.082075 0.286792 0.009434 0.022642
154 0.103774 0.286792 0.022642 0.022642
155 0.140566 0.297170 0.020755 0.043396
156 0.175472 0.297170 0.018868 0.043396
157 0.210377 0.296226 0.020755 0.041509
158 0.243396 0.291509 0.018868 0.032075
159 0.269811 0.291509 0.022642 0.032075
160 0.016038 0.345283 0.020755 0.015094
161 0.043396 0.342453 0.003774 0.009434
162 0.057547 0.343396 0.016981 0.011321
163 0.080189 0.343396 0.020755 0.011321
164 0.098113 0.343396 0.011321 0.011321
165 0.125472 0.343396 0.016981 0.011321
166 0.143396 0.343396 0.011321 0.011321
167 0.156604 0.344340 0.011321 0.013208
168 0.175472 0.347170 0.018868 0.018868
169 0.200000 0.346226 0.022642 0.016981
170 0.016038 0.386792 0.024528 0.022642
171 0.045283 0.388679 0.030189 0.026415
172 0.091509 0.383962 0.028302 0.016981
173 0.124528 0.388679 0.033962 0.026415
174 0.162264 0.388679 0.033962 0.026415
175 0.194340 0.388679 0.022642 0.026415
176 0.228302 0.388679 0.041509 0.026415
177 0.269811 0.388679 0.033962 0.026415
178 0.312264 0.388679 0.039623 0.026415
179 0.350000 0.386792 0.032075 0.022642
180 0.040566 0.433019 0.050943 0.024528
