100 0.012264 0.030189 0.016981 0.022642
101 0.043396 0.030189 0.018868 0.022642
102 0.076415 0.030189 0.020755 0.022642
103 0.114151 0.031132 0.020755 0.024528
104 0.148113 0.031132 0.020755 0.024528
105 0.191509 0.030189 0.032075 0.022642
106 0.239623 0.035849 0.033962 0.033962
107 0.270755 0.034906 0.024528 0.032075
108 0.299057 0.035849 0.024528 0.033962
109 0.335849 0.035849 0.022642 0.033962
110 0.016981 0.083019 0.022642 0.022642
111 0.058491 0.083019 0.033962 0.022642
112 0.108491 0.083019 0.032075 0.022642
113 0.150943 0.083019 0.018868 0.022642
114 0.185849 0.083019 0.020755 0.022642
115 0.220755 0.083019 0.018868 0.022642
116 0.245283 0.083019 0.022642 0.022642
117 0.279245 0.083019 0.018868 0.022642
118 0.303774 0.083019 0.022642 0.022642
119 0.340566 0.083019 0.024528 0.022642
120 0.017925 0.128302 0.024528 0.030189
121 0.046226 0.124528 0.024528 0.022642
122 0.086792 0.128302 0.026415 0.030189
123 0.118868 0.124528 0.026415 0.022642
124 0.148113 0.128302 0.028302 0.030189
125 0.191509 0.124528 0.024528 0.022642
126 0.221698 0.124528 0.024528 0.022642
127 0.250000 0.124528 0.020755 0.022642
128 0.272642 0.124528 0.016981 0.022642
129 0.292453 0.129245 0.018868 0.032075
130 0.011321 0.175472 0.018868 0.022642
131 0.050000 0.180189 0.024528 0.032075
132 0.076415 0.175472 0.016981 0.022642
133 0.114151 0.176415 0.024528 0.024528
134 0.139623 0.175472 0.022642 0.022642
135 0.177358 0.176415 0.022642 0.024528
136 0.204717 0.175472 0.024528 0.022642
137 0.249057 0.176415 0.030189 0.024528
138 0.279245 0.175472 0.018868 0.022642
139 0.303774 0.175472 0.022642 0.022642
140 0.010377 0.226415 0.013208 0.022642
141 0.042453 0.224528 0.016981 0.018868
142 0.074528 0.218868 0.016981 0.007547
143 0.105660 0.226415 0.015094 0.022642
144 0.138679 0.232075 0.020755 0.033962
145 0.174528 0.218868 0.016981 0.007547
146 0.194340 0.219811 0.018868 0.009434
147 0.227358 0.220755 0.020755 0.011321
148 0.252830 0.219811 0.018868 0.009434
149 0.269811 0.219811 0.007547 0.009434
150 0.010377 0.272642 0.013208 0.009434
151 0.035849 0.270755 0.003774 0.005660
152 0.050000 0.286792 0.020755 0.037736
153 0.082075 0.279245 0.009434 0.022642
154 0.101887 0.279245 0.022642 0.022642
155 0.123585 0.286792 0.016981 0.037736
156 0.139623 0.286792 0.011321 0.037736
157 0.152830 0.286792 0.011321 0.037736
158 0.181132 0.283962 0.015094 0.032075
159 0.200943 0.283962 0.013208 0.032075
160 0.010377 0.330189 0.016981 0.011321
161 0.033962 0.328302 0.003774 0.007547
162 0.055660 0.328302 0.013208 0.007547
163 0.083962 0.329245 0.016981 0.009434
164 0.114151 0.329245 0.009434 0.009434
165 0.138679 0.330189 0.009434 0.011321
166 0.162264 0.328302 0.007547 0.007547
167 0.175472 0.330189 0.011321 0.011321
168 0.210377 0.335849 0.024528 0.022642
169 0.248113 0.333962 0.020755 0.018868
170 0.027358 0.376415 0.020755 0.020755
171 0.051887 0.377358 0.024528 0.022642
172 0.078302 0.374528 0.020755 0.016981
173 0.113208 0.378302 0.022642 0.024528
174 0.153774 0.378302 0.024528 0.024528
175 0.180189 0.377358 0.016981 0.022642
176 0.218868 0.377358 0.026415 0.022642
177 0.259434 0.377358 0.024528 0.022642
178 0.297170 0.377358 0.024528 0.022642
179 0.334906 0.377358 0.020755 0.022642
180 0.018868 0.417925 0.030189 0.016981
