100 0.013208 0.032075 0.018868 0.026415
101 0.039623 0.031132 0.022642 0.024528
102 0.080189 0.031132 0.032075 0.024528
103 0.129245 0.032075 0.032075 0.026415
104 0.178302 0.033019 0.032075 0.028302
105 0.230189 0.031132 0.037736 0.024528
106 0.281132 0.037736 0.037736 0.037736
107 0.317925 0.037736 0.028302 0.037736
108 0.351887 0.037736 0.028302 0.037736
109 0.383019 0.040566 0.022642 0.043396
110 0.018868 0.094340 0.033962 0.026415
111 0.059434 0.094340 0.043396 0.026415
112 0.115094 0.093396 0.041509 0.024528
113 0.164151 0.094340 0.030189 0.026415
114 0.197170 0.094340 0.032075 0.026415
115 0.229245 0.093396 0.024528 0.024528
116 0.271698 0.094340 0.030189 0.026415
117 0.301887 0.093396 0.022642 0.024528
118 0.346226 0.094340 0.032075 0.026415
119 0.378302 0.094340 0.028302 0.026415
120 0.031132 0.144340 0.028302 0.035849
121 0.062264 0.139623 0.026415 0.026415
122 0.105660 0.144340 0.026415 0.035849
123 0.138679 0.139623 0.032075 0.026415
124 0.186792 0.144340 0.033962 0.035849
125 0.233019 0.138679 0.028302 0.024528
126 0.264151 0.139623 0.026415 0.026415
127 0.305660 0.139623 0.026415 0.026415
128 0.343396 0.139623 0.022642 0.026415
129 0.372642 0.145283 0.024528 0.037736
130 0.026415 0.196226 0.026415 0.026415
131 0.057547 0.201887 0.028302 0.037736
132 0.096226 0.195283 0.018868 0.024528
133 0.136792 0.197170 0.028302 0.028302
134 0.183019 0.196226 0.033962 0.026415
135 0.218868 0.196226 0.026415 0.026415
136 0.261321 0.196226 0.032075 0.026415
137 0.311321 0.198113 0.037736 0.030189
138 0.347170 0.195283 0.022642 0.024528
139 0.386792 0.196226 0.022642 0.026415
140 0.029245 0.251887 0.024528 0.024528
141 0.067925 0.251887 0.018868 0.024528
142 0.102830 0.245283 0.020755 0.011321
143 0.125472 0.252830 0.020755 0.026415
144 0.158491 0.259434 0.037736 0.039623
145 0.194340 0.244340 0.022642 0.009434
146 0.223585 0.244340 0.024528 0.009434
147 0.265094 0.244340 0.024528 0.009434
148 0.306604 0.244340 0.024528 0.009434
149 0.340566 0.246226 0.009434 0.013208
150 0.021698 0.304717 0.016981 0.013208
151 0.050000 0.300943 0.005660 0.005660
152 0.068868 0.319811 0.028302 0.043396
153 0.093396 0.311321 0.013208 0.026415
154 0.119811 0.311321 0.028302 0.026415
155 0.151887 0.322642 0.024528 0.049057
156 0.188679 0.322642 0.022642 0.049057
157 0.214151 0.322642 0.024528 0.049057
158 0.238679 0.317925 0.020755 0.039623
159 0.275472 0.317925 0.026415 0.039623
160 0.027358 0.373585 0.020755 0.015094
161 0.056604 0.371698 0.003774 0.011321
162 0.071698 0.372642 0.018868 0.013208
163 0.105660 0.371698 0.022642 0.011321
164 0.129245 0.371698 0.013208 0.011321
165 0.146226 0.372642 0.013208 0.013208
166 0.173585 0.371698 0.011321 0.011321
167 0.202830 0.373585 0.013208 0.015094
168 0.238679 0.378302 0.024528 0.024528
169 0.278302 0.378302 0.028302 0.024528
170 0.029245 0.422642 0.024528 0.026415
171 0.075472 0.422642 0.033962 0.026415
172 0.123585 0.421698 0.032075 0.024528
173 0.156604 0.423585 0.030189 0.028302
174 0.190566 0.423585 0.030189 0.028302
175 0.219811 0.423585 0.024528 0.028302
176 0.266038 0.423585 0.041509 0.028302
177 0.308491 0.422642 0.032075 0.026415
178 0.342453 0.423585 0.032075 0.028302
179 0.393396 0.421698 0.035849 0.024528
180 0.040566 0.467925 0.054717 0.022642
