100 0.023585 0.031132 0.016981 0.024528
101 0.047170 0.031132 0.022642 0.024528
102 0.073585 0.031132 0.026415 0.024528
103 0.100000 0.033962 0.022642 0.030189
104 0.137736 0.033962 0.022642 0.030189
105 0.170755 0.031132 0.032075 0.024528
106 0.221698 0.034906 0.035849 0.032075
107 0.255660 0.033962 0.024528 0.030189
108 0.283962 0.033962 0.024528 0.030189
109 0.310377 0.033962 0.024528 0.030189
110 0.033962 0.082075 0.037736 0.024528
111 0.074528 0.082075 0.032075 0.024528
112 0.123585 0.082075 0.035849 0.024528
113 0.157547 0.082075 0.024528 0.024528
114 0.196226 0.082075 0.022642 0.024528
115 0.225472 0.082075 0.024528 0.024528
116 0.267925 0.082075 0.030189 0.024528
117 0.298113 0.082075 0.022642 0.024528
118 0.326415 0.082075 0.030189 0.024528
119 0.369811 0.082075 0.026415 0.024528
120 0.030189 0.128302 0.026415 0.030189
121 0.070755 0.125472 0.024528 0.024528
122 0.111321 0.127358 0.022642 0.028302
123 0.143396 0.125472 0.030189 0.024528
124 0.174528 0.127358 0.028302 0.028302
125 0.216038 0.125472 0.024528 0.024528
126 0.242453 0.125472 0.024528 0.024528
127 0.267925 0.125472 0.022642 0.024528
128 0.293396 0.125472 0.024528 0.024528
129 0.323585 0.128302 0.024528 0.030189
130 0.016981 0.174528 0.022642 0.024528
131 0.053774 0.178302 0.024528 0.032075
132 0.083019 0.174528 0.022642 0.024528
133 0.121698 0.175472 0.024528 0.026415
134 0.164151 0.173585 0.033962 0.022642
135 0.194340 0.175472 0.022642 0.026415
136 0.226415 0.174528 0.030189 0.024528
137 0.270755 0.179245 0.032075 0.033962
138 0.303774 0.174528 0.022642 0.024528
139 0.328302 0.175472 0.022642 0.026415
140 0.016981 0.227358 0.022642 0.024528
141 0.041509 0.225472 0.015094 0.020755
142 0.072642 0.218868 0.020755 0.007547
143 0.098113 0.227358 0.018868 0.024528
144 0.136792 0.232075 0.028302 0.033962
145 0.166981 0.220755 0.020755 0.011321
146 0.189623 0.219811 0.020755 0.009434
147 0.228302 0.219811 0.022642 0.009434
148 0.267925 0.219811 0.022642 0.009434
149 0.288679 0.220755 0.007547 0.011321
150 0.009434 0.273585 0.011321 0.011321
151 0.023585 0.270755 0.005660 0.005660
152 0.053774 0.285849 0.020755 0.035849
153 0.081132 0.280189 0.007547 0.024528
154 0.108491 0.280189 0.016981 0.024528
155 0.136792 0.284906 0.028302 0.033962
156 0.166038 0.285849 0.026415 0.035849
157 0.197170 0.284906 0.032075 0.033962
158 0.236792 0.283962 0.016981 0.032075
159 0.270755 0.280189 0.016981 0.024528
160 0.023585 0.330189 0.013208 0.015094
161 0.033019 0.327358 0.001887 0.009434
162 0.047170 0.328302 0.018868 0.011321
163 0.071698 0.328302 0.022642 0.011321
164 0.095283 0.328302 0.013208 0.011321
165 0.125472 0.326415 0.016981 0.007547
166 0.150943 0.326415 0.007547 0.007547
167 0.166038 0.329245 0.011321 0.013208
168 0.192453 0.331132 0.015094 0.016981
169 0.224528 0.334906 0.018868 0.024528
170 0.009434 0.377358 0.007547 0.022642
171 0.039623 0.378302 0.018868 0.024528
172 0.075472 0.378302 0.018868 0.024528
173 0.112264 0.378302 0.020755 0.024528
174 0.133019 0.378302 0.016981 0.024528
175 0.151887 0.378302 0.016981 0.024528
176 0.185849 0.378302 0.016981 0.024528
177 0.203774 0.378302 0.015094 0.024528
178 0.221698 0.378302 0.016981 0.024528
179 0.250000 0.378302 0.028302 0.024528
180 0.020755 0.417925 0.037736 0.016981
