100 0.008491 0.030189 0.013208 0.022642
101 0.027358 0.030189 0.016981 0.022642
102 0.047170 0.030189 0.018868 0.022642
103 0.071698 0.030189 0.018868 0.022642
104 0.104717 0.030189 0.020755 0.022642
105 0.146226 0.030189 0.028302 0.022642
106 0.186792 0.034906 0.026415 0.032075
107 0.217925 0.035849 0.024528 0.033962
108 0.257547 0.035849 0.024528 0.033962
109 0.287736 0.035849 0.024528 0.033962
110 0.018868 0.083019 0.026415 0.022642
111 0.050000 0.083019 0.028302 0.022642
112 0.079245 0.083019 0.026415 0.022642
113 0.118868 0.083019 0.018868 0.022642
114 0.141509 0.082075 0.018868 0.020755
115 0.162264 0.083019 0.018868 0.022642
116 0.183962 0.083019 0.020755 0.022642
117 0.219811 0.083019 0.016981 0.022642
118 0.241509 0.083019 0.018868 0.022642
119 0.278302 0.083019 0.020755 0.022642
120 0.028302 0.128302 0.022642 0.030189
121 0.063208 0.124528 0.020755 0.022642
122 0.090566 0.128302 0.022642 0.030189
123 0.126415 0.124528 0.022642 0.022642
124 0.155660 0.128302 0.024528 0.030189
125 0.196226 0.124528 0.022642 0.022642
126 0.235849 0.124528 0.022642 0.022642
127 0.273585 0.124528 0.018868 0.022642
128 0.296226 0.124528 0.015094 0.022642
129 0.314151 0.129245 0.016981 0.032075
130 0.025472 0.175472 0.016981 0.022642
131 0.047170 0.180189 0.022642 0.032075
132 0.083019 0.175472 0.015094 0.022642
133 0.104717 0.175472 0.020755 0.022642
134 0.132075 0.175472 0.022642 0.022642
135 0.154717 0.175472 0.018868 0.022642
136 0.191509 0.175472 0.020755 0.022642
137 0.216038 0.177358 0.024528 0.026415
138 0.250000 0.175472 0.016981 0.022642
139 0.283019 0.175472 0.018868 0.022642
140 0.025472 0.226415 0.016981 0.022642
141 0.057547 0.226415 0.016981 0.022642
142 0.087736 0.218868 0.016981 0.007547
143 0.103774 0.226415 0.011321 0.022642
144 0.120755 0.232075 0.018868 0.033962
145 0.151887 0.218868 0.016981 0.007547
146 0.186792 0.219811 0.018868 0.009434
147 0.220755 0.220755 0.018868 0.011321
148 0.245283 0.220755 0.018868 0.011321
149 0.263208 0.220755 0.009434 0.011321
150 0.023585 0.273585 0.013208 0.011321
151 0.036792 0.269811 0.001887 0.003774
152 0.065094 0.282075 0.020755 0.028302
153 0.096226 0.279245 0.007547 0.022642
154 0.110377 0.279245 0.016981 0.022642
155 0.129245 0.286792 0.013208 0.037736
156 0.154717 0.286792 0.011321 0.037736
157 0.181132 0.285849 0.011321 0.035849
158 0.195283 0.283962 0.013208 0.032075
159 0.213208 0.283019 0.015094 0.030189
160 0.010377 0.327358 0.013208 0.005660
161 0.032075 0.328302 0.003774 0.007547
162 0.057547 0.329245 0.013208 0.009434
163 0.075472 0.328302 0.015094 0.007547
164 0.092453 0.328302 0.007547 0.007547
165 0.118868 0.330189 0.011321 0.011321
166 0.141509 0.328302 0.007547 0.007547
167 0.152830 0.329245 0.007547 0.009434
168 0.167925 0.333962 0.018868 0.018868
169 0.200000 0.333019 0.018868 0.016981
170 0.027358 0.371698 0.020755 0.018868
171 0.066981 0.375472 0.024528 0.026415
172 0.106604 0.370755 0.024528 0.016981
173 0.148113 0.374528 0.028302 0.024528
174 0.180189 0.374528 0.028302 0.024528
175 0.205660 0.374528 0.018868 0.024528
176 0.233019 0.374528 0.028302 0.024528
177 0.263208 0.374528 0.028302 0.024528
178 0.306604 0.375472 0.028302 0.026415
179 0.346226 0.373585 0.020755 0.022642
180 0.020755 0.414151 0.037736 0.013208
