100 0.013208 0.030189 0.015094 0.022642
101 0.033019 0.030189 0.016981 0.022642
102 0.063208 0.030189 0.016981 0.022642
103 0.084906 0.030189 0.018868 0.022642
104 0.105660 0.030189 0.018868 0.022642
105 0.135849 0.030189 0.030189 0.022642
106 0.170755 0.034906 0.028302 0.032075
107 0.198113 0.034906 0.022642 0.032075
108 0.238679 0.034906 0.024528 0.032075
109 0.278302 0.035849 0.020755 0.033962
110 0.028302 0.082075 0.022642 0.020755
111 0.059434 0.083019 0.032075 0.022642
112 0.106604 0.083019 0.028302 0.022642
113 0.146226 0.083019 0.020755 0.022642
114 0.172642 0.083019 0.020755 0.022642
115 0.208491 0.083019 0.016981 0.022642
116 0.229245 0.083019 0.020755 0.022642
117 0.251887 0.083019 0.016981 0.022642
118 0.285849 0.083019 0.020755 0.022642
119 0.323585 0.083019 0.020755 0.022642
120 0.016981 0.128302 0.022642 0.030189
121 0.055660 0.124528 0.020755 0.022642
122 0.081132 0.128302 0.022642 0.030189
123 0.109434 0.124528 0.022642 0.022642
124 0.146226 0.129245 0.024528 0.032075
125 0.184906 0.124528 0.022642 0.022642
126 0.214151 0.124528 0.024528 0.022642
127 0.242453 0.124528 0.020755 0.022642
128 0.263208 0.124528 0.016981 0.022642
129 0.282075 0.128302 0.016981 0.030189
130 0.013208 0.175472 0.018868 0.022642
131 0.050943 0.180189 0.022642 0.032075
132 0.075472 0.175472 0.015094 0.022642
133 0.100000 0.175472 0.022642 0.022642
134 0.136792 0.175472 0.020755 0.022642
135 0.163208 0.175472 0.020755 0.022642
136 0.186792 0.175472 0.022642 0.022642
137 0.212264 0.175472 0.024528 0.022642
138 0.234906 0.175472 0.016981 0.022642
139 0.257547 0.175472 0.020755 0.022642
140 0.025472 0.225472 0.016981 0.020755
141 0.044340 0.225472 0.016981 0.020755
142 0.076415 0.219811 0.016981 0.009434
143 0.094340 0.226415 0.015094 0.022642
144 0.115094 0.230189 0.022642 0.030189
145 0.149057 0.217925 0.015094 0.005660
146 0.170755 0.219811 0.016981 0.009434
147 0.193396 0.219811 0.016981 0.009434
148 0.212264 0.219811 0.016981 0.009434
149 0.227358 0.219811 0.005660 0.009434
150 0.022642 0.269811 0.011321 0.011321
151 0.045283 0.266038 0.003774 0.003774
152 0.060377 0.279245 0.022642 0.030189
153 0.092453 0.274528 0.007547 0.020755
154 0.106604 0.274528 0.016981 0.020755
155 0.126415 0.283019 0.015094 0.037736
156 0.153774 0.283019 0.013208 0.037736
157 0.169811 0.283019 0.011321 0.037736
158 0.196226 0.280189 0.015094 0.032075
159 0.226415 0.279245 0.015094 0.030189
160 0.010377 0.327358 0.016981 0.013208
161 0.034906 0.323585 0.001887 0.005660
162 0.047170 0.324528 0.011321 0.007547
163 0.064151 0.324528 0.015094 0.007547
164 0.088679 0.323585 0.007547 0.005660
165 0.101887 0.324528 0.007547 0.007547
166 0.111321 0.322642 0.007547 0.003774
167 0.135849 0.327358 0.011321 0.013208
168 0.156604 0.330189 0.018868 0.018868
169 0.192453 0.329245 0.018868 0.016981
170 0.022642 0.367925 0.018868 0.018868
171 0.054717 0.368868 0.018868 0.020755
172 0.087736 0.366981 0.020755 0.016981
173 0.115094 0.367925 0.022642 0.018868
174 0.143396 0.369811 0.022642 0.022642
175 0.166981 0.368868 0.016981 0.020755
176 0.203774 0.368868 0.026415 0.020755
177 0.230189 0.367925 0.022642 0.018868
178 0.267925 0.367925 0.022642 0.018868
179 0.296226 0.369811 0.022642 0.022642
180 0.031132 0.409434 0.028302 0.018868
