100 0.023585 0.030189 0.013208 0.022642
101 0.053774 0.030189 0.013208 0.022642
102 0.076415 0.030189 0.020755 0.022642
103 0.097170 0.031132 0.016981 0.024528
104 0.127358 0.031132 0.016981 0.024528
105 0.168868 0.030189 0.032075 0.022642
106 0.216038 0.033962 0.032075 0.030189
107 0.259434 0.034906 0.020755 0.032075
108 0.293396 0.034906 0.020755 0.032075
109 0.327358 0.034906 0.020755 0.032075
110 0.016038 0.081132 0.024528 0.022642
111 0.050943 0.081132 0.033962 0.022642
112 0.099057 0.081132 0.032075 0.022642
113 0.143396 0.081132 0.022642 0.022642
114 0.181132 0.081132 0.022642 0.022642
115 0.205660 0.081132 0.018868 0.022642
116 0.227358 0.081132 0.020755 0.022642
117 0.263208 0.081132 0.016981 0.022642
118 0.287736 0.081132 0.020755 0.022642
119 0.315094 0.081132 0.022642 0.022642
120 0.027358 0.127358 0.024528 0.032075
121 0.064151 0.122642 0.022642 0.022642
122 0.093396 0.127358 0.024528 0.032075
123 0.121698 0.121698 0.020755 0.020755
124 0.156604 0.125472 0.022642 0.028302
125 0.183962 0.122642 0.020755 0.022642
126 0.211321 0.121698 0.022642 0.020755
127 0.238679 0.122642 0.020755 0.022642
128 0.269811 0.122642 0.015094 0.022642
129 0.301887 0.127358 0.018868 0.032075
130 0.023585 0.173585 0.020755 0.022642
131 0.050000 0.177358 0.020755 0.030189
132 0.072642 0.173585 0.013208 0.022642
133 0.096226 0.174528 0.026415 0.024528
134 0.135849 0.173585 0.022642 0.022642
135 0.160377 0.173585 0.022642 0.022642
136 0.197170 0.173585 0.020755 0.022642
137 0.233019 0.174528 0.024528 0.024528
138 0.261321 0.173585 0.020755 0.022642
139 0.299057 0.173585 0.024528 0.022642
140 0.008491 0.222642 0.013208 0.022642
141 0.035849 0.220755 0.015094 0.018868
142 0.054717 0.214151 0.011321 0.005660
143 0.069811 0.222642 0.007547 0.022642
144 0.086792 0.227358 0.022642 0.032075
145 0.111321 0.212264 0.015094 0.001887
146 0.131132 0.214151 0.016981 0.005660
147 0.151887 0.214151 0.016981 0.005660
148 0.172642 0.215094 0.016981 0.007547
149 0.185849 0.212264 0.001887 0.001887
150 0.018868 0.266981 0.011321 0.009434
151 0.032075 0.264151 0.003774 0.003774
152 0.050000 0.278302 0.020755 0.032075
153 0.069811 0.272642 0.007547 0.020755
154 0.085849 0.272642 0.016981 0.020755
155 0.104717 0.282075 0.013208 0.039623
156 0.123585 0.281132 0.013208 0.037736
157 0.141509 0.282075 0.011321 0.039623
158 0.156604 0.276415 0.007547 0.028302
159 0.182075 0.278302 0.016981 0.032075
160 0.011321 0.325472 0.011321 0.009434
161 0.021698 0.321698 0.001887 0.001887
162 0.029245 0.323585 0.009434 0.005660
163 0.045283 0.324528 0.015094 0.007547
164 0.071698 0.324528 0.003774 0.007547
165 0.095283 0.326415 0.009434 0.011321
166 0.116981 0.323585 0.007547 0.005660
167 0.132075 0.327358 0.011321 0.013208
168 0.152830 0.330189 0.018868 0.018868
169 0.187736 0.330189 0.020755 0.018868
170 0.025472 0.367925 0.020755 0.018868
171 0.066038 0.370755 0.026415 0.024528
172 0.092453 0.367925 0.022642 0.018868
173 0.122642 0.370755 0.026415 0.024528
174 0.161321 0.369811 0.024528 0.022642
175 0.188679 0.370755 0.018868 0.024528
176 0.227358 0.370755 0.032075 0.024528
177 0.269811 0.370755 0.026415 0.024528
178 0.301887 0.370755 0.033962 0.024528
179 0.345283 0.369811 0.018868 0.022642
180 0.019811 0.412264 0.032075 0.020755
